1 2 1 1 14.0635 54 3970 2.98646
1 3 1 1 28.4555 54 859 1.47599
1 5 1 1 5.1756 54 194 8.115
1 6 1 1 10.9899 54 5686 3.8217
1 7 1 1 53.2134 54 751 0.789276
1 10 1 1 61.0393 54 9560 0.688081
1 11 1 1 6.18312 54 828 6.79268
1 14 1 1 35.6565 54 5977 1.1779
1 15 1 1 4.91329 54 266 8.54824
1 18 1 1 41.5612 54 2823 1.01056
1 19 1 1 39.2279 54 666 1.07067
1 22 1 1 20.4536 54 3124 2.05343
1 23 1 1 7.12699 54 50 5.89309
1 26 1 1 58.5684 54 1955 0.71711
1 27 1 1 11.1111 54 145 3.78002
1 30 1 1 26.5209 54 2521 1.58365
1 31 1 1 16.762 54 311 2.50567
1 34 1 1 18.5532 54 2694 2.26377
1 35 1 1 20.8326 54 170 2.01607
1 38 1 1 67.7772 54 1064 0.619678
1 39 1 1 13.422 54 60 3.1292
1 42 1 1 28.9921 54 2576 1.44867
1 43 1 1 6.59127 54 5 6.37207
1 44 3 3 3.23779 54 1 12.9718
1 46 1 1 10.8264 54 3633 3.87941
1 47 1 1 5.30594 54 5 7.91566
1 50 1 1 60.6535 54 6266 0.692458
1 51 1 1 19.2361 54 68 2.18339
1 53 1 1 10.0979 54 276 4.15929
1 54 1 1 116.997 54 2185 0.358984
1 58 1 1 21.356 54 7160 1.96666
1 62 1 1 19.0349 54 2846 2.20648
1 66 1 1 26.083 54 1159 1.61025
1 70 1 1 26.9087 54 194 1.56083
1 71 1 1 6.54976 54 15 6.41245
1 74 1 1 11.0464 54 1758 3.80216
1 76 1 1 35.0929 54 139 1.19682
1 78 1 1 17.9628 54 5394 2.33817
1 78 3 3 2.37882 54 1 17.6558
1 79 1 1 12.226 54 284 3.43531
1 82 1 1 46.0756 54 4172 0.911546
1 83 1 1 33.8549 54 734 1.24059
1 83 2 2 51.8818 54 100 0.809533
1 84 1 1 0.974602 54 3 43.0945
1 85 3 3 0.0928024 54 2 452.574
1 86 1 1 26.5055 54 1680 1.58458
1 86 2 2 24.0964 54 158 1.743
1 86 3 3 0.353568 54 1 118.789
1 87 1 1 8.74729 54 40 4.80149
1 90 1 1 12.4368 54 2030 3.37708
1 90 2 2 9.74729 54 100 4.30889
1 91 1 1 35.8545 54 569 1.1714
1 94 1 1 26.6935 54 2326 1.57342
1 94 3 3 3.8176 54 1 11.0017
1 95 1 1 17.9376 54 20 2.34146
1 98 1 1 38.8764 54 5174 1.08035
1 99 1 1 100.588 54 3563 0.417545
1 102 1 1 49.2289 54 17275 0.853157
1 103 1 1 81.9129 54 3730 0.51274
1 106 1 1 52.8791 54 5314 0.794264
1 107 1 1 45.1768 54 32 0.929681
1 110 1 1 66.9023 54 4552 0.627781
1 111 1 1 59.6589 54 692 0.704002
1 113 1 1 8.30895 54 4 5.05479
1 114 1 1 35.3505 54 21772 1.1881
1 114 2 2 68.796 54 418 0.610501
1 114 3 3 2.52817 54 7 16.6128
1 115 1 1 51.1727 54 3886 0.820751
1 118 1 1 45.036 54 26023 0.932588
1 118 2 2 33.752 54 207 1.24437
1 119 1 1 126.726 54 1429 0.331424
1 120 3 3 0.70913 54 3 59.2275
1 122 1 1 43.6678 54 4936 0.961808
1 123 1 1 80.4298 54 4866 0.522194
1 124 1 1 99.516 54 1139 0.422043
1 124 3 3 0.103795 54 5 404.645
1 125 3 3 38.4171 54 115 1.09326
1 126 1 1 54.8868 54 6555 0.765211
1 126 2 2 26.8055 54 614 1.56684
1 127 1 1 17.0887 54 1194 2.45776
1 128 1 1 14.7628 54 1407 2.84499
1 129 1 1 9.11039 54 100 4.61012
1 129 3 3 0.205244 54 2 204.634
1 130 1 1 43.4018 54 8511 0.967702
1 130 2 2 86.5393 54 606 0.485329
1 131 1 1 13.3485 54 3350 3.14642
1 132 1 1 4.74326 54 1359 8.85468
1 133 1 1 15.4775 54 65 2.71361
1 134 1 1 67.844 54 8222 0.619067
1 134 2 2 55.7818 54 1170 0.752934
1 135 1 1 263.338 54 5277 0.159491
1 136 1 1 70.3149 54 1455 0.597313
1 137 1 1 2.30985 54 30 18.183
1 138 1 1 253.607 54 4376 0.165611
1 138 2 2 82.6725 54 1146 0.508029
1 139 1 1 22.378 54 2091 1.87684
1 140 1 1 3.56907 54 137 11.7678
1 141 1 1 11.2817 54 84 3.72284
1 142 1 1 74.7629 54 2700 0.561776
1 142 2 2 62.5017 54 508 0.671982
1 143 1 1 71.5774 54 3778 0.586778
1 144 1 1 3.81562 54 85 11.0074
1 146 1 1 33.2106 54 3632 1.26466
1 146 2 2 27.3025 54 300 1.53832
1 147 1 1 126.533 54 2217 0.331929
1 147 2 2 31.302 54 224 1.34177
1 148 1 1 14.6427 54 1017 2.86832
1 149 1 1 25.7843 54 41 1.6289
1 150 1 1 69.1298 54 7919 0.607553
1 150 2 2 46.7729 54 3414 0.897955
1 151 1 1 134.044 54 6313 0.313329
1 152 1 1 25.7816 54 3476 1.62907
1 153 1 1 21.2478 54 173 1.97667
1 154 1 1 27.411 54 17818 1.53223
1 155 1 1 152.978 54 14497 0.27455
1 156 1 1 15.7888 54 3079 2.66012
1 157 1 1 28.7071 54 912 1.46305
1 158 1 1 26.4558 54 12114 1.58755
1 159 1 1 36.3455 54 9998 1.15558
1 160 1 1 14.0141 54 4899 2.99699
1 161 1 1 7.08192 54 67 5.93059
1 162 1 1 23.9088 54 14243 1.75668
1 163 1 1 56.0002 54 16847 0.749997
1 164 1 1 18.4431 54 3786 2.27728
1 165 1 1 21.6093 54 659 1.94361
1 166 1 1 33.8287 54 21464 1.24155
1 167 1 1 45.1669 54 12396 0.929884
1 167 3 3 6.97302 54 3 6.02322
1 168 1 1 27.0251 54 8206 1.55411
1 169 1 1 13.789 54 16 3.04592
1 170 1 1 51.2058 54 14156 0.82022
1 171 1 1 102.357 54 10871 0.41033
1 172 1 1 21.5853 54 3499 1.94577
1 173 3 3 2.27026 54 1 18.5001
1 174 1 1 65.1398 54 2813 0.644767
1 175 1 1 6.84918 54 25 6.13212
1 176 1 1 20.0867 54 45 2.09094
1 176 3 3 5.44056 54 2 7.71979
1 178 1 1 25.6119 54 6216 1.63986
1 179 1 1 49.2586 54 6464 0.852643
1 180 1 1 55.3875 54 874 0.758293
1 182 1 1 69.0574 54 13509 0.60819
1 183 1 1 16.7589 54 3065 2.50614
1 184 1 1 50.051 54 760 0.839145
1 185 1 1 16.112 54 89 2.60675
1 186 1 1 37.1237 54 7777 1.13135
1 187 1 1 21.4935 54 3087 1.95408
1 188 1 1 101.321 54 2704 0.414524
2 2 1 4 20.121 54 2480 2.08737
2 3 1 4 64.9145 54 5296 0.647005
2 4 1 4 17.1408 54 499 2.4503
2 6 1 4 12.4201 54 4563 3.38162
2 7 1 4 46.8905 54 5642 0.895705
2 8 1 4 43.0121 54 1425 0.97647
2 10 1 4 25.6156 54 5149 1.63963
2 11 1 4 45.2829 54 4944 0.927502
2 12 1 4 18.3222 54 1010 2.2923
2 12 3 6 0.912233 54 1 46.0409
2 14 1 4 28.0451 54 3782 1.49759
2 15 1 4 28.8859 54 2376 1.454
2 16 1 4 35.834 54 450 1.17207
2 16 3 6 14.6253 54 13 2.87173
2 17 2 6 14.7069 54 12 2.85581
2 18 1 4 27.9682 54 192 1.5017
2 19 1 4 36.081 54 4612 1.16405
2 20 1 4 9.47289 54 326 4.4337
2 20 3 6 1.00292 54 2 41.8775
2 22 1 4 19.9453 54 1749 2.10576
2 23 1 4 32.4495 54 3446 1.29432
2 24 1 4 60.5344 54 1207 0.69382
2 24 3 6 8.32329 54 7 5.04608
2 25 3 6 2.8841 54 1 14.5626
2 26 1 4 36.5107 54 3571 1.15035
2 27 1 4 46.7415 54 5790 0.898559
2 27 3 6 2.23826 54 6 18.7646
2 28 1 4 20.0354 54 1494 2.09629
2 29 2 6 16.3151 54 5 2.57431
2 30 1 4 39.6174 54 1000 1.06014
2 31 1 4 47.861 54 2944 0.877541
2 32 1 4 12.4357 54 580 3.37737
2 34 1 4 15.6714 54 2396 2.68004
2 35 1 4 41.0959 54 4728 1.022
2 36 1 4 20.8902 54 948 2.01052
2 38 1 4 66.9436 54 2378 0.627394
2 39 1 4 63.776 54 4288 0.658555
2 40 1 4 30.9817 54 1850 1.35564
2 42 1 4 30.5312 54 2909 1.37564
2 43 1 4 36.5494 54 12716 1.14913
2 44 1 4 22.9445 54 1285 1.8305
2 46 1 4 27.9625 54 8558 1.50201
2 47 1 4 31.9857 54 13450 1.31309
2 48 1 4 36.076 54 2416 1.16421
2 50 1 4 45.9298 54 7592 0.914439
2 51 1 4 47.8588 54 20669 0.877582
2 52 1 4 19.4686 54 2348 2.15732
2 52 3 6 8.98305 54 11 4.67547
2 54 1 4 41.6356 54 4523 1.00875
2 55 1 4 27.3836 54 11310 1.53377
2 56 1 4 20.7004 54 1729 2.02895
2 56 3 6 32.4686 54 21 1.29356
2 58 1 4 29.5093 54 5222 1.42328
2 59 1 4 50.2429 54 10215 0.835939
2 60 1 4 20.6823 54 2244 2.03072
2 60 3 6 2.38325 54 2 17.623
2 62 1 4 32.9317 54 6600 1.27537
2 63 1 4 26.8911 54 9644 1.56186
2 63 3 6 4.4012 54 4 9.54285
2 64 1 4 25.9982 54 2075 1.6155
2 66 1 4 35.5369 54 2300 1.18187
2 67 1 4 28.2162 54 7980 1.48851
2 67 3 6 1.79058 54 2 23.456
2 68 1 4 22.3108 54 962 1.88249
2 68 3 6 0.000268849 54 22 156221
2 70 1 4 29.1186 54 3297 1.44238
2 71 1 4 63.7019 54 8678 0.659321
2 72 1 4 22.3662 54 3388 1.87784
2 74 1 4 71.5909 54 5464 0.586667
2 75 1 4 51.7335 54 5910 0.811853
2 76 1 4 44.7272 54 1646 0.939026
2 78 1 4 23.1257 54 7811 1.81616
2 79 1 4 34.5822 54 14481 1.2145
2 79 3 6 12.1551 54 7 3.45533
2 80 1 4 16.9571 54 3615 2.47684
2 80 3 6 2.36184 54 7 17.7828
2 82 1 4 32.1898 54 5030 1.30476
2 83 1 4 35.8699 54 20094 1.1709
2 83 2 5 53.9559 54 974 0.778413
2 84 1 4 25.6103 54 5041 1.63997
2 84 3 6 22.8788 54 18 1.83576
2 86 1 4 38.7034 54 9675 1.08518
2 86 2 5 22.3068 54 118 1.88283
2 87 1 4 38.5143 54 15213 1.0905
2 87 2 5 25.5439 54 1107 1.64423
2 88 1 4 18.6036 54 3968 2.25762
2 88 3 6 22.5095 54 27 1.86588
2 90 1 4 48.514 54 8618 0.86573
2 90 2 5 41.1826 54 239 1.01985
2 91 1 4 42.6773 54 13488 0.984131
2 91 2 5 74.5383 54 1047 0.563468
2 92 1 4 80.0228 54 6403 0.52485
2 92 2 5 20.8709 54 120 2.01237
2 94 1 4 72.2637 54 8642 0.581205
2 95 1 4 51.3705 54 30146 0.817591
2 96 1 4 18.4238 54 6166 2.27966
2 96 3 6 9.68675 54 3 4.33582
2 98 1 4 32.9548 54 1864 1.27447
2 99 1 4 53.9707 54 32928 0.778201
2 99 3 6 0.84 54 2 50
2 100 1 4 63.1389 54 4554 0.6652
2 100 3 6 19.1595 54 5 2.19212
2 102 1 4 57.57 54 7520 0.729546
2 103 1 4 49.1156 54 29963 0.855125
2 103 3 6 35.3842 54 25 1.18697
2 104 1 4 19.7855 54 13466 2.12276
2 104 3 6 35.3061 54 60 1.1896
2 106 1 4 82.4282 54 10129 0.509534
2 107 1 4 55.1365 54 28715 0.761745
2 107 3 6 11.7405 54 8 3.57737
2 108 1 4 163.349 54 10069 0.257118
2 108 3 6 0.101759 54 5 412.739
2 110 1 4 43.6061 54 6215 0.963167
2 110 3 6 1.69166 54 1 24.8276
2 111 1 4 120.517 54 25165 0.348499
2 111 3 6 0.0996974 54 2 421.275
2 112 1 4 99.6726 54 4621 0.42138
2 112 3 6 11.5695 54 6 3.63023
2 114 1 4 54.9596 54 17686 0.764198
2 114 2 5 41.4986 54 2112 1.01208
2 115 1 4 66.2716 54 15945 0.633756
2 115 3 6 4.70777 54 2 8.92143
2 116 1 4 18.408 54 7007 2.28162
2 116 3 6 2.93414 54 1 14.3142
2 118 1 4 139.479 54 19854 0.301122
2 118 2 5 151.88 54 2679 0.276533
2 119 1 4 58.7769 54 41459 0.714566
2 119 2 5 58.502 54 5527 0.717925
2 119 3 6 25.5021 54 24 1.64692
2 120 1 4 23.7496 54 17917 1.76845
2 120 2 5 57.2405 54 105 0.733746
2 120 3 6 24.7256 54 41 1.69864
2 122 1 4 86.7322 54 15179 0.484249
2 122 2 5 41.2988 54 2582 1.01698
2 123 1 4 114.196 54 52821 0.367789
2 123 2 5 42.4976 54 6051 0.988291
2 123 3 6 2.06712 54 1 20.3181
2 124 1 4 51.8831 54 11162 0.809512
2 124 3 6 1.19288 54 1 35.209
2 126 1 4 77.6863 54 21947 0.540636
2 126 2 5 64.2318 54 2165 0.653882
2 127 1 4 52.7896 54 44291 0.795611
2 127 2 5 72.6451 54 7199 0.578153
2 128 1 4 22.8512 54 23050 1.83798
2 128 2 5 23.6759 54 421 1.77396
2 130 1 4 97.6333 54 7949 0.430181
2 130 2 5 44.0752 54 742 0.952916
2 131 1 4 94.966 54 35127 0.442264
2 131 2 5 90.8059 54 812 0.462525
2 131 3 6 6.84777 54 11 6.13339
2 132 1 4 55.9118 54 20085 0.751183
2 132 3 6 13.5263 54 7 3.10506
2 134 1 4 99.0796 54 12097 0.423902
2 134 2 5 81.6643 54 3287 0.514301
2 135 1 4 71.2629 54 42867 0.589367
2 135 2 5 54.2034 54 5968 0.774859
2 136 1 4 25.5232 54 28832 1.64556
2 136 2 5 31.1669 54 224 1.34758
2 138 1 4 87.7408 54 1117 0.478682
2 138 2 5 69.9293 54 5721 0.600607
2 139 1 4 89.6617 54 35555 0.468427
2 139 2 5 73.1349 54 7736 0.574281
2 139 3 6 3.47333 54 3 12.0921
2 140 1 4 19.3884 54 13854 2.16624
2 140 3 6 11.2525 54 12 3.73249
2 142 1 4 90.4578 54 3483 0.464305
2 142 2 5 28.0185 54 1783 1.49901
2 143 1 4 114.305 54 30624 0.367438
2 143 2 5 35.0725 54 1533 1.19752
2 144 1 4 45.4384 54 11235 0.924328
2 146 1 4 61.1195 54 3611 0.687179
2 146 2 5 34.7086 54 9855 1.21007
2 147 1 4 67.0057 54 31822 0.626812
2 147 2 5 49.2663 54 5176 0.85251
2 148 1 4 25.5678 54 11552 1.64269
2 150 1 4 100.556 54 1384 0.417678
2 150 2 5 37.4456 54 1940 1.12163
2 151 1 4 32.3794 54 28929 1.29712
2 151 2 5 88.4416 54 2378 0.47489
2 152 1 4 29.4169 54 11518 1.42775
2 154 1 4 35.0912 54 7225 1.19688
2 154 2 5 37.2134 54 101 1.12863
2 155 1 4 72.6237 54 32680 0.578324
2 155 2 5 15.2022 54 399 2.76276
2 156 1 4 32.9199 54 23992 1.27582
2 157 2 6 4.46986 54 2 9.39627
2 158 1 4 44.9719 54 781 0.933917
2 159 1 4 76.1233 54 25078 0.551736
2 159 2 5 77.8124 54 524 0.53976
2 159 3 6 19.7701 54 4 2.12442
2 160 1 4 21.8954 54 19973 1.91821
2 162 1 4 27.8152 54 712 1.50997
2 163 1 4 41.9352 54 29289 1.00155
2 163 3 6 3.51281 54 2 11.9563
2 164 1 4 32.3935 54 16654 1.29656
2 164 3 6 8.41815 54 3 4.98922
2 166 1 4 94.594 54 3589 0.444003
2 167 1 4 61.9907 54 31787 0.677521
2 167 3 6 42.0336 54 25 0.999201
2 168 1 4 36.3426 54 11536 1.15567
2 168 3 6 7.55901 54 2 5.55628
2 169 2 6 2.61021 54 5 16.0907
2 170 1 4 104.057 54 2375 0.403623
2 170 2 5 53.1969 54 951 0.78952
2 171 1 4 143.523 54 25077 0.292636
2 171 2 5 86.5853 54 1933 0.485071
2 171 3 6 19.9239 54 17 2.10802
2 172 1 4 73.2205 54 4010 0.57361
2 172 3 6 69.4341 54 57 0.60489
2 173 2 6 8.00662 54 2 5.24566
2 174 1 4 23.4338 54 9212 1.79228
2 174 2 5 15.087 54 105 2.78385
2 174 3 6 2.03496 54 4 20.6392
2 175 1 4 132.638 54 27674 0.316651
2 175 3 6 25.2367 54 62 1.66424
2 176 1 4 93.7922 54 4015 0.447799
2 176 3 6 0.00256137 54 172 16397.5
2 177 2 6 36.6595 54 18 1.14568
2 178 1 4 40.3165 54 7007 1.04176
2 179 1 4 96.0599 54 30797 0.437227
2 179 3 6 18.1313 54 34 2.31644
2 180 1 4 49.7478 54 11795 0.844259
2 180 3 6 54.0116 54 108 0.777611
2 182 1 4 73.6324 54 3167 0.570401
2 182 3 6 0.30936 54 1 135.764
2 183 1 4 71.5444 54 30403 0.587048
2 183 3 6 8.8044 54 11 4.77034
2 184 1 4 17.5679 54 5468 2.39072
2 184 3 6 2.51182 54 76 16.721
2 186 1 4 66.149 54 6616 0.634931
2 187 1 4 48.5629 54 33982 0.864857
2 187 3 6 17.7051 54 8 2.37219
2 188 1 4 26.8478 54 10140 1.56437
2 188 3 6 23.3526 54 12 1.79852
3 1 1 7 34.0211 54 4462 1.23453
3 2 1 7 102.126 54 12381 0.411257
3 3 1 7 74.462 54 7817 0.564046
3 4 1 7 34.8851 54 2502 1.20395
3 4 2 9 3.48395 54 2 12.0553
3 5 1 7 36.9564 54 1239 1.13647
3 6 1 7 68.4036 54 3891 0.614002
3 7 1 7 70.6413 54 4667 0.594553
3 7 2 9 8.56971 54 9 4.90098
3 8 1 7 35.875 54 1744 1.17073
3 8 3 9 12.6155 54 4 3.32924
3 9 1 7 38.9153 54 1802 1.07927
3 9 2 9 5.47723 54 7 7.66811
3 10 1 7 76.9028 54 4405 0.546144
3 10 3 9 3.91713 54 5 10.7221
3 11 1 7 40.9946 54 2573 1.02453
3 12 1 7 10.1758 54 6734 4.12745
3 12 2 9 10.1217 54 72 4.1495
3 13 1 7 26.285 54 1308 1.59787
3 14 1 7 53.4666 54 3073 0.785537
3 15 1 7 31.3276 54 930 1.34067
3 16 1 7 19.6883 54 1072 2.13325
3 17 1 7 33.644 54 944 1.24837
3 18 1 7 48.0412 54 1000 0.87425
3 19 1 7 13.5215 54 514 3.10617
3 20 1 7 10.3779 54 67 4.04708
3 20 3 9 9.89171 54 4 4.24598
3 21 1 7 26.054 54 66 1.61204
3 22 1 7 30.9226 54 548 1.35823
3 23 1 7 23.7392 54 110 1.76923
3 24 1 7 39.7294 54 150 1.05715
3 25 1 7 2.04768 54 10 20.511
3 26 1 7 16.5681 54 263 2.53498
3 27 1 7 14.9929 54 53 2.80133
3 27 2 9 0.493212 54 1 85.156
3 28 1 7 9.30038 54 255 4.51594
3 28 2 9 1.99532 54 5 21.0493
3 29 1 7 22.2455 54 3576 1.88802
3 30 1 7 55.2781 54 2229 0.759794
3 31 1 7 36.281 54 1069 1.15763
3 32 1 7 29.0944 54 111 1.44358
3 33 1 7 48.5206 54 411 0.865612
3 34 1 7 22.5351 54 100 1.86376
3 35 1 7 8.25277 54 5 5.0892
3 36 1 7 19.5518 54 113 2.14814
3 37 1 7 26.5093 54 272 1.58435
3 38 1 7 32.9721 54 888 1.2738
3 39 1 7 33.0043 54 145 1.27256
3 40 1 7 23.0595 54 160 1.82138
3 41 1 7 39.7314 54 183 1.0571
3 42 1 7 17.6026 54 562 2.38602
3 43 1 7 41.7177 54 35 1.00677
3 44 1 7 30.621 54 331 1.37161
3 45 1 7 37.4887 54 405 1.12034
3 46 1 7 21.2241 54 600 1.97888
3 47 1 7 28.1947 54 70 1.48964
3 48 1 7 22.1164 54 191 1.89904
3 48 3 9 0.38667 54 1 108.62
3 49 1 7 60.7272 54 497 0.691618
3 50 1 7 24.2506 54 132 1.73192
3 50 3 9 0.602262 54 3 69.737
3 51 1 7 11.1064 54 5 3.7816
3 52 1 7 41.8129 54 132 1.00448
3 53 1 7 33.7723 54 205 1.24362
3 54 1 7 46.9296 54 1094 0.894958
3 54 3 9 8.23614 54 2 5.09947
3 55 1 7 31.8363 54 275 1.31925
3 55 3 9 3.49736 54 1 12.009
3 56 1 7 13.8499 54 100 3.03251
3 57 1 7 16.2605 54 188 2.58294
3 58 1 7 85.9978 54 407 0.488385
3 60 1 7 118.431 54 225 0.354636
3 61 1 7 29.8091 54 518 1.40896
3 62 1 7 9.64176 54 128 4.35605
3 63 1 7 22.0964 54 48 1.90076
3 64 1 7 47.1806 54 150 0.890196
3 65 1 7 41.1833 54 223 1.01983
3 66 1 7 35.9199 54 659 1.16927
3 67 1 7 13.7432 54 86 3.05605
3 68 1 7 30.0879 54 154 1.39591
3 69 1 7 18.7858 54 738 2.23573
3 70 1 7 61.1745 54 1502 0.686561
3 71 1 7 11.8279 54 25 3.55094
3 71 3 9 3.02841 54 2 13.8687
3 72 1 7 53.3999 54 364 0.786518
3 72 3 9 10.6111 54 6 3.95812
3 73 1 7 76.5708 54 293 0.548512
3 74 1 7 82.4962 54 422 0.509114
3 74 3 9 13.6398 54 4 3.07921
3 75 1 7 38.0294 54 435 1.10441
3 76 1 7 12.0811 54 160 3.47649
3 77 1 7 14.8282 54 139 2.83244
3 78 1 7 32.463 54 192 1.29378
3 78 2 8 20.1602 54 72 2.08331
3 78 3 9 2.20798 54 2 19.022
3 79 1 7 23.4879 54 15 1.78815
3 79 3 9 2.8769 54 1 14.599
3 80 1 7 49.7297 54 298 0.844566
3 80 3 9 4.39068 54 1 9.56571
3 81 1 7 12.4884 54 92 3.36313
3 81 3 9 23.202 54 4 1.81019
3 82 1 7 54.5952 54 898 0.769298
3 82 3 9 20.6204 54 11 2.03682
3 83 1 7 9.14433 54 5 4.59301
3 83 3 9 0.873319 54 3 48.0924
3 84 1 7 62.5002 54 175 0.671998
3 84 3 9 2.70971 54 1 15.4998
3 85 1 7 83.3363 54 428 0.503982
3 86 1 7 79.7059 54 720 0.526937
3 86 3 9 28.9451 54 10 1.45102
3 87 1 7 8.20775 54 7 5.11711
3 87 3 9 3.80527 54 1 11.0373
3 88 1 7 46.7043 54 90 0.899275
3 88 3 9 15.5207 54 7 2.70607
3 89 1 7 30.3336 54 659 1.3846
3 90 1 7 33.1575 54 1182 1.26668
3 91 1 7 31.008 54 25 1.35449
3 92 1 7 90.7828 54 304 0.462643
3 92 3 9 11.6448 54 5 3.60677
3 93 1 7 13.7436 54 829 3.05597
3 93 3 9 3.10845 54 1 13.5115
3 94 1 7 36.7182 54 948 1.14385
3 94 2 8 16.6085 54 240 2.52882
3 95 1 7 14.4274 54 15 2.91113
3 95 3 9 0.609492 54 1 68.9099
3 96 1 7 27.577 54 212 1.52301
3 96 3 9 2.16239 54 1 19.4229
3 97 1 7 33.7889 54 584 1.24301
3 98 1 7 16.1655 54 280 2.59813
3 98 2 8 17.6632 54 145 2.37783
3 98 3 9 12.6543 54 4 3.31903
3 99 2 8 75.6034 54 1868 0.55553
3 99 3 9 13.7849 54 10 3.04681
3 100 1 7 48.3844 54 97 0.868048
3 100 2 8 23.4762 54 3345 1.78905
3 100 3 9 6.32778 54 10 6.6374
3 101 1 7 57.0827 54 413 0.735774
3 102 1 7 16.6511 54 103 2.52236
3 103 1 7 9.37298 54 57 4.48097
3 103 3 9 9.65435 54 2 4.35037
3 104 1 7 20.8186 54 41 2.01742
3 104 3 9 6.77786 54 10 6.19665
3 105 1 7 15.4951 54 30 2.71053
3 106 1 7 14.734 54 181 2.85054
3 108 1 7 13.3156 54 60 3.15419
3 109 1 7 44.6672 54 56 0.940288
3 110 1 7 5.22113 54 9 8.04424
3 112 1 7 14.2503 54 99 2.9473
3 113 1 7 9.68211 54 99 4.3379
3 114 1 7 52.3677 54 202 0.802021
3 116 1 7 30.1672 54 48 1.39224
3 116 3 9 4.07897 54 1 10.2967
3 118 1 7 92.5279 54 5977 0.453917
3 119 1 7 11.4153 54 15 3.67928
3 120 1 7 9.13158 54 6 4.59943
3 121 1 7 27.5766 54 4625 1.52303
3 121 3 9 0.0591612 54 1 709.924
3 122 1 7 48.0727 54 4949 0.873676
3 124 1 7 21.772 54 627 1.92908
3 124 3 9 3.21972e-07 54 4 1.30446e+08
3 125 1 7 35.7646 54 1285 1.17434
3 125 3 9 0.0384904 54 3 1091.18
3 126 1 7 63.8521 54 1296 0.65777
3 126 2 8 81.2471 54 780 0.516942
3 128 1 7 57.5411 54 378 0.729913
3 128 3 9 6.02877 54 3 6.96659
3 129 1 7 33.1715 54 3022 1.26615
3 130 1 7 12.2652 54 393 3.42432
3 131 2 8 3.71266 54 282 11.3126
3 132 1 7 21.687 54 414 1.93665
3 133 1 7 112.086 54 3098 0.374711
3 134 1 7 16.5825 54 525 2.53278
3 135 1 7 7.87065 54 361 5.33628
3 136 1 7 10.7809 54 313 3.89577
3 137 1 7 32.0581 54 1603 1.31012
3 137 3 9 13.3926 54 20 3.13606
3 138 1 7 131.077 54 1447 0.320421
3 138 3 9 10.6364 54 4 3.94869
3 139 1 7 27.0513 54 76 1.5526
3 140 1 7 17.5931 54 175 2.3873
3 140 2 8 3.54585 54 139 11.8448
3 140 3 9 14.2153 54 7 2.95457
3 141 1 7 81.5601 54 640 0.514958
3 142 1 7 67.2236 54 272 0.62478
3 143 1 7 12.3643 54 282 3.39687
3 144 1 7 17.3479 54 547 2.42104
3 145 1 7 90.1194 54 2342 0.466048
3 146 1 7 105.856 54 630 0.396764
3 147 1 7 16.3201 54 50 2.57351
3 148 1 7 23.9491 54 948 1.75372
3 149 1 7 56.0771 54 7373 0.748969
3 150 1 7 63.143 54 5092 0.665157
3 151 1 7 60.8649 54 1842 0.690053
3 152 1 7 30.8748 54 166 1.36033
3 153 1 7 47.8715 54 7284 0.877348
3 154 1 7 35.0951 54 2667 1.19675
3 155 1 7 26.8076 54 682 1.56672
3 156 1 7 5.41665 54 243 7.75388
3 157 1 7 60.6757 54 14501 0.692204
3 157 3 9 8.50101 54 7 4.94059
3 158 1 7 15.4031 54 6628 2.72672
3 158 2 8 9.38948 54 8 4.47309
3 159 1 7 12.6991 54 1061 3.30732
3 160 3 9 10.9501 54 53 3.83557
3 161 1 7 34.0544 54 10178 1.23332
3 162 1 7 34.4238 54 2135 1.22009
3 162 2 8 14.2534 54 17 2.94667
3 163 1 7 14.5539 54 966 2.88583
3 164 1 7 23.8716 54 1132 1.75941
3 164 2 8 1.6515 54 28 25.4314
3 165 1 7 8.10888 54 10834 5.17951
3 166 1 7 96.1134 54 2765 0.436984
3 166 2 8 21.6723 54 35 1.93795
3 166 3 9 16.6069 54 4 2.52907
3 168 1 7 25.7623 54 502 1.63029
3 169 1 7 13.3584 54 4864 3.14409
3 169 2 8 24.1483 54 58 1.73925
3 169 3 9 21.1783 54 10 1.98316
3 170 1 7 55.7112 54 5051 0.753887
3 170 2 8 12.5668 54 245 3.34214
3 171 3 9 39.1665 54 28 1.07234
3 172 1 7 34.9261 54 620 1.20254
3 172 3 9 22.1524 54 15 1.89596
3 173 1 7 11.4336 54 9440 3.67339
3 173 3 9 18.5698 54 123 2.26173
3 174 1 7 48.699 54 3587 0.86244
3 174 2 8 11.1122 54 199 3.77964
3 174 3 9 11.338 54 144 3.70435
3 175 3 9 5.76485 54 7 7.28553
3 176 1 7 9.13395 54 610 4.59823
3 176 3 9 1.57108 54 1 26.7331
3 177 1 7 21.6115 54 5029 1.94341
3 177 3 9 38.697 54 63 1.08536
3 178 1 7 47.27 54 711 0.888514
3 178 2 8 24.128 54 169 1.74072
3 179 2 8 2.27149 54 104 18.4901
3 179 3 9 13.5172 54 9 3.10714
3 180 1 7 19.2738 54 473 2.17912
3 180 3 9 57.6498 54 37 0.728537
3 181 1 7 27.4957 54 2341 1.52751
3 181 2 8 39.644 54 38 1.05943
3 181 3 9 24.1385 54 54 1.73996
3 182 1 7 17.1848 54 1273 2.44402
3 182 2 8 17.1533 54 97 2.44851
3 182 3 9 17.8901 54 9 2.34767
3 183 2 8 7.11447 54 40 5.90346
3 183 3 9 1.66455 54 7 25.2321
3 184 1 7 25.9231 54 914 1.62018
3 184 2 8 25.7679 54 20 1.62994
3 185 3 9 14.8168 54 8 2.83462
3 186 2 8 14.5453 54 30 2.88753
3 187 3 9 4.4045 54 2 9.5357
3 188 3 9 19.3607 54 6 2.16934
4 1 1 22 24.7487 54 579 1.69706
4 1 2 23 96.0577 54 195 0.437237
4 2 1 22 22.8333 54 540 1.83942
4 2 2 23 40.6294 54 145 1.03373
4 3 1 22 15.767 54 514 2.6638
4 3 2 23 66.9586 54 56 0.627254
4 4 2 23 41.7618 54 83 1.0057
4 5 2 23 174.088 54 267 0.241258
4 6 2 23 49.0234 54 283 0.856734
4 7 1 22 44.6182 54 3002 0.94132
4 7 2 23 11.7417 54 90 3.57698
4 8 1 22 2.38038 54 234 17.6442
4 8 2 23 147.723 54 936 0.284317
4 9 2 23 60.0125 54 433 0.699854
4 10 1 22 4.98165 54 68 8.43094
4 10 2 23 73.4734 54 253 0.571636
4 11 1 22 35.2075 54 618 1.19293
4 11 2 23 2.86659e-05 54 73 1.46516e+06
4 12 2 23 15.9349 54 370 2.63572
4 13 2 23 98.5942 54 410 0.425988
4 14 1 22 18.1325 54 81 2.31629
4 14 2 23 21.8058 54 271 1.92609
4 15 1 22 53.6702 54 728 0.782557
4 15 2 23 34.7417 54 165 1.20892
4 16 2 23 93.5405 54 463 0.449003
4 17 1 22 14.8059 54 40 2.83671
4 17 2 23 108.975 54 637 0.385409
4 18 2 23 110.522 54 920 0.380015
4 19 1 22 41.9062 54 172 1.00224
4 19 2 23 48.625 54 54 0.863753
4 20 2 23 50.9712 54 20 0.823995
4 21 2 23 66.06 54 44 0.635786
4 22 1 22 26.3525 54 20 1.59378
4 22 2 23 101.994 54 365 0.411789
4 23 1 22 19.6271 54 29 2.1399
4 23 2 23 18.9448 54 29 2.21697
4 24 2 23 38.7081 54 65 1.08504
4 25 2 23 83.9283 54 416 0.500427
4 26 1 22 44.2908 54 1785 0.948279
4 26 2 23 127.422 54 870 0.329614
4 27 1 22 21.2822 54 29 1.97348
4 27 2 23 39.0299 54 227 1.0761
4 28 1 22 5.97914 54 15 7.02442
4 28 2 23 42.6302 54 31 0.985217
4 29 1 22 14.6165 54 338 2.87347
4 29 2 23 12.7504 54 105 3.29401
4 30 1 22 39.4262 54 1011 1.06528
4 30 2 23 96.056 54 520 0.437245
4 31 2 23 45.4843 54 44 0.923395
4 32 1 22 6.78244 54 230 6.19247
4 32 2 23 65.9531 54 130 0.636816
4 33 2 23 148.299 54 325 0.283211
4 34 2 23 157.926 54 236 0.265948
4 35 2 23 34.8777 54 30 1.20421
4 36 2 23 25.2936 54 90 1.6605
4 37 1 22 16.2701 54 5 2.58142
4 37 2 23 27.6134 54 355 1.521
4 38 2 23 126.256 54 440 0.332659
4 39 1 22 46.5932 54 70 0.901419
4 39 2 23 37.7668 54 145 1.11209
4 40 2 23 26.2098 54 113 1.60245
4 41 1 22 31.4341 54 45 1.33613
4 41 2 23 68.7439 54 320 0.610963
4 42 1 22 6.91945 54 6 6.06985
4 42 2 23 47.1897 54 165 0.890025
4 43 1 22 44.6272 54 54 0.941129
4 43 2 23 20.996 54 5 2.00038
4 44 2 23 21.638 54 27 1.94103
4 45 1 22 34.8582 54 221 1.20488
4 45 2 23 108.57 54 90 0.386847
4 46 1 22 4.78303 54 94 8.78105
4 46 2 23 46.4123 54 227 0.904933
4 47 1 22 7.22712 54 16 5.81144
4 47 2 23 40.2442 54 114 1.04363
4 48 2 23 59.5967 54 87 0.704737
4 49 1 22 41.8175 54 343 1.00436
4 49 2 23 46.7549 54 113 0.898301
4 50 1 22 37.898 54 148 1.10824
4 50 2 23 12.9527 54 222 3.24256
4 51 2 23 62.2836 54 81 0.674335
4 52 1 22 5.78471 54 25 7.26052
4 52 2 23 34.208 54 52 1.22778
4 53 1 22 9.81409 54 96 4.27956
4 53 2 23 51.3479 54 67 0.81795
4 54 1 22 41.2391 54 1023 1.01845
4 54 2 23 0.00181268 54 288 23170.1
4 55 1 22 19.7462 54 631 2.12699
4 55 2 23 40.5591 54 76 1.03553
4 56 1 22 74.0661 54 203 0.567061
4 56 2 23 91.9339 54 50 0.45685
4 57 1 22 7.97897 54 35 5.26384
4 57 2 23 54.7834 54 448 0.766655
4 58 2 23 96.355 54 358 0.435888
4 59 1 22 8.98421 54 13 4.67487
4 59 2 23 90.1381 54 132 0.465952
4 60 1 22 5.66813 54 11 7.40985
4 60 2 23 16.0891 54 15 2.61046
4 61 1 22 79.3757 54 108 0.529129
4 61 2 23 58.2766 54 18 0.720701
4 62 1 22 5.38202 54 25 7.80376
4 62 2 23 52.9543 54 95 0.793137
4 63 1 22 28.5296 54 70 1.47216
4 63 2 23 25.0065 54 21 1.67956
4 64 2 23 10.7471 54 34 3.90801
4 65 1 22 8.35866 54 115 5.02473
4 65 2 23 105.375 54 44 0.398575
4 66 1 22 25.4213 54 57 1.65216
4 66 2 23 55.7931 54 580 0.752782
4 67 2 23 54.2491 54 52 0.774206
4 68 1 22 2.17783 54 9 19.2852
4 68 2 23 46.9908 54 85 0.893791
4 69 1 22 13.1525 54 47 3.1933
4 69 2 23 60.8311 54 252 0.690437
4 70 1 22 26.4197 54 102 1.58972
4 70 2 23 40.6971 54 388 1.03201
4 71 2 23 26.4428 54 31 1.58833
4 72 1 22 8.94896 54 79 4.69328
4 72 2 23 30.2164 54 69 1.38998
4 73 1 22 1.05729 54 24 39.724
4 73 2 23 49.9944 54 27 0.840094
4 74 1 22 43.9679 54 248 0.955243
4 74 2 23 19.2157 54 33 2.18572
4 75 1 22 4.31295 54 75 9.73812
4 75 2 23 4.98097 54 11 8.43209
4 76 1 22 14.3914 54 23 2.91842
4 76 2 23 70.2316 54 111 0.598021
4 77 1 22 15.5339 54 104 2.70377
4 77 2 23 232.514 54 765 0.180634
4 78 1 22 69.6711 54 83 0.602832
4 78 2 23 40.2335 54 346 1.04391
4 79 2 23 45.615 54 36 0.920751
4 80 1 22 55.6027 54 70 0.755359
4 80 2 23 44.0968 54 43 0.95245
4 81 2 23 0.000430564 54 159 97546.5
4 82 1 22 25.6051 54 1034 1.6403
4 82 2 23 70.0831 54 161 0.599289
4 83 2 23 0.675106 54 31 62.2125
4 84 1 22 14.8368 54 25 2.8308
4 84 2 23 84.4743 54 123 0.497193
4 85 1 22 5.88661 54 20 7.13484
4 85 2 23 57.1217 54 2165 0.735273
4 86 1 22 10.5006 54 68 3.99976
4 86 2 23 55.3534 54 272 0.758762
4 87 2 23 0.409989 54 17 102.442
4 88 1 22 16.8121 54 171 2.4982
4 88 2 23 91.5124 54 72 0.458954
4 89 1 22 40.0047 54 110 1.04988
4 89 2 23 185.695 54 437 0.226178
4 90 1 22 24.385 54 120 1.72237
4 90 2 23 50.0661 54 175 0.838891
4 91 2 23 31.4992 54 18 1.33337
4 92 1 22 15.1363 54 45 2.77479
4 92 2 23 92.206 54 810 0.455502
4 93 1 22 4.60798 54 6 9.11462
4 93 2 23 75.097 54 3510 0.559276
4 94 1 22 83.8861 54 215 0.500679
4 94 2 23 18.7344 54 125 2.24186
4 95 2 23 14.8795 54 12 2.82268
4 96 1 22 36.8286 54 218 1.14042
4 96 2 23 2.0304e-05 54 32 2.06856e+06
4 97 1 22 22.4888 54 25 1.8676
4 97 2 23 51.9067 54 178 0.809144
4 98 1 22 14.0713 54 145 2.9848
4 98 2 23 27.6274 54 176 1.52023
4 99 2 23 23.209 54 8 1.80964
4 100 1 22 22.5089 54 229 1.86593
4 100 2 23 45.924 54 44 0.914555
4 101 1 22 3.03031 54 47 13.86
4 101 2 23 98.0459 54 295 0.428371
4 102 1 22 27.53 54 45 1.52561
4 102 2 23 70.9654 54 233 0.591838
4 103 2 23 24.7266 54 19 1.69858
4 104 1 22 57.7464 54 275 0.727319
4 104 2 23 67.2085 54 40 0.624921
4 105 1 22 25.3406 54 1018 1.65742
4 105 2 23 88.5472 54 103 0.474323
4 106 1 22 7.55087 54 14 5.56227
4 106 2 23 42.0037 54 204 0.999912
4 107 2 23 14.8446 54 4 2.82931
4 108 1 22 17.2087 54 491 2.44063
4 108 2 23 52.5713 54 29 0.798914
4 109 1 22 68.0474 54 6476 0.617217
4 109 2 23 95.1613 54 378 0.441356
4 110 1 22 6.4633 54 105 6.49823
4 110 2 23 26.7149 54 400 1.57216
4 111 1 23 4.67211 54 1 8.98952
4 112 1 22 23.34 54 277 1.79949
4 112 2 23 17.5475 54 18 2.3935
4 113 1 22 23.6589 54 3674 1.77523
4 113 2 23 46.2276 54 190 0.908548
4 114 2 23 49.9372 54 73 0.841057
4 115 2 23 12.849 54 5 3.26873
4 116 1 22 17.715 54 358 2.37087
4 116 2 23 5.66422e-05 54 56 741497
4 117 2 23 214.075 54 1052 0.196193
4 118 1 22 23.0988 54 3470 1.81827
4 118 2 23 64.7312 54 560 0.648837
4 119 2 23 3.83981 54 2 10.938
4 120 1 22 21.2881 54 1194 1.97294
4 120 2 23 90.1008 54 58 0.466144
4 121 1 22 21.1656 54 1283 1.98435
4 121 2 23 239.555 54 146 0.175325
4 122 1 22 12.7282 54 3907 3.29977
4 122 2 23 28.4772 54 33 1.47486
4 123 2 23 0.46081 54 17 91.1439
4 124 1 22 29.6878 54 415 1.41472
4 124 2 23 63.9311 54 113 0.656957
4 125 1 22 76.3872 54 1400 0.54983
4 125 2 23 119.285 54 3577 0.352097
4 126 1 22 34.1046 54 2466 1.23151
4 126 2 23 36.0168 54 67 1.16612
4 127 1 23 2.94034 54 14 14.2841
4 128 1 22 10.7447 54 234 3.9089
4 128 2 23 40.9678 54 36 1.0252
4 129 1 22 16.2073 54 176 2.59143
4 129 2 23 1.13944 54 27 36.8601
4 130 1 22 13.2623 54 104 3.16688
4 130 2 23 77.2384 54 257 0.543771
4 131 2 23 10.5279 54 9 3.9894
4 132 1 22 5.75567 54 250 7.29715
4 132 2 23 57.2642 54 44 0.733443
4 133 2 23 81.7998 54 436 0.513448
4 134 1 22 20.1001 54 149 2.08954
4 134 2 23 2.12666 54 18 19.7493
4 136 1 22 30.5009 54 275 1.37701
4 137 2 23 86.5828 54 98 0.485085
4 138 2 23 11.9195 54 89 3.52363
4 139 2 23 2.15239e-07 54 7 1.95132e+08
4 140 1 22 11.4464 54 183 3.66929
4 140 2 23 94.0079 54 22 0.446771
4 141 1 22 34.5615 54 720 1.21523
4 142 1 22 59.5215 54 329 0.705627
4 144 1 22 86.8053 54 399 0.483841
4 145 1 22 52.7163 54 541 0.796717
4 146 1 22 9.34718 54 84 4.49334
4 148 1 22 6.24352 54 150 6.72698
4 152 1 22 10.6816 54 17 3.932
4 153 1 22 27.0862 54 400 1.5506
4 156 1 22 29.4935 54 330 1.42404
4 157 2 23 103.965 54 187 0.403983
4 158 1 22 13.2145 54 208 3.17832
4 158 2 23 89.658 54 22 0.468447
4 159 1 22 24.1923 54 189 1.73609
4 159 2 23 6.27914 54 5 6.68882
4 160 1 22 18.6422 54 629 2.25295
4 160 2 23 31.3192 54 10 1.34103
4 161 2 23 12.6429 54 118 3.32203
4 162 2 23 12.7533 54 70 3.29326
4 163 1 22 24.6361 54 175 1.70481
4 163 2 23 16.5408 54 3 2.53917
4 164 2 23 80.9836 54 586 0.518624
4 165 2 23 54.583 54 266 0.769471
4 166 2 23 27.3142 54 161 1.53766
4 167 2 23 6.06728 54 7 6.92237
4 168 2 23 2.94625 54 24 14.2554
4 169 2 23 83.6836 54 96 0.50189
4 170 2 23 93.0082 54 36 0.451573
4 171 2 23 18.7321 54 41 2.24214
4 172 2 23 22.2855 54 16 1.88463
4 173 1 22 6.479 54 1394 6.48248
4 173 2 23 114.347 54 251 0.367303
4 174 2 23 86.0892 54 89 0.487866
4 175 2 23 7.61194 54 2 5.51765
4 176 1 22 8.46779 54 50 4.95997
4 176 2 23 42.0348 54 59 0.999173
4 177 1 22 8.98296 54 523 4.67552
4 177 2 23 17.4804 54 70 2.4027
4 178 1 22 30.1887 54 1018 1.39125
4 178 2 23 8.70618e-05 54 134 482416
4 179 2 23 41.8877 54 48 1.00268
4 180 1 22 34.2838 54 200 1.22507
4 180 2 23 1.22747 54 60 34.2167
4 181 1 22 22.1655 54 827 1.89484
4 181 2 23 49.3627 54 76 0.850845
4 182 2 23 74.0252 54 45 0.567374
4 183 2 23 222.744 54 1136 0.188557
4 184 1 22 31.623 54 291 1.32815
4 184 2 23 0.000256788 54 190 163559
4 185 2 23 109.327 54 267 0.384169
4 186 2 23 0.000193445 54 79 217116
4 187 2 23 7.2068 54 20 5.82783
5 2 5 17 8.40406 54 7 4.99758
5 3 5 17 10.9477 54 3 3.83643
5 5 7 17 12.6538 54 5 3.31916
5 6 5 17 18.8752 54 11 2.22514
5 7 5 17 23.4356 54 34 1.79214
5 8 7 17 14.1469 54 23 2.96884
5 9 7 17 0.000167795 54 104 250306
5 10 5 17 17.265 54 39 2.43266
5 11 6 17 12.4156 54 11 3.38285
5 12 7 17 21.0516 54 108 1.99509
5 13 7 17 5.68435 54 19 7.3887
5 14 7 17 2.52288 54 117 16.6477
5 15 7 17 4.54154 54 5 9.24797
5 16 7 17 20.5304 54 45 2.04575
5 17 7 17 29.1992 54 80 1.4384
5 20 7 17 8.80903 54 19 4.76784
5 21 7 17 2.41948 54 1 17.3591
5 23 7 17 4.84845 54 4 8.66257
5 27 7 17 4.21163 54 11 9.97239
5 28 7 17 4.36043 54 9 9.63209
5 29 7 17 0.358037 54 1 117.306
5 33 1 10 11.1537 54 126 3.76558
5 33 3 12 27.0378 54 3957 1.55338
5 34 1 10 4.47738 54 7 9.38048
5 34 3 12 17.0643 54 3375 2.46128
5 35 1 10 2.82939 54 25 14.8442
5 35 3 12 18.8311 54 3445 2.23035
5 36 1 10 9.26586 54 175 4.53277
5 36 3 12 26.9581 54 2391 1.55798
5 37 1 10 5.82351 54 154 7.21215
5 37 3 12 20.357 54 2556 2.06317
5 38 1 10 8.05346 54 189 5.21515
5 38 3 12 21.0474 54 3614 1.99549
5 39 1 10 11.9502 54 100 3.51458
5 39 3 12 27.4963 54 2543 1.52748
5 40 1 10 8.36607 54 95 5.02028
5 40 3 12 45.6434 54 1540 0.920177
5 41 1 10 69.5311 54 235 0.604046
5 41 3 12 46.3914 54 1312 0.90534
5 42 1 10 20.4745 54 411 2.05133
5 42 3 12 108.126 54 2347 0.388437
5 43 1 10 25.404 54 1102 1.65329
5 43 3 12 161.131 54 1728 0.260658
5 44 1 10 47.0788 54 947 0.892121
5 44 3 12 61.051 54 3435 0.68795
5 44 6 17 7.94875 54 3 5.28385
5 45 1 10 16.2774 54 724 2.58027
5 45 3 12 43.247 54 2759 0.971166
5 46 1 10 22.1398 54 362 1.89704
5 46 3 12 61.226 54 3902 0.685983
5 47 1 10 24.6491 54 162 1.70391
5 47 3 12 114.572 54 2286 0.366581
5 48 1 10 33.4145 54 617 1.25694
5 48 3 12 30.0446 54 1635 1.39792
5 49 1 10 47.9448 54 1413 0.876007
5 49 3 12 48.5623 54 2152 0.864869
5 50 1 10 56.7505 54 658 0.740082
5 50 3 12 71.5448 54 1459 0.587045
5 51 1 10 26.3493 54 1034 1.59397
5 51 3 12 45.4002 54 1032 0.925106
5 52 1 10 27.8505 54 1493 1.50805
5 52 3 12 53.9599 54 1075 0.778356
5 53 1 10 16.8534 54 1218 2.49208
5 53 3 12 30.3227 54 1263 1.3851
5 53 4 13 31.626 54 1426 1.32802
5 54 1 10 39.8067 54 839 1.0551
5 54 2 11 25.4363 54 2040 1.65118
5 54 3 12 49.8765 54 1046 0.84208
5 54 4 13 28.3736 54 738 1.48025
5 55 1 10 43.1815 54 834 0.972638
5 55 2 11 72.6739 54 3208 0.577925
5 55 3 12 75.9068 54 377 0.55331
5 55 4 13 21.0413 54 2659 1.99608
5 56 1 10 32.0238 54 862 1.31153
5 56 2 11 23.5135 54 4235 1.78621
5 56 3 12 23.6635 54 515 1.77488
5 56 4 13 18.6427 54 2555 2.25289
5 57 1 10 11.4888 54 4 3.65573
5 57 4 13 4.73731 54 3677 8.86579
5 58 1 10 24.8247 54 815 1.69186
5 58 3 12 11.8922 54 1890 3.53171
5 58 4 13 25.1051 54 9215 1.67297
5 59 1 10 74.8533 54 810 0.561098
5 59 3 12 24.2913 54 1561 1.72901
5 59 4 13 34.9111 54 16489 1.20305
5 60 1 10 84.9873 54 1260 0.494191
5 60 3 12 21.8562 54 2826 1.92166
5 60 4 13 31.8575 54 12907 1.31837
5 61 1 10 58.3696 54 877 0.719552
5 61 3 12 19.2707 54 5114 2.17947
5 61 4 13 22.8201 54 13467 1.84048
5 62 1 10 57.7099 54 1116 0.727778
5 62 2 11 204.21 54 3511 0.20567
5 62 3 12 61.2948 54 884 0.685213
5 62 4 13 18.5898 54 19680 2.2593
5 63 1 10 33.726 54 1310 1.24533
5 63 2 11 132.93 54 4056 0.315957
5 63 3 12 34.2815 54 651 1.22515
5 63 4 13 62.1083 54 16499 0.676239
5 64 1 10 51.9494 54 1700 0.808479
5 64 2 11 82.2356 54 3816 0.510727
5 64 3 12 39.3625 54 467 1.067
5 64 4 13 47.5007 54 21384 0.884198
5 66 6 15 8.43842 54 161 4.97723
5 67 5 14 24.7801 54 408 1.69491
5 67 6 15 8.80226 54 96 4.7715
5 70 5 14 7.20836 54 111 5.82657
5 71 6 15 19.8916 54 84 2.11145
5 73 4 13 14.2174 54 258 2.95413
5 74 4 13 8.25451 54 619 5.08813
5 75 4 13 2.79809 54 1291 15.0103
5 76 4 13 0.795664 54 1236 52.7861
5 78 5 14 71.0344 54 773 0.591263
5 78 6 15 117.366 54 1152 0.357855
5 79 4 13 8.85394 54 755 4.74365
5 80 4 13 3.14698 54 345 13.3461
5 82 3 12 5.96145 54 103 7.04526
5 85 1 10 82.1022 54 14963 0.511558
5 85 3 12 93.7399 54 11961 0.448048
5 86 1 10 52.5033 54 16437 0.79995
5 86 3 12 154.036 54 9969 0.272663
5 87 1 10 62.823 54 16367 0.668545
5 87 3 12 54.984 54 10233 0.763859
5 88 1 10 97.8633 54 13579 0.42917
5 88 3 12 286.963 54 7450 0.14636
5 89 1 10 48.01 54 16615 0.874818
5 89 3 12 66.6734 54 9794 0.629937
5 90 1 10 102.856 54 16805 0.408336
5 90 3 12 66.3341 54 8121 0.633159
5 91 1 10 129.555 54 13262 0.324186
5 91 3 12 115.32 54 7580 0.364204
5 92 1 10 46.768 54 10947 0.89805
5 92 3 12 82.9395 54 7253 0.506393
5 94 5 14 10.4863 54 46.9155 4.00522
5 99 5 14 93.8412 54 905.681 0.447565
5 99 6 15 66.0822 54 500.874 0.635573
5 100 5 14 17.6085 54 441.75 2.38522
5 101 1 10 22.2982 54 1341 1.88356
5 101 3 12 55.8064 54 3829 0.752602
5 101 5 14 15.0656 54 61.4007 2.7878
5 101 6 15 37.0427 54 40.0001 1.13383
5 102 1 10 34.9926 54 1792 1.20025
5 102 3 12 119.961 54 4948 0.350113
5 103 1 10 11.6264 54 2598 3.61247
5 103 3 12 94.2182 54 4751 0.445774
5 104 1 10 15.0448 54 759 2.79167
5 104 3 12 41.2673 54 664 1.01775
5 105 1 10 5.0041 54 219 8.39312
5 105 3 12 42.4153 54 1266 0.990209
5 106 1 10 45.1194 54 982 0.930863
5 106 3 12 114.2 54 3552 0.367774
5 107 1 10 28.4311 54 2359 1.47726
5 107 3 12 127.302 54 6106 0.329925
5 108 1 10 19.1529 54 39 2.19288
5 108 3 12 29.414 54 2329 1.42789
5 109 1 10 77.6018 54 532 0.541225
5 109 3 12 57.1274 54 3491 0.735199
5 109 5 14 5.01525 54 87.9746 8.37446
5 109 6 15 14.4222 54 180 2.91217
5 110 1 10 51.8889 54 132 0.809421
5 110 3 12 38.4089 54 3037 1.0935
5 110 6 15 24.0543 54 336.926 1.74605
5 110 7 17 6.31674e-08 54 1 6.649e+08
5 111 1 10 22.5761 54 53 1.86037
5 111 3 12 42.9877 54 137 0.977025
5 112 1 10 0.321263 54 64 130.734
5 112 3 12 2.37596 54 128 17.6771
5 113 1 10 38.5814 54 674 1.08861
5 113 3 12 94.7676 54 2935 0.44319
5 114 1 10 21.5789 54 574 1.94634
5 114 3 12 156.862 54 3780 0.267751
5 114 5 14 17.8044 54 34 2.35896
5 115 1 10 28.5345 54 858 1.4719
5 115 3 12 42.3112 54 4460 0.992646
5 116 1 10 33.8854 54 468 1.23947
5 116 3 12 69.934 54 3401 0.600566
5 117 1 10 36.1923 54 575 1.16047
5 117 3 12 34.9749 54 4648 1.20086
5 118 1 10 43.5912 54 302 0.963498
5 118 3 12 65.1049 54 6853 0.645112
5 119 1 10 16.0948 54 505 2.60953
5 119 3 12 131.293 54 5094 0.319895
5 120 1 10 8.76276 54 438 4.79301
5 120 3 12 101.199 54 2824 0.415026
5 121 1 10 7.53887 54 340 5.57112
5 121 3 12 66.0204 54 3576 0.636167
5 122 1 10 10.5914 54 268 3.96547
5 122 3 12 68.4797 54 5519 0.613321
5 123 1 10 14.6047 54 256 2.87579
5 123 3 12 14.0986 54 2935 2.97901
5 124 1 10 31.6652 54 345 1.32638
5 124 3 12 37.3265 54 273 1.12521
5 125 1 10 29.5835 54 203 1.41971
5 125 3 12 11.7946 54 1210 3.56096
5 126 1 10 55.4694 54 419 0.757175
5 126 3 12 39.0137 54 2806 1.07654
5 126 5 14 26.6298 54 163.608 1.57718
5 126 6 15 96.7865 54 937.36 0.433945
5 127 1 10 57.4672 54 182 0.730852
5 127 3 12 57.8836 54 2378 0.725595
5 127 6 15 76.5393 54 365 0.548738
5 128 1 10 25.9874 54 85 1.61617
5 128 3 12 72.0848 54 5386 0.582647
5 129 1 10 0.564283 54 105 74.4307
5 129 3 12 86.9402 54 2872 0.483091
5 130 1 10 9.5461 54 5 4.3997
5 130 3 12 99.2466 54 905 0.423188
5 131 3 12 54.6471 54 1011 0.768568
5 131 5 14 39.5754 54 868.264 1.06127
5 132 1 10 8.96325 54 4 4.6858
5 132 3 12 21.0679 54 1148 1.99356
5 133 1 10 94.983 54 1890 0.442184
5 133 3 12 42.7064 54 5602 0.98346
5 134 1 10 72.2668 54 896 0.581179
5 134 3 12 79.7882 54 6326 0.526394
5 134 5 14 20.1145 54 320.219 2.08805
5 135 1 10 40.6802 54 1290 1.03244
5 135 3 12 162.62 54 7658 0.25827
5 136 1 10 40.9424 54 1324 1.02583
5 136 3 12 50.5721 54 3929 0.830497
5 136 5 14 40.4125 54 49.5678 1.03928
5 136 8 17 6.27904 54 3 6.68893
5 137 1 10 42.1623 54 1465 0.996151
5 137 3 12 137.788 54 3520 0.304816
5 137 5 14 23.9994 54 68.2079 1.75004
5 137 8 17 2.79081 54 1 15.0494
5 138 1 10 79.0347 54 1128 0.531412
5 138 3 12 58.4382 54 6594 0.718708
5 138 5 14 18.3125 54 539.127 2.29352
5 138 6 15 10.2109 54 73.0001 4.11325
5 139 1 10 34.3264 54 1301 1.22355
5 139 3 12 137.883 54 9029 0.304606
5 140 1 10 117.365 54 1736 0.357858
5 140 3 12 68.2616 54 6788 0.61528
5 141 1 10 74.2728 54 1326 0.565483
5 141 3 12 54.469 54 5030 0.771081
5 142 1 10 22.5224 54 1041 1.86481
5 142 3 12 142.479 54 6059 0.29478
5 142 6 15 22.6878 54 30 1.85121
5 143 1 10 76.2103 54 988 0.551107
5 143 3 12 66.3988 54 6914 0.632541
5 144 1 10 111.073 54 1290 0.378131
5 144 3 12 48.9886 54 4145 0.857342
5 144 8 17 0.243882 54 1 172.214
5 145 1 10 55.1782 54 1322 0.76117
5 145 3 12 65.5787 54 4153 0.640452
5 145 8 17 2.4703 54 1 17.002
5 146 1 10 61.6632 54 890 0.681119
5 146 3 12 71.3964 54 6133 0.588265
5 147 1 10 28.8901 54 999 1.45379
5 147 3 12 72.9566 54 6221 0.575685
5 148 1 10 66.6242 54 1010 0.630401
5 148 3 12 54.404 54 6611 0.772002
5 149 1 10 71.0026 54 2559 0.591527
5 149 3 12 33.8999 54 4645 1.23894
5 150 1 10 155.699 54 1636 0.269751
5 150 3 12 79.1751 54 5894 0.53047
5 151 1 10 62.5984 54 1911 0.670944
5 151 3 12 72.13 54 1709 0.582282
5 152 1 10 59.2371 54 4312 0.709016
5 152 3 12 30.6867 54 3296 1.36867
5 153 1 10 22.5592 54 2421 1.86177
5 153 2 11 53.4623 54 975 0.785601
5 153 3 12 28.8246 54 2524 1.45709
5 153 4 13 27.0615 54 5606 1.55202
5 153 5 15 126.906 54 62.4888 0.330953
5 153 6 16 2.13491 54 3 19.6729
5 154 1 10 80.8609 54 2489 0.519411
5 154 2 11 63.5059 54 293 0.661356
5 154 3 12 21.2945 54 21104 1.97234
5 154 4 13 46.5644 54 1851 0.901976
5 154 5 14 36.1271 54 1053.48 1.16256
5 155 1 10 55.2011 54 3306 0.760854
5 155 3 12 46.1944 54 31032 0.909202
5 155 4 13 108.977 54 8295 0.385404
5 156 1 10 84.1563 54 3691 0.499072
5 156 2 11 92.0344 54 268 0.456351
5 156 3 12 62.4348 54 34152 0.672702
5 156 4 13 236.168 54 8919 0.177839
5 156 5 14 10.3917 54 85.652 4.04169
5 157 1 10 116.609 54 3345 0.360177
5 157 2 11 57.3379 54 2866 0.7325
5 157 3 12 81.8058 54 22897 0.513411
5 157 4 13 56.4709 54 2502 0.743746
5 158 1 10 119.697 54 4866 0.350887
5 158 2 11 145.479 54 1545 0.288701
5 158 3 12 47.3402 54 37681 0.887195
5 158 4 13 68.8394 54 1621 0.610116
5 159 1 10 72.4386 54 3866 0.579801
5 159 2 11 83.0202 54 1582 0.505901
5 159 3 12 44.5079 54 32308 0.943652
5 159 4 13 25.8755 54 919 1.62316
5 159 7 16 88.2311 54 2799 0.476023
5 160 1 10 52.0656 54 7075 0.806674
5 160 2 11 47.7213 54 5331 0.88011
5 160 3 12 79.1387 54 20662 0.530714
5 160 4 13 35.9723 54 4080 1.16756
5 160 6 16 62.393 54 4812 0.673152
5 161 1 10 49.9554 54 5141 0.840749
5 161 2 11 52.5476 54 1917 0.799276
5 161 3 12 52.1369 54 12789 0.805571
5 161 4 13 164.778 54 5219 0.254889
5 161 7 16 55.6778 54 6269 0.75434
5 161 8 17 8.78875 54 31 4.77883
5 162 1 10 102.908 54 6541 0.408131
5 162 2 11 36.6181 54 558 1.14697
5 162 3 12 40.794 54 18112 1.02956
5 162 4 13 29.7951 54 186 1.40963
5 162 5 14 54.4566 54 591.123 0.771257
5 162 7 16 192.361 54 9903 0.21834
5 162 8 17 2.3442 54 1 17.9165
5 163 1 10 43.1752 54 12605 0.972781
5 163 2 11 71.5085 54 957 0.587343
5 163 3 12 58.4121 54 20045 0.71903
5 163 4 13 138.093 54 5901 0.304142
5 163 5 15 33.6698 54 154.059 1.24741
5 163 6 16 100.177 54 10147 0.419257
5 164 1 10 32.6111 54 7879 1.2879
5 164 2 11 189.581 54 2298 0.221541
5 164 3 12 77.1659 54 35381 0.544282
5 164 4 13 137.557 54 1232 0.305329
5 164 5 14 14.9925 54 519.267 2.80141
5 164 7 16 220.123 54 10422 0.190802
5 165 1 10 19.1394 54 15651 2.19442
5 165 2 11 79.1917 54 2755 0.530359
5 165 3 12 46.9309 54 61525 0.894932
5 165 4 13 153.234 54 2961 0.274091
5 165 5 15 38.5 54 39.9999 1.09091
5 165 6 16 181.12 54 9995 0.23189
5 166 1 10 36.1055 54 14364 1.16326
5 166 2 11 99.5267 54 1466 0.421997
5 166 3 12 55.2266 54 76078 0.760503
5 166 4 13 156.159 54 4054 0.268957
5 166 5 14 32.2741 54 1638.07 1.30135
5 166 6 15 63.0977 54 511 0.665635
5 166 7 16 135.836 54 11227 0.309196
5 166 8 17 14.1426 54 6 2.96976
5 167 1 10 31.8706 54 9812 1.31783
5 167 2 11 109.818 54 1039 0.382452
5 167 3 12 107.557 54 32022 0.390491
5 167 4 13 138.822 54 5964 0.302546
5 167 5 15 13.43 54 139.238 3.12732
5 167 6 16 128.609 54 10684 0.326572
5 167 7 17 8.93313 54 13 4.7016
5 168 1 10 20.1933 54 11604 2.0799
5 168 2 11 63.1556 54 1254 0.665024
5 168 3 12 98.2172 54 93684 0.427624
5 168 4 13 60.0872 54 116 0.698984
5 168 5 16 73.7163 54 11233 0.569751
5 168 6 17 3.1116 54 2 13.4979
5 169 1 10 81.3948 54 2634 0.516003
5 169 2 11 18.7798 54 440 2.23644
5 169 3 12 106.827 54 135502 0.393159
5 169 4 13 88.1199 54 7276 0.476623
5 169 5 14 32.0163 54 1000 1.31183
5 169 6 15 1.35839 54 84.169 30.919
5 169 7 16 156.522 54 9564 0.268333
5 170 1 10 109.064 54 8805 0.385095
5 170 2 11 20.2527 54 386 2.07379
5 170 3 12 53.8949 54 240907 0.779294
5 170 4 13 98.2301 54 5821 0.427568
5 170 5 14 74.704 54 2000 0.562219
5 170 6 15 65.116 54 1797.25 0.645003
5 170 7 16 154.46 54 24913 0.271914
5 171 1 10 97.2417 54 13650 0.431914
5 171 2 11 26.7292 54 392 1.57132
5 171 3 12 198.025 54 44365 0.212094
5 171 4 13 114.711 54 4294 0.366138
5 171 6 16 136.049 54 22787 0.308713
5 171 7 17 7.4378 54 2 5.64683
5 172 1 10 48.5364 54 10851 0.865329
5 172 2 11 13.112 54 331 3.20317
5 172 3 12 240.165 54 106916 0.17488
5 172 4 13 114.713 54 5155 0.366132
5 172 6 16 136.998 54 14841 0.306575
5 173 1 10 38.6909 54 6151 1.08553
5 173 2 11 83.0729 54 427 0.50558
5 173 3 12 46.1866 54 131732 0.909355
5 173 4 13 45.9408 54 182 0.914219
5 173 7 17 7.23458 54 6 5.80545
5 174 1 10 159.048 54 6401 0.264071
5 174 2 11 44.6679 54 1373 0.940273
5 174 3 12 44.8494 54 123184 0.936467
5 174 4 13 98.0935 54 283 0.428163
5 174 5 14 21.4707 54 1278 1.95615
5 174 8 17 28.9026 54 9 1.45316
5 175 1 10 87.3143 54 9603 0.481021
5 175 2 11 72.8647 54 3251 0.576411
5 175 3 12 186.277 54 33421 0.225471
5 175 4 13 106.053 54 877 0.396028
5 175 6 17 29.3465 54 27 1.43117
5 176 1 10 170.778 54 1080 0.245934
5 176 2 11 102.192 54 837 0.41099
5 176 3 12 84.8518 54 58244 0.49498
5 176 4 13 14.8614 54 88 2.82611
5 176 5 14 78.0156 54 1000 0.538354
5 176 7 17 7.43704 54 6 5.64741
5 177 1 10 83.7911 54 9584 0.501246
5 177 2 11 42.8053 54 365 0.981186
5 177 3 12 136.065 54 48012 0.308675
5 177 4 13 62.7425 54 2940 0.669403
5 177 6 16 136.384 54 25131 0.307954
5 178 1 10 148.408 54 9259 0.283003
5 178 2 11 23.1587 54 279 1.81357
5 178 3 12 162.54 54 43453 0.258398
5 178 4 13 15.6606 54 53 2.6819
5 178 5 14 55.0258 54 1387.52 0.763278
5 178 7 16 114.641 54 27087 0.366362
5 179 1 10 69.9321 54 9165 0.600582
5 179 2 11 47.9563 54 709 0.875798
5 179 3 12 251.807 54 35704 0.166794
5 179 5 14 8.05733 54 139.708 5.21264
5 179 6 15 79.4323 54 507.621 0.528752
5 179 7 16 139.564 54 23577 0.300938
5 179 8 17 2.27856e-05 54 19 1.84327e+06
5 180 1 10 96.74 54 9522 0.434153
5 180 2 11 150.864 54 532 0.278397
5 180 3 12 299.765 54 64491 0.14011
5 180 4 13 22.0695 54 441 1.90308
5 180 5 14 75.6752 54 1000 0.555004
5 180 7 16 130.015 54 22120 0.323039
5 180 8 17 13.6285 54 17 3.08179
5 181 1 10 213.567 54 8737 0.19666
5 181 2 11 36.8637 54 148 1.13933
5 181 3 12 371.822 54 46894 0.112957
5 181 4 13 116.609 54 3589 0.360179
5 181 5 14 88.8185 54 1276.68 0.472875
5 181 6 15 16.72 54 501.948 2.51195
5 181 7 16 88.293 54 22321 0.475689
5 181 8 17 21.9685 54 41 1.91183
5 182 1 10 173.538 54 8898 0.242022
5 182 2 11 43.0405 54 624 0.975826
5 182 3 12 494.187 54 49205 0.0849881
5 182 4 13 123.853 54 5669 0.339111
5 182 5 14 24.7578 54 611.789 1.69643
5 182 6 15 58.759 54 1000 0.714784
5 182 7 16 102.614 54 23832 0.409303
5 182 8 17 7.31721 54 28 5.7399
5 183 1 10 107.633 54 14967 0.390217
5 183 2 11 163.186 54 577 0.257374
5 183 3 12 59.4303 54 60411 0.70671
5 183 4 13 111.949 54 2636 0.375172
5 183 5 14 20.0692 54 275.066 2.09275
5 183 6 15 40.0141 54 1960 1.04963
5 183 7 16 93.1744 54 22259 0.450767
5 183 8 17 43.8877 54 26 0.956989
5 184 1 10 73.1208 54 13029 0.574392
5 184 2 11 56.418 54 106 0.744444
5 184 3 12 106.335 54 139514 0.394979
5 184 4 13 52.7948 54 2612 0.795534
5 184 5 14 103.193 54 1630.28 0.407005
5 184 6 15 43.1254 54 429.076 0.973905
5 184 7 16 87.0129 54 21839 0.482687
5 185 1 10 119.271 54 10956 0.352139
5 185 2 11 187.114 54 839 0.224462
5 185 3 12 360.122 54 56723 0.116627
5 185 4 13 134.394 54 1054 0.312513
5 185 5 14 91.5892 54 1000 0.458569
5 185 6 15 43.0786 54 219.988 0.974962
5 185 8 17 6.44815 54 4 6.51349
5 186 1 10 188.87 54 9401 0.222375
5 186 2 11 87.2816 54 389 0.481201
5 186 3 12 214.777 54 66287 0.195551
5 186 4 13 74.4187 54 2236 0.564374
5 186 5 14 82.4496 54 1468 0.509402
5 186 6 15 55.0846 54 2529.33 0.762464
5 186 8 17 2.93153 54 2 14.327
5 187 1 10 141.605 54 17021 0.2966
5 187 2 11 204.206 54 467 0.205675
5 187 3 12 168.163 54 52164 0.249758
5 187 4 13 103.641 54 4321 0.405244
5 187 5 15 15.0082 54 105.702 2.79847
5 187 7 17 4.26593 54 1 9.84546
5 188 1 10 207.341 54 16407 0.202565
5 188 2 11 81.425 54 290 0.515812
5 188 3 12 138.611 54 161620 0.303006
5 188 4 13 76.1462 54 2305 0.551571
5 188 5 14 85.1456 54 1080.52 0.493273
5 188 6 15 24.0862 54 388 1.74373
6 1 1 18 29.1448 54 4932 1.44108
6 1 2 21 3.75447 54 9 11.1867
6 2 1 18 25.6799 54 6171 1.63552
6 2 2 21 0.000700124 54 120 59989.4
6 3 1 18 48.4821 54 5603 0.866298
6 3 2 21 40.1115 54 162 1.04708
6 4 1 18 50.0859 54 1828 0.83856
6 4 4 21 40.2887 54 362 1.04248
6 5 4 21 4.72686 54 4 8.88539
6 6 4 21 22.071 54 25 1.90295
6 7 2 21 51.0629 54 513 0.822514
6 8 1 18 35.344 54 1628 1.18832
6 8 4 21 44.4511 54 240 0.944859
6 9 1 18 20.4573 54 1513 2.05306
6 9 4 21 12.4285 54 24 3.37933
6 10 1 18 24.1037 54 2389 1.74247
6 10 2 21 15.0559 54 6 2.78961
6 11 1 18 22.1149 54 3614 1.89917
6 11 3 21 0.000793943 54 321 52900.5
6 12 1 18 18.2759 54 2312 2.2981
6 12 4 21 4.75013 54 262 8.84187
6 13 1 18 38.6404 54 2156 1.08694
6 13 4 21 9.42965 54 11 4.45404
6 14 1 18 20.4592 54 4554 2.05286
6 14 3 21 34.8504 54 92 1.20515
6 15 1 18 25.3606 54 7052 1.65611
6 15 3 21 16.9269 54 65 2.48126
6 16 1 18 60.7901 54 1622 0.690902
6 16 4 21 14.0316 54 263 2.99324
6 17 1 18 61.8984 54 8039 0.678532
6 17 4 21 5.68847 54 34 7.38336
6 18 1 18 42.323 54 11963 0.992368
6 19 1 18 21.5189 54 8039 1.95177
6 19 3 21 70.0034 54 106 0.599971
6 20 1 18 32.6605 54 7923 1.28596
6 20 4 21 57.866 54 149 0.725815
6 21 1 18 27.7865 54 5727 1.51153
6 21 4 21 2.96589 54 2 14.161
6 22 1 18 22.3802 54 18621 1.87666
6 23 1 18 24.0095 54 42920 1.74931
6 23 4 21 35.7124 54 84 1.17606
6 24 1 18 30.9601 54 11949 1.35659
6 24 4 21 60.1009 54 60 0.698824
6 25 1 18 45.3132 54 5651 0.926883
6 26 1 18 33.7335 54 13722 1.24505
6 26 4 21 19.7174 54 32 2.13009
6 27 1 18 105.117 54 19311 0.399553
6 27 3 21 9.72551 54 4 4.31854
6 28 1 18 64.1177 54 13526 0.655045
6 28 3 21 5.15852 54 17 8.14187
6 29 1 18 22.1017 54 2000 1.9003
6 30 1 18 36.9212 54 17499 1.13756
6 31 1 18 17.5014 54 6000 2.39981
6 32 1 18 27.7091 54 6336 1.51574
6 33 1 18 20.8794 54 3998 2.01155
6 34 1 18 63.8447 54 8708 0.657846
6 35 1 18 85.9169 54 6000 0.488845
6 36 1 18 86.7402 54 4002 0.484204
6 51 1 18 47.1416 54 1321 0.890932
6 52 1 18 24.1794 54 1350 1.73702
6 53 1 18 18.7169 54 945 2.24397
6 54 1 18 31.0384 54 2841 1.35316
6 55 1 18 47.2325 54 3193 0.889218
6 56 1 18 43.386 54 2011 0.968054
6 58 1 18 78.8481 54 1994 0.53267
6 59 1 18 74.7438 54 422 0.56192
6 61 1 18 73.4452 54 641 0.571855
6 62 1 18 106.623 54 998 0.393912
6 63 1 18 51.6804 54 182 0.812687
6 67 1 18 39.3741 54 608 1.06669
6 68 1 18 36.8789 54 188 1.13886
6 68 2 19 60.2022 54 687 0.697649
6 68 3 20 76.3332 54 833 0.550219
6 69 1 18 263.005 54 2401 0.159693
6 69 2 19 43.2283 54 2598 0.971586
6 69 3 20 132.055 54 1680 0.31805
6 70 1 18 113.506 54 755 0.370023
6 70 2 19 33.3843 54 3232 1.25808
6 70 3 20 50.2922 54 1204 0.835119
6 71 1 18 24.7677 54 5056 1.69576
6 71 3 20 38.0298 54 1795 1.1044
6 72 1 18 24.4346 54 596 1.71887
6 72 2 19 10.0988 54 408 4.15893
6 72 3 20 11.6427 54 2345 3.60741
6 73 1 18 92.4581 54 6884 0.45426
6 73 2 19 16.0091 54 244 2.62351
6 73 3 20 14.8718 54 187 2.82414
6 74 1 18 109.534 54 8659 0.383443
6 74 2 19 40.1876 54 457 1.0451
6 74 3 20 40.8389 54 1056 1.02843
6 75 1 18 66.1244 54 50 0.635166
6 75 2 19 11.7449 54 50 3.57603
6 76 1 18 57.8994 54 2101 0.725396
6 76 3 20 73.3062 54 635 0.572939
6 77 1 18 94.4378 54 9794 0.444737
6 77 2 19 75.2468 54 1534 0.558163
6 77 3 20 85.9141 54 2658 0.48886
6 78 1 18 8.56947 54 4485 4.90112
6 78 2 19 57.7352 54 1193 0.727459
6 78 3 20 45.8043 54 1484 0.916945
6 79 1 18 22.897 54 2523 1.8343
6 80 1 18 46.8128 54 6925 0.89719
6 80 3 20 16.1041 54 72 2.60804
6 81 1 18 70.0116 54 783 0.5999
6 81 2 19 23.6686 54 271 1.7745
6 81 3 20 46.3569 54 226 0.906013
6 82 1 18 53.6596 54 2446 0.782712
6 83 1 18 15.0326 54 99 2.79392
6 84 1 18 42.9572 54 1173 0.977717
6 85 2 19 28.3398 54 451 1.48201
6 85 3 20 39.9364 54 152 1.05167
6 87 3 20 45.3685 54 99.9998 0.925753
6 88 2 19 32.382 54 472.805 1.29702
6 88 3 20 16.3235 54 249.615 2.57298
6 89 2 19 62.4449 54 535.445 0.672593
6 89 3 20 84.6492 54 166.957 0.496165
6 90 1 18 36.8223 54 38 1.14061
6 90 2 19 113.581 54 679.387 0.369781
6 91 1 18 49.2451 54 927 0.852876
6 91 2 19 2.85039 54 66.3381 14.7348
6 92 1 18 66.4659 54 51 0.631903
6 93 1 18 29.8551 54 254 1.4068
6 93 2 19 21.8524 54 620 1.92198
6 93 3 20 10.0289 54 406 4.18791
6 94 1 18 49.6719 54 850 0.845548
6 94 2 19 44.2478 54 2188.42 0.9492
6 94 3 20 33.2221 54 1074 1.26422
6 95 2 19 43.5179 54 1232 0.965121
6 95 3 20 1.55731 54 1211.82 26.9695
6 96 1 18 22.1048 54 1049 1.90004
6 96 2 19 17.2363 54 485.282 2.43671
6 96 3 20 26.7478 54 1096.2 1.57022
6 96 4 21 12.1849 54 6 3.44689
6 97 2 19 18.1663 54 1787.28 2.31198
6 97 3 20 12.4458 54 524 3.37464
6 98 1 18 42.1112 54 3397 0.997359
6 98 2 19 32.1854 54 737.792 1.30494
6 98 3 20 21.6618 54 825.838 1.9389
6 98 4 21 8.63297 54 21 4.86507
6 99 2 19 41.4099 54 1047.07 1.01425
6 99 3 20 29.0158 54 37.7751 1.44749
6 100 1 18 11.7203 54 121 3.58351
6 100 2 19 27.8093 54 1351.26 1.51028
6 101 2 19 27.3244 54 1761.99 1.53709
6 101 3 20 22.8598 54 1603.07 1.83729
6 101 4 21 15.8526 54 5 2.64941
6 102 2 19 39.7648 54 616.063 1.05621
6 103 2 19 41.5604 54 579.289 1.01058
6 104 2 19 25.0887 54 583.834 1.67406
6 104 3 20 11.7272 54 63.454 3.58143
6 104 4 21 5.492 54 2 7.64749
6 105 2 19 45.5534 54 1073.68 0.921994
6 106 1 18 62.0995 54 1470 0.676334
6 106 2 19 69.4611 54 3198.44 0.604655
6 106 3 20 47.346 54 962.696 0.887087
6 107 1 18 91.8785 54 14620 0.457125
6 107 2 19 64.7091 54 847.895 0.649058
6 108 1 18 41.6255 54 2238 1.009
6 108 2 19 37.6093 54 322.241 1.11674
6 109 2 19 43.0931 54 790.034 0.974634
6 109 3 20 42.7693 54 508.258 0.982014
6 110 1 18 61.2323 54 13270 0.685912
6 110 2 19 33.6746 54 1586.18 1.24723
6 110 3 20 22.922 54 58.55 1.8323
6 111 2 19 32.4987 54 1047.24 1.29236
6 111 3 20 16.4894 54 37.0275 2.54709
6 112 1 18 56.6043 54 3398 0.741993
6 112 2 19 7.14962 54 69.6155 5.87443
6 112 4 21 6.72216 54 2 6.248
6 113 1 18 121.043 54 3384 0.346984
6 113 2 19 29.6077 54 2295.88 1.41855
6 113 3 20 33.4872 54 1323.83 1.25421
6 114 1 18 96.0776 54 3013 0.437146
6 114 2 19 51.1272 54 1826.58 0.821481
6 114 3 20 11.8786 54 1024.6 3.53578
6 114 4 21 26.8787 54 29 1.56258
6 115 1 19 17.1666 54 105.274 2.44662
6 115 2 20 13.9945 54 327.704 3.00117
6 116 1 19 29.8438 54 122.88 1.40733
6 116 3 21 5.80019 54 2 7.24115
6 117 2 19 45.1672 54 944.658 0.929878
6 117 3 20 53.1681 54 380.999 0.789948
6 118 2 19 80.6601 54 995.299 0.520703
6 118 4 21 12.6034 54 7 3.33244
6 119 2 19 79.6606 54 2139.63 0.527237
6 119 4 21 5.83731 54 6 7.19509
6 120 2 19 110.835 54 2379.96 0.378941
6 120 3 20 94.3216 54 2951.55 0.445285
6 120 4 21 8.32015 54 6 5.04798
6 121 1 18 117.572 54 4368 0.357227
6 121 2 19 50.9672 54 3748.78 0.824059
6 121 3 20 27.9168 54 384.839 1.50447
6 121 4 21 5.65469 54 2 7.42746
6 122 1 18 64.6381 54 16024 0.649771
6 122 2 19 75.5354 54 3453.88 0.55603
6 122 3 20 25.3495 54 1141.42 1.65684
6 122 4 21 24.9233 54 9 1.68517
6 123 1 18 48.5295 54 7216 0.865453
6 123 2 19 71.3989 54 3000 0.588244
6 123 3 20 18.2299 54 630.412 2.3039
6 123 4 21 23.8111 54 16 1.76388
6 124 1 18 85.3002 54 9210 0.492379
6 124 2 19 114.656 54 4437.27 0.366313
6 124 3 20 45.6992 54 605.348 0.919053
6 124 4 21 82.8749 54 30 0.506788
6 125 1 18 41.7763 54 12042 1.00535
6 125 2 19 127.887 54 5283.51 0.328414
6 125 3 20 21.5446 54 2420.23 1.94944
6 125 4 21 1.71117 54 15 24.5447
6 126 1 18 94.4928 54 5489 0.444479
6 126 2 19 151.932 54 2788.3 0.27644
6 126 3 20 106.164 54 2152 0.395614
6 126 4 21 23.798 54 13 1.76486
6 127 1 18 82.1728 54 20238 0.511118
6 127 2 19 25.3555 54 2174.77 1.65644
6 127 3 20 57.3228 54 199.336 0.732693
6 127 4 21 77.5378 54 34 0.541671
6 128 2 19 33.4623 54 1651.18 1.25514
6 128 3 20 44.263 54 498.421 0.948874
6 128 4 21 7.43232e-05 54 54 565099
6 129 2 19 44.2821 54 4000 0.948464
6 129 3 20 15.2173 54 675.047 2.76002
6 129 4 21 7.88742 54 3 5.32494
6 130 2 19 52.9342 54 3865.4 0.793438
6 130 3 20 4.99273 54 402.887 8.41223
6 130 4 21 22.4948 54 70 1.8671
6 131 2 19 81.4289 54 2947.03 0.515788
6 131 3 20 28.0207 54 819.233 1.49889
6 131 4 21 36.2859 54 43 1.15748
6 132 2 19 53.7076 54 4134.58 0.782012
6 132 3 20 32.0741 54 2486.48 1.30947
6 132 4 21 2.80503 54 6 14.9731
6 133 1 18 38.1663 54 784 1.10045
6 133 2 19 44.6429 54 3579.6 0.9408
6 133 3 20 47.7196 54 2168.15 0.880141
6 133 4 21 1.8705e-08 54 1 2.24539e+09
6 134 2 19 57.6864 54 4000 0.728074
6 134 3 20 41.8841 54 704.236 1.00277
6 134 4 21 4.03355 54 3 10.4127
6 135 2 19 104.192 54 3675.5 0.403102
6 135 3 20 56.3402 54 2143.76 0.745471
6 135 4 21 39.6471 54 105 1.05934
6 136 2 19 91.2926 54 4516.86 0.460059
6 136 3 20 23.3731 54 2764.69 1.79694
6 136 4 21 28.4761 54 77 1.47492
6 137 2 19 42.5501 54 4954.12 0.987072
6 137 3 20 19.9652 54 2340.49 2.10367
6 137 4 21 1.45657 54 9 28.8348
6 138 2 19 129.697 54 4827.01 0.323833
6 138 3 20 44.428 54 2978.39 0.945349
6 138 4 21 1.84726e-05 54 233 2.27364e+06
6 139 1 18 41.8245 54 3107 1.0042
6 139 2 19 45.5376 54 3000 0.922315
6 139 3 20 34.5795 54 550.041 1.21459
6 139 4 21 13.7491 54 4 3.05475
6 140 2 19 75.3204 54 4128.69 0.557618
6 140 3 20 39.7193 54 2629.92 1.05742
6 140 4 21 63.2453 54 71 0.664081
6 141 2 19 85.504 54 4231.28 0.491205
6 141 3 20 75.5714 54 3839.53 0.555766
6 141 4 21 25.6776 54 45 1.63566
6 142 2 19 54.3562 54 3561.66 0.772681
6 142 3 20 76.9459 54 3205.2 0.545838
6 142 4 21 45.8769 54 22 0.915493
6 143 2 19 63.2748 54 3637.14 0.663772
6 143 3 20 49.3055 54 1043.96 0.851832
6 144 2 19 139.85 54 3262 0.300321
6 144 3 20 76.552 54 2953.01 0.548646
6 144 4 21 3.37519 54 3 12.4437
6 145 2 19 93.2383 54 3488.12 0.450459
6 145 3 20 47.7094 54 2716.3 0.880329
6 146 2 19 90.9955 54 4653.01 0.461561
6 146 3 20 94.3012 54 3565.18 0.445381
6 146 4 21 9.43447e-05 54 89 445176
6 147 2 19 65.4275 54 3225.09 0.641932
6 147 3 20 11.2049 54 1001.38 3.74837
6 147 4 21 14.2554 54 10 2.94625
6 148 2 19 98.433 54 3999.04 0.426686
6 148 3 20 23.84 54 3119.29 1.76174
6 148 4 21 17.4089 54 24 2.41256
6 149 2 19 47.228 54 4967.21 0.889304
6 149 3 20 88.5113 54 2584.74 0.474516
6 149 4 21 15.9035 54 26 2.64093
6 150 1 19 63.4648 54 4732.4 0.661784
6 150 2 20 45.6415 54 3480.33 0.920214
6 151 1 19 35.2205 54 3000 1.19249
6 151 2 20 14.5794 54 1745.17 2.88079
6 151 3 21 13.5107 54 22 3.10865
6 152 1 19 66.8729 54 3761.93 0.628057
6 152 2 20 42.3347 54 2943.72 0.992094
6 152 3 21 19.2943 54 63 2.17681
6 153 1 19 83.1458 54 5208.12 0.505137
6 153 2 20 81.0359 54 5732.16 0.518289
6 153 3 21 7.45096 54 7 5.63686
6 154 1 19 94.4967 54 4114.28 0.44446
6 154 2 20 80.1625 54 4180.52 0.523936
6 155 1 19 75.3535 54 2513.3 0.557373
6 155 2 20 133.955 54 3979.96 0.313539
6 155 3 21 16.8569 54 27 2.49156
6 156 1 19 224.712 54 5959.58 0.186906
6 156 2 20 265.839 54 5935.76 0.157991
6 156 3 21 12.6007 54 29 3.33316
6 157 2 19 291.684 54 5593.17 0.143992
6 157 3 20 240.811 54 5211.89 0.174411
6 157 4 21 33.1898 54 71 1.26545
6 158 2 19 93.5143 54 5050.8 0.449129
6 158 3 20 84.5936 54 3447.67 0.496491
6 158 4 21 11.3429 54 22 3.70275
6 159 2 19 58.9221 54 3988.31 0.712806
6 159 3 20 66.0242 54 3788.58 0.63613
6 159 4 21 6.46661e-05 54 32 649490
6 160 2 19 274.441 54 6950.19 0.153038
6 160 3 20 195.217 54 6812.19 0.215145
6 160 4 21 8.98071 54 127 4.67669
6 161 2 19 83.8816 54 5346.6 0.500706
6 161 3 20 193.023 54 5294.54 0.217591
6 161 4 21 27.4177 54 16 1.53186
6 162 2 19 114.63 54 5000 0.366397
6 162 3 20 86.9684 54 3641.54 0.482934
6 162 4 21 0.00409699 54 249 10251.4
6 163 2 19 378.888 54 4125.7 0.110851
6 163 3 20 143.025 54 3039.44 0.293654
6 163 4 21 19.2313 54 74 2.18394
6 164 2 19 100.398 54 5858.86 0.418335
6 164 3 20 110.291 54 6910.93 0.380809
6 164 4 21 22.3425 54 48 1.87983
6 165 2 19 214.197 54 5897.44 0.196081
6 165 3 20 83.0785 54 6180.41 0.505546
6 165 4 21 27.9903 54 17 1.50052
6 166 2 19 116.364 54 5175.96 0.360938
6 166 3 20 152.742 54 5347.97 0.274974
6 166 4 21 42.5868 54 38 0.986221
6 167 2 19 139.477 54 3098.1 0.301125
6 167 3 20 126.796 54 4184.01 0.33124
6 167 4 21 20.9016 54 17 2.00941
6 168 2 19 152.184 54 6301.58 0.275981
6 168 3 20 115.383 54 6070.58 0.364005
6 168 4 21 18.7516 54 24 2.23981
6 169 2 19 135.453 54 5502.62 0.310071
6 169 3 20 79.171 54 4988.62 0.530497
6 169 4 21 6.56235 54 9 6.40015
6 170 1 19 144.806 54 4090.92 0.290043
6 170 2 20 59.7329 54 3892.31 0.70313
6 170 3 21 69.1698 54 106 0.607202
6 171 2 19 122.436 54 4086.56 0.343036
6 171 3 20 88.25 54 3406.5 0.475921
6 171 4 21 30.0563 54 23 1.39738
6 172 1 19 87.1602 54 5781.62 0.481871
6 172 2 20 68.567 54 5715.14 0.612539
6 172 3 21 0.847718 54 6 49.5448
6 173 2 19 62.6247 54 4789.42 0.670662
6 173 3 20 102.803 54 4321.26 0.408547
6 173 4 21 4.78073 54 11 8.78527
6 174 1 19 73.9783 54 3907.32 0.567734
6 174 2 20 50.1134 54 2761.29 0.8381
6 174 3 21 23.4618 54 42 1.79014
6 175 1 19 42.6063 54 4080.87 0.985769
6 175 2 20 73.1047 54 2345.61 0.574518
6 175 3 21 25.8719 54 21 1.62339
6 176 2 19 38.5486 54 5326.48 1.08953
6 176 3 20 23.6046 54 3275.48 1.77931
6 176 4 21 38.8152 54 200 1.08205
6 177 2 19 50.6815 54 5323.72 0.828705
6 177 3 20 19.533 54 4772.61 2.1502
6 177 4 21 35.0115 54 59 1.19961
6 178 2 19 57.9485 54 4460.91 0.724781
6 178 3 20 92.4123 54 6490 0.454485
6 178 4 21 23.494 54 75 1.78769
6 179 2 19 129.243 54 3658.27 0.324969
6 179 3 20 86.8737 54 3701.89 0.48346
6 179 4 21 41.7334 54 83 1.00639
6 180 2 19 151.246 54 5475.84 0.277694
6 180 3 20 227 54 6069.82 0.185022
6 180 4 21 48.4633 54 162 0.866635
6 181 2 19 166.757 54 5102.25 0.251863
6 181 3 20 223.674 54 5343.1 0.187773
6 181 4 21 0.00011281 54 59 372307
6 182 2 19 123.86 54 5054.68 0.339094
6 182 3 20 117.431 54 4633.23 0.357658
6 182 4 21 56.288 54 226 0.746162
6 183 2 19 96.7068 54 3424.97 0.434303
6 183 3 20 99.087 54 3157.2 0.42387
6 183 4 21 27.6147 54 415 1.52093
6 184 2 19 183.529 54 4458.81 0.228847
6 184 3 20 185.322 54 6044.87 0.226632
6 184 4 21 4.66671 54 14 8.99991
6 185 2 19 217.042 54 5101.91 0.193511
6 185 3 20 76.9535 54 5263.77 0.545784
6 185 4 21 0.336054 54 12 124.98
6 186 2 19 138.229 54 3412.66 0.303844
6 186 3 20 105.487 54 2824.51 0.398152
6 186 4 21 23.1255 54 132 1.81617
6 187 2 19 163.628 54 1629.17 0.256679
6 187 3 20 164.748 54 2705.03 0.254935
6 187 4 21 12.0526 54 18 3.48473
6 188 2 19 90.1223 54 2372.39 0.466033
6 188 3 20 143.61 54 2733.06 0.292458
7 1 1 24 20.1604 54 1345 2.08329
7 1 3 27 57.0187 54 322 0.736601
7 2 1 24 6.59899 54 347 6.36461
7 2 2 27 34.8747 54 23 1.20431
7 3 2 27 1.31159 54 24 32.0223
7 4 1 24 16.1287 54 1968 2.60406
7 4 4 27 19.7265 54 80 2.12911
7 5 1 24 49.6636 54 1620 0.84569
7 5 4 27 7.58104 54 34 5.54014
7 6 1 24 21.313 54 540 1.97063
7 6 4 27 47.8085 54 124 0.878504
7 7 1 24 18.3023 54 1045 2.29479
7 7 2 27 28.8976 54 326 1.45341
7 8 1 24 13.1793 54 2775 3.18681
7 8 4 27 80.5543 54 630 0.521388
7 9 1 24 36.9695 54 1358 1.13607
7 9 4 27 82.4043 54 207 0.509682
7 10 2 27 28.0681 54 66 1.49636
7 11 1 24 12.1561 54 360 3.45506
7 11 4 27 18.4675 54 84 2.27426
7 12 1 24 11.4438 54 30 3.67011
7 12 4 27 15.7025 54 147 2.67473
7 13 1 24 13.9363 54 230 3.01371
7 13 4 27 18.0495 54 52 2.32694
7 14 4 27 13.3643 54 50 3.1427
7 15 1 24 11.8683 54 654 3.53884
7 15 4 27 8.88865 54 23 4.72513
7 16 1 24 17.9406 54 878 2.34106
7 16 4 27 18.4257 54 124 2.27942
7 17 1 24 44.4709 54 1424 0.944438
7 17 4 27 26.6261 54 45 1.5774
7 18 1 24 110.76 54 419 0.379199
7 18 3 27 22.2871 54 40 1.8845
7 19 1 24 48.9064 54 492 0.858783
7 19 4 27 21.4492 54 13 1.95811
7 20 4 27 19.7604 54 76 2.12546
7 21 1 24 27.6539 54 25 1.51877
7 21 4 27 12.1279 54 8 3.46309
7 22 4 27 9.28911 54 31 4.52143
7 23 4 27 16.0033 54 11 2.62445
7 24 1 24 15.0013 54 3282 2.79975
7 24 4 27 3.19203 54 36 13.1578
7 25 1 24 19.9358 54 3138 2.10676
7 25 4 27 35.6576 54 18 1.17787
7 26 1 24 32.5463 54 612 1.29047
7 26 4 27 145.819 54 253 0.288028
7 27 1 24 20.9992 54 2025 2.00008
7 27 4 27 35.7936 54 83 1.17339
7 28 1 24 55.6536 54 4367 0.754668
7 28 4 27 35.046 54 130 1.19843
7 29 1 24 41.6173 54 2511 1.0092
7 29 4 27 4.49363 54 7 9.34657
7 31 1 24 20.1625 54 626 2.08308
7 31 4 27 11.7073 54 26 3.5875
7 32 1 24 17.0324 54 3601 2.46589
7 32 4 27 22.4723 54 27 1.86897
7 33 1 24 86.6625 54 29 0.484639
7 33 4 27 13.2894 54 4 3.16041
7 34 1 24 61.4084 54 1352 0.683946
7 35 1 24 19.1416 54 3995 2.19418
7 35 4 27 20.9298 54 26 2.00671
7 36 1 24 13.7551 54 35 3.05341
7 36 4 27 28.2148 54 83 1.48858
7 37 1 24 3.43059 54 25 12.2428
7 39 4 27 13.582 54 6 3.09233
7 44 1 24 12.373 54 27 3.39448
7 49 1 24 13.4244 54 23 3.12862
7 53 1 24 0.987484 54 55 42.5323
7 53 4 27 1.05657 54 1 39.7513
7 55 1 24 9.82777 54 25 4.27361
7 56 1 24 30.2033 54 695 1.39058
7 57 1 24 141.92 54 492 0.295942
7 60 1 24 22.1636 54 205 1.895
7 61 1 24 95.8673 54 717 0.438106
7 61 4 27 5.65746 54 2 7.42383
7 62 1 24 79.6515 54 289 0.527297
7 64 1 24 49.848 54 190 0.842562
7 65 1 24 22.8809 54 380 1.83559
7 66 1 24 79.3842 54 800 0.529072
7 66 2 25 26.8629 54 271 1.56349
7 66 3 26 56.9316 54 768 0.737727
7 67 1 24 72.0801 54 384 0.582685
7 67 2 25 63.0613 54 1560 0.666019
7 67 3 26 155.547 54 2480 0.270014
7 67 4 27 12.6755 54 15 3.31347
7 68 1 24 72.3325 54 1058 0.580652
7 68 2 25 38.2098 54 996 1.09919
7 68 3 26 152.345 54 2119 0.275689
7 68 4 27 17.5461 54 6 2.39369
7 69 1 24 160.704 54 1836 0.261351
7 69 2 25 23.2277 54 994 1.80819
7 69 3 26 66.5199 54 357 0.63139
7 70 1 24 31.1897 54 175 1.3466
7 70 2 25 16.7965 54 896 2.50053
7 70 3 26 32.6908 54 1414 1.28477
7 71 3 26 21.6461 54 429 1.94031
7 72 2 25 27.863 54 829 1.50737
7 72 3 26 16.1621 54 1567 2.59867
7 73 1 24 31.104 54 202 1.35031
7 73 2 25 28.2837 54 2993 1.48495
7 73 3 26 19.8204 54 563 2.11903
7 74 1 24 52.573 54 2088 0.798889
7 74 2 25 46.9153 54 1702 0.895231
7 74 3 26 38.7952 54 301 1.08261
7 75 1 24 36.5232 54 3096 1.14996
7 75 2 25 32.5014 54 493 1.29225
7 75 3 26 14.1913 54 72 2.95956
7 75 4 27 2.29175 54 1 18.3266
7 76 1 24 9.78807 54 6 4.29094
7 76 2 25 34.0159 54 648 1.23472
7 76 3 26 46.2693 54 1163 0.907728
7 77 1 24 26.3899 54 1297 1.59152
7 77 2 25 80.7432 54 894 0.520168
7 77 3 26 103.367 54 3477 0.406318
7 78 1 24 60.9313 54 2500 0.689301
7 78 2 25 42.0207 54 449 0.999507
7 78 3 26 47.1113 54 1040 0.891505
7 79 1 24 94.1369 54 5257 0.446159
7 79 2 25 17.0943 54 1012 2.45696
7 79 3 26 78.2198 54 897 0.536949
7 79 4 27 3.64318 54 1 11.5284
7 80 1 24 45.682 54 243 0.919399
7 80 2 25 8.40511 54 825 4.99696
7 80 3 26 15.678 54 897 2.67891
7 80 4 27 16.5816 54 4 2.53293
7 81 1 24 83.0522 54 551 0.505706
7 81 2 25 6.32298 54 292 6.64244
7 81 3 26 26.7241 54 769 1.57162
7 82 1 24 25.9469 54 75 1.61869
7 82 4 27 2.2123 54 1 18.9848
7 83 1 24 18.6165 54 1962 2.25606
7 83 2 25 66.0004 54 2307 0.63636
7 83 3 26 30.2973 54 2044 1.38626
7 83 4 27 8.81109 54 3 4.76672
7 84 1 24 78.1674 54 799 0.537309
7 84 2 25 28.1122 54 2077 1.49401
7 84 3 26 26.5857 54 1719 1.57979
7 85 1 24 65.4475 54 311 0.641736
7 85 2 25 25.9509 54 708.479 1.61844
7 85 3 26 80.593 54 745 0.521137
7 86 2 25 22.4329 54 1003.85 1.87225
7 86 3 26 30.2963 54 583.442 1.38631
7 86 4 27 16.3375 54 10 2.57078
7 87 2 25 20.7387 54 255.604 2.0252
7 87 3 26 60.9777 54 438.24 0.688776
7 87 4 27 4.33895 54 2 9.67976
7 88 1 24 4.33155 54 110 9.6963
7 88 2 25 62.4013 54 991.627 0.673063
7 88 3 26 66.5551 54 926.974 0.631056
7 89 1 24 15.4815 54 75 2.71292
7 89 2 25 101.758 54 5108.62 0.412743
7 89 3 26 68.4961 54 497 0.613173
7 89 4 27 1.21115 54 1 34.6777
7 90 2 25 112.052 54 1495 0.374827
7 90 3 26 115.838 54 329.295 0.362574
7 90 4 27 32.2164 54 12 1.30368
7 91 1 24 31.5331 54 442 1.33194
7 91 2 25 11.7703 54 1138.65 3.56831
7 91 3 26 111.43 54 954.628 0.37692
7 91 4 27 59.8839 54 34 0.701357
7 92 1 24 16.5695 54 159 2.53478
7 92 2 25 12.7822 54 2336.89 3.28582
7 92 3 26 22.9376 54 519.123 1.83105
7 92 4 27 8.60735 54 4 4.87955
7 93 1 24 90.9574 54 171 0.461754
7 93 2 25 56.759 54 1130.4 0.73997
7 93 3 26 0.342803 54 2065.77 122.52
7 94 1 24 207.88 54 101 0.20204
7 94 2 25 59.7996 54 2998.07 0.702346
7 94 3 26 105.587 54 2316.56 0.397775
7 94 4 27 33.8382 54 31 1.2412
7 95 2 25 34.48 54 1149.92 1.2181
7 95 3 26 56.5053 54 2433 0.743293
7 95 4 27 30.8355 54 36 1.36206
7 96 1 24 8.20566 54 20 5.11842
7 96 2 25 21.7484 54 864.706 1.93117
7 96 3 26 33.6331 54 4132 1.24877
7 96 4 27 31.9679 54 50 1.31382
7 97 1 24 25.113 54 60 1.67244
7 97 2 25 53.7355 54 5218.62 0.781607
7 97 3 26 58.4179 54 3934.93 0.718957
7 97 4 27 1.6151 54 1 26.0046
7 98 1 24 132.847 54 221 0.316153
7 98 2 25 49.6553 54 1769.31 0.84583
7 98 3 26 43.0445 54 1757 0.975734
7 98 4 27 8.06004 54 5 5.21089
7 99 2 25 73.7876 54 2663.19 0.569202
7 99 3 26 43.1341 54 2340.91 0.973706
7 99 4 27 21 54 33 2
7 100 1 24 3.35326 54 20 12.5251
7 100 2 25 56.7948 54 2601.75 0.739504
7 100 3 26 60.8966 54 1157.84 0.689694
7 100 4 27 52.1823 54 93 0.804871
7 101 1 24 40.7015 54 127 1.0319
7 101 2 25 123.073 54 3089.87 0.341261
7 101 3 26 59.6658 54 856.097 0.703921
7 101 4 27 16.4376 54 72 2.55512
7 102 2 25 59.5472 54 859.005 0.705323
7 102 3 26 19.2662 54 307.323 2.17998
7 102 4 27 23.989 54 33 1.75081
7 103 2 25 47.4156 54 319.048 0.885785
7 103 4 27 28.7421 54 18 1.46127
7 104 1 24 24.2222 54 171 1.73395
7 104 2 25 36.1971 54 1388.94 1.16031
7 104 3 26 30.8324 54 32.9999 1.3622
7 104 4 27 1.1157 54 4 37.6447
7 105 2 25 51.4465 54 3564.06 0.816383
7 105 3 26 84.5181 54 1133.86 0.496935
7 105 4 27 0.0500207 54 5 839.653
7 106 2 25 99.3539 54 4105.76 0.422731
7 106 3 26 60.7552 54 3370.62 0.691298
7 106 4 27 3.48122e-05 54 50 1.20647e+06
7 107 2 25 106.489 54 1510.7 0.394407
7 107 3 26 109.112 54 972.648 0.384926
7 107 4 27 19.3688 54 20 2.16844
7 108 1 24 10.4359 54 25 4.02457
7 108 2 25 101.839 54 2756.1 0.412417
7 108 3 26 76.5702 54 1883.87 0.548516
7 108 4 27 1.50001 54 4 27.9998
7 109 1 24 19.576 54 1485 2.14548
7 109 2 25 61.5655 54 2861.61 0.682201
7 109 3 26 195.185 54 1320.81 0.21518
7 109 4 27 1.61503 54 2 26.0057
7 110 2 25 52.9502 54 3051.41 0.793198
7 110 3 26 2.54217 54 471.208 16.5213
7 110 4 27 14.2366 54 18 2.95013
7 111 2 25 26.6288 54 3757.86 1.57724
7 111 3 26 25.045 54 1777.25 1.67698
7 111 4 27 12.4891 54 5 3.36293
7 112 1 24 44.4306 54 207 0.945293
7 112 2 25 42.8026 54 1158.59 0.981249
7 112 3 26 3.41549 54 2050.63 12.2969
7 112 4 27 22.056 54 11 1.90424
7 113 1 24 18.5778 54 2134 2.26076
7 113 2 25 113.448 54 3655.57 0.370214
7 113 3 26 76.091 54 1898.43 0.551971
7 113 4 27 10.9827 54 6 3.8242
7 114 1 24 21.5832 54 40 1.94596
7 114 2 25 93.0276 54 4208.85 0.451479
7 114 3 26 44.3238 54 1677 0.947572
7 114 4 27 12.0805 54 4 3.47668
7 115 1 25 54.3805 54 1689.01 0.772335
7 115 2 26 66.073 54 637.029 0.635661
7 115 3 27 36.4636 54 53 1.15183
7 116 2 25 65.8539 54 1798.13 0.637775
7 116 3 26 73.9369 54 1261.62 0.568052
7 116 4 27 24.5742 54 12 1.70911
7 117 2 25 103.262 54 2890.21 0.406732
7 117 3 26 145.462 54 2566.56 0.288736
7 117 4 27 25.293 54 19 1.66054
7 118 2 25 105.793 54 3547.26 0.397003
7 118 3 26 134.182 54 3016.77 0.313008
7 119 1 25 44.4278 54 1380.11 0.945355
7 119 2 26 79.8453 54 816.63 0.526017
7 119 3 27 25.3962 54 46 1.65379
7 120 2 25 26.3042 54 1484.91 1.59671
7 120 3 26 83.2253 54 555.694 0.504654
7 120 4 27 44.9271 54 36 0.934848
7 121 1 24 7.19802 54 380 5.83494
7 121 2 25 157.848 54 3420.93 0.266079
7 121 3 26 86.9169 54 1572.81 0.48322
7 121 4 27 60.1671 54 33 0.698056
7 122 1 24 6.98486 54 6 6.013
7 122 2 25 75.0692 54 1507.87 0.559484
7 122 3 26 43.052 54 1271.79 0.975565
7 122 4 27 0.330191 54 26 127.199
7 123 2 25 67.8092 54 2923.99 0.619385
7 123 3 26 45.958 54 568.736 0.913878
7 123 4 27 58.2703 54 53 0.720779
7 124 2 25 268.688 54 1603.97 0.156315
7 124 3 26 242.346 54 2764.12 0.173306
7 124 4 27 10.7648 54 52 3.9016
7 125 1 24 74.6331 54 2518 0.562753
7 125 2 25 180.05 54 3374.75 0.233269
7 125 3 26 222.622 54 3329.01 0.18866
7 125 4 27 5.4591e-05 54 290 769357
7 126 1 24 45.1379 54 3466 0.930482
7 126 2 25 96.5717 54 1882.13 0.43491
7 126 3 26 95.8158 54 2313.82 0.438341
7 126 4 27 116.651 54 73 0.360047
7 127 2 25 30.4042 54 2302.67 1.38139
7 127 3 26 49.3593 54 2274.82 0.850904
7 127 4 27 3.21712 54 6 13.0551
7 128 2 25 43.0896 54 1389.78 0.974713
7 128 3 26 36.2157 54 532.657 1.15972
7 128 4 27 4.61158 54 40 9.1075
7 129 1 24 41.9944 54 97 1.00013
7 129 2 25 34.9296 54 2737.52 1.20242
7 129 3 26 48.5298 54 1751.46 0.865448
7 129 4 27 16.6759 54 44 2.51861
7 130 2 25 52.4418 54 3842.75 0.800888
7 130 3 26 39.6649 54 4056.05 1.05887
7 130 4 27 39.2883 54 80 1.06902
7 131 2 25 142.594 54 4673 0.294543
7 131 3 26 92.5325 54 2021 0.453894
7 131 4 27 0.00259613 54 198 16177.9
7 132 2 25 197.731 54 6544.27 0.21241
7 132 3 26 146.494 54 2697.59 0.286701
7 132 4 27 54.4047 54 37 0.771992
7 133 1 24 74.3423 54 1263 0.564954
7 133 2 25 95.0785 54 3162.58 0.44174
7 133 3 26 154.641 54 4051.43 0.271597
7 133 4 27 31.5963 54 59 1.32927
7 134 2 25 120.865 54 4969.41 0.347495
7 134 3 26 119.866 54 4078.81 0.35039
7 134 4 27 0.0358295 54 870 1172.22
7 135 2 25 87.2982 54 3827.76 0.48111
7 135 3 26 69.0555 54 3762.76 0.608207
7 135 4 27 67.8539 54 83 0.618977
7 136 2 25 136.92 54 5107.1 0.306747
7 136 3 26 89.3291 54 1569.72 0.470171
7 136 4 27 47.6466 54 77 0.88149
7 137 2 25 57.3634 54 5907.93 0.732174
7 137 3 26 62.3678 54 2378.36 0.673425
7 137 4 27 77.4264 54 73 0.54245
7 138 2 25 126.172 54 6697.24 0.332879
7 138 3 26 108.729 54 4520.66 0.386282
7 138 4 27 0.000173285 54 108 242375
7 139 2 25 61.8383 54 2305.87 0.679191
7 139 3 26 64.4778 54 1398.61 0.651387
7 139 4 27 0.00843919 54 525 4976.78
7 140 1 24 4.31327 54 239 9.7374
7 140 2 25 100.975 54 5389.2 0.415944
7 140 3 26 45.0782 54 2125.14 0.931714
7 140 4 27 95.9721 54 169 0.437627
7 141 2 25 105.027 54 9052.2 0.399898
7 141 3 26 45.1288 54 3550.04 0.93067
7 141 4 27 21.279 54 183 1.97378
7 142 2 25 85.7683 54 7702.18 0.489692
7 142 3 26 64.9408 54 4862.3 0.646743
7 142 4 27 0.00024466 54 49 171667
7 143 2 25 51.0298 54 3795.72 0.823048
7 143 3 26 77.3405 54 4844.64 0.543053
7 143 4 27 50.5822 54 88 0.830331
7 144 2 25 171.536 54 8442.57 0.244846
7 144 3 26 238.89 54 5727.26 0.175813
7 144 4 27 62.0685 54 67 0.676671
7 145 2 25 162.446 54 9102.91 0.258547
7 145 3 26 169.534 54 4000.84 0.247738
7 145 4 27 58.989 54 43 0.711998
7 146 2 25 94.5862 54 6620.91 0.44404
7 146 3 26 68.4522 54 3706.81 0.613567
7 146 4 27 8.09644 54 140 5.18747
7 147 2 25 86.8987 54 6599.04 0.483322
7 147 3 26 34.538 54 3656.77 1.21605
7 147 4 27 10.2911 54 343 4.0812
7 148 2 25 104.953 54 5961.81 0.400178
7 148 3 26 56.5271 54 2208.36 0.743006
7 148 4 27 59.5213 54 172 0.705629
7 149 2 25 83.338 54 5444.18 0.503972
7 149 3 26 109.821 54 3733.77 0.382441
7 149 4 27 0.000822177 54 273 51083.9
7 150 2 25 91.3273 54 8675.98 0.459885
7 150 3 26 69.1212 54 7005.29 0.607629
7 150 4 27 21.797 54 176 1.92687
7 151 2 25 116.145 54 5833.38 0.361616
7 151 3 26 130.069 54 5552.48 0.322906
7 151 4 27 8.57892 54 206 4.89572
7 152 2 25 145.942 54 6578.46 0.287786
7 152 3 26 53.6052 54 1478.57 0.783506
7 152 4 27 0.491272 54 24 85.4923
7 153 2 25 65.6007 54 9791.04 0.640237
7 153 3 26 110.629 54 8227.69 0.379647
7 153 4 27 23.5918 54 69 1.78028
7 154 2 25 36.6719 54 11676.3 1.14529
7 154 3 26 77.3718 54 12449.9 0.542833
7 154 4 27 33.5975 54 18 1.25009
7 155 1 25 13.5069 54 3103.43 3.10952
7 155 2 26 52.4762 54 10147.5 0.800363
7 155 3 27 16.6041 54 122 2.52949
7 156 2 25 112.181 54 14011.2 0.374394
7 156 3 26 77.6224 54 8600.41 0.541081
7 156 4 27 6.57558 54 20 6.38727
7 157 2 25 206.104 54 13918.5 0.203781
7 157 3 26 188.073 54 7651.18 0.223317
7 157 4 27 6.63647 54 5 6.32867
7 158 2 25 99.8644 54 13576.9 0.42057
7 158 3 26 47.6041 54 7490.41 0.882277
7 158 4 27 3.26318 54 10 12.8709
7 159 2 25 26.5573 54 5298.67 1.58149
7 159 3 26 70.5244 54 9867.98 0.595539
7 160 2 25 69.631 54 12636.1 0.603179
7 160 3 26 54.4362 54 7162.9 0.771546
7 160 4 27 0.00726788 54 393 5778.85
7 161 2 25 248.739 54 10949.2 0.168852
7 161 3 26 152.495 54 7971.38 0.27542
7 161 4 27 32.6201 54 37 1.28755
7 162 2 25 122.378 54 17265 0.343198
7 162 3 26 56.752 54 9993.42 0.740062
7 162 4 27 0.00363882 54 193 11542.2
7 163 1 25 52.1993 54 6965.7 0.804608
7 163 2 26 114.613 54 5138.19 0.366451
7 163 3 27 0.00422162 54 308 9948.78
7 164 2 25 178.556 54 12145.3 0.23522
7 164 3 26 81.9486 54 7861.46 0.512516
7 164 4 27 4.06493 54 81 10.3323
7 165 2 25 292.89 54 11790 0.143399
7 165 3 26 85.7071 54 11336.1 0.490041
7 165 4 27 70.7367 54 93 0.593751
7 166 2 25 173.222 54 13063.8 0.242464
7 166 3 26 69.6169 54 13092.2 0.603302
7 166 4 27 0.00730403 54 576 5750.25
7 167 2 25 97.9563 54 5407.31 0.428763
7 167 3 26 205.791 54 10068.9 0.204091
7 167 4 27 72.7112 54 25 0.577627
7 168 2 25 114.193 54 10500 0.3678
7 168 3 26 208.296 54 9811.34 0.201636
7 168 4 27 0.0133812 54 376 3138.73
7 169 2 25 205.092 54 11913.1 0.204786
7 169 3 26 82.5378 54 9061.35 0.508858
7 169 4 27 14.0486 54 278 2.98963
7 170 2 25 220.037 54 11921.7 0.190877
7 170 3 26 145.314 54 10182.9 0.28903
7 170 4 27 0.00468592 54 468 8963.03
7 171 2 25 72.7838 54 5593.99 0.577052
7 171 3 26 168.994 54 9733.32 0.24853
7 171 4 27 46.5313 54 298 0.902618
7 172 2 25 230.276 54 9859.74 0.18239
7 172 3 26 181.071 54 7247.14 0.231953
7 172 4 27 0.00109182 54 152 38468
7 173 2 25 177.466 54 11593.6 0.236666
7 173 3 26 65.0293 54 9966.52 0.645863
7 173 4 27 45.9211 54 55 0.914611
7 174 2 25 191.829 54 9355.71 0.218945
7 174 3 26 202.192 54 9327.86 0.207723
7 174 4 27 48.6011 54 131 0.864178
7 175 1 25 94.4397 54 1355.31 0.444728
7 175 2 26 56.4986 54 8211.84 0.743381
7 175 3 27 19.6204 54 75 2.14063
7 176 2 25 78.1211 54 9262 0.537627
7 176 3 26 336.027 54 10714.3 0.12499
7 176 4 27 46.4927 54 149 0.903368
7 177 2 25 50.7055 54 10649.2 0.828313
7 177 3 26 147.12 54 12268.5 0.285481
7 177 4 27 21.3242 54 18 1.96959
7 178 2 25 87.2254 54 15459.7 0.481511
7 178 3 26 94.2316 54 16272.8 0.445711
7 178 4 27 2.19029 54 2 19.1755
7 179 2 25 64.284 54 3866.55 0.65335
7 179 3 26 86.7301 54 10166 0.484261
7 179 4 27 63.9758 54 138 0.656498
7 180 2 25 280.612 54 12704.7 0.149673
7 180 3 26 156.161 54 13658.2 0.268954
7 180 4 27 51.6707 54 81 0.812839
7 181 2 25 273.011 54 13424.5 0.15384
7 181 3 26 158.729 54 15552.3 0.264602
7 181 4 27 4.39687 54 2 9.55225
7 182 1 25 99.9695 54 15156.1 0.420128
7 182 2 26 59.0354 54 10432.4 0.711438
7 182 3 27 43.1891 54 66 0.972468
7 183 1 25 106.018 54 3755.43 0.396158
7 183 2 26 81.6046 54 10780.4 0.514677
7 183 3 27 39.9199 54 297 1.05211
7 184 2 25 163.055 54 11873.6 0.257582
7 184 3 26 163.174 54 7919.02 0.257394
7 184 4 27 0.000123204 54 126 340897
7 185 2 25 217.504 54 13192.4 0.1931
7 185 3 26 117.65 54 13219.4 0.35699
7 185 4 27 0.000347401 54 88 120898
7 186 2 25 191.009 54 12341.9 0.219885
7 186 3 26 86.4521 54 11408.3 0.485818
7 186 4 27 52.8829 54 197 0.794207
7 187 1 25 77.7862 54 3131.97 0.539942
7 187 2 26 73.0919 54 10577.6 0.574619
7 187 3 27 8.89701 54 81 4.72069
7 188 2 25 153.205 54 9478.26 0.274143
7 188 3 26 149.64 54 4923.4 0.280674
7 188 4 27 4.06936 54 61 10.321
8 1 2 31 10.2733 54 398 4.08828
8 2 2 31 29.8634 54 1517 1.40641
8 3 2 31 0.00966699 54 996 4344.68
8 4 2 31 57.2545 54 125 0.733567
8 5 2 31 0.00141591 54 335 29662.8
8 6 1 31 59.7022 54 694 0.703491
8 7 2 31 0.00997041 54 900 4212.46
8 8 2 31 39.906 54 485 1.05247
8 9 2 31 51.3736 54 210 0.81754
8 10 1 28 55.4024 54 180 0.75809
8 10 2 31 68.6451 54 1173 0.611842
8 11 2 31 47.3122 54 801 0.887721
8 12 2 31 35.3917 54 77 1.18672
8 13 2 31 16.4636 54 7 2.55108
8 14 2 31 10.6488 54 103 3.94412
8 15 1 28 25.4455 54 284 1.65059
8 15 2 31 32.527 54 78 1.29124
8 17 1 28 33.2202 54 310 1.26429
8 17 2 31 63.0731 54 154 0.665895
8 18 4 31 46.6462 54 319 0.900394
8 19 2 31 39.173 54 758 1.07217
8 20 2 31 94.8024 54 131 0.443027
8 21 1 28 10.6607 54 30 3.9397
8 21 2 31 28.4356 54 193 1.47702
8 22 2 31 56.1525 54 127 0.747963
8 23 2 31 113.094 54 261 0.371373
8 24 1 28 9.7041 54 3 4.32807
8 24 2 31 78.8271 54 878 0.532812
8 25 1 28 31.2345 54 4714 1.34467
8 25 2 31 200.492 54 1386 0.209484
8 26 1 28 33.8134 54 24364 1.24211
8 26 2 31 56.5227 54 85 0.743065
8 27 1 28 25.8822 54 7520 1.62273
8 27 3 31 3.79384 54 66 11.0706
8 28 1 28 29.9489 54 2236 1.40239
8 28 2 31 40.9977 54 316 1.02445
8 29 1 28 24.6077 54 2885 1.70679
8 29 2 31 56.1854 54 288 0.747525
8 30 2 31 76.3394 54 192 0.550175
8 31 1 28 49.1923 54 1007 0.853792
8 31 2 31 41.2392 54 287 1.01845
8 32 1 28 36.1594 54 1173 1.16153
8 32 2 31 65.428 54 590 0.641927
8 33 1 28 42.7234 54 1761 0.983067
8 33 2 31 71.0766 54 193 0.590912
8 34 1 28 52.0669 54 15382 0.806655
8 35 1 28 6.22541 54 356 6.74654
8 35 2 31 45.0498 54 83 0.932302
8 36 1 28 1.36024 54 56 30.8769
8 36 2 31 37.6736 54 296 1.11484
8 37 2 31 23.515 54 71 1.78609
8 39 3 31 20.4424 54 103 2.05455
8 40 1 28 45.6455 54 205 0.920135
8 40 4 31 24.6268 54 284 1.70546
8 41 1 28 12.3244 54 8 3.40787
8 41 4 31 25.4629 54 168 1.64946
8 42 4 31 17.4645 54 22 2.40488
8 43 4 31 31.7679 54 84 1.32209
8 44 1 28 26.8241 54 40 1.56576
8 44 4 31 31.6799 54 524 1.32576
8 45 1 28 5.36665 54 46 7.82612
8 45 4 31 65.0593 54 240 0.645565
8 46 4 31 6.49263 54 11 6.46887
8 47 4 31 25.9029 54 40 1.62144
8 48 1 28 52.0887 54 47 0.806318
8 48 4 31 58.5157 54 979 0.717756
8 49 1 28 3.46965 54 51 12.105
8 49 4 31 43.5416 54 1037 0.964595
8 50 4 31 18.9317 54 5 2.2185
8 51 4 31 29.7812 54 33 1.41029
8 52 1 28 24.9034 54 34 1.68652
8 52 4 31 52.9631 54 181 0.793005
8 53 4 31 59.5956 54 168 0.70475
8 54 4 31 36.6324 54 23 1.14653
8 55 4 31 36.9847 54 110 1.13561
8 56 1 28 12.4797 54 205 3.36547
8 56 4 31 99.9199 54 104 0.420337
8 57 4 31 86.9546 54 968 0.483011
8 58 4 31 4.04299 54 5 10.3884
8 59 4 31 66.1838 54 152 0.634596
8 60 1 28 44.5798 54 476 0.94213
8 60 4 31 68.6599 54 158 0.611711
8 61 1 28 32.6613 54 141 1.28593
8 61 4 31 67.9748 54 73 0.617876
8 62 1 28 18.3497 54 137 2.28887
8 62 4 31 92.2352 54 53 0.455357
8 63 4 31 11.9014 54 15 3.529
8 64 4 31 38.9311 54 21 1.07883
8 65 4 31 50.9807 54 215 0.823842
8 66 1 28 21.3311 54 371 1.96896
8 66 2 29 34.9422 54 324 1.20198
8 66 3 30 27.2024 54 186 1.54398
8 67 4 31 27.8964 54 37 1.50557
8 68 1 28 7.99144 54 157 5.25562
8 68 4 31 32.9902 54 143 1.2731
8 69 4 31 30.9256 54 351 1.3581
8 70 4 31 16.6302 54 16 2.52552
8 71 4 31 25.8287 54 25 1.6261
8 72 1 28 25.4122 54 137 1.65275
8 72 2 29 6.47492 54 241 6.48656
8 72 3 30 18.7667 54 150 2.238
8 72 4 31 43.1769 54 183 0.972742
8 73 2 29 40.0026 54 1796 1.04993
8 73 3 30 48.6354 54 1849 0.863569
8 73 4 31 27.9223 54 24 1.50417
8 74 2 29 35.7555 54 168 1.17465
8 74 3 30 55.4822 54 1652 0.756999
8 74 4 31 25.5338 54 19 1.64488
8 75 2 29 40.5123 54 1943 1.03672
8 75 3 30 44.7089 54 5116 0.93941
8 75 4 31 10.532 54 5 3.98783
8 76 1 28 100.823 54 921 0.416573
8 76 2 29 42.981 54 1096 0.977175
8 76 3 30 133.504 54 6260 0.314598
8 76 4 31 136.942 54 137 0.3067
8 77 1 28 19.3244 54 8 2.17341
8 77 3 30 36.6282 54 82.5 1.14666
8 77 4 31 72.3296 54 793 0.580675
8 78 2 29 16.5096 54 50 2.54398
8 78 3 30 56.6315 54 2631 0.741637
8 79 1 28 31.8718 54 9065 1.31778
8 79 2 29 30.5484 54 86 1.37487
8 79 3 30 50.9694 54 4541 0.824024
8 79 4 31 26.0194 54 26 1.61418
8 80 1 28 32.5558 54 346 1.29009
8 80 2 29 34.2915 54 629 1.22479
8 80 3 30 40.6396 54 3988 1.03347
8 80 4 31 82.8011 54 127 0.507239
8 81 1 28 16.7508 54 3535 2.50734
8 81 2 29 44.9901 54 3240 0.933539
8 81 3 30 43.4602 54 2855 0.966402
8 81 4 31 18.1091 54 19 2.31928
8 82 1 28 16.8384 54 2879 2.4943
8 82 2 29 40.6498 54 2631 1.03321
8 82 3 30 28.683 54 3579 1.46428
8 82 4 31 10.3612 54 9 4.05357
8 83 1 28 11.5762 54 655 3.62814
8 83 2 29 50.8101 54 1114 0.826607
8 83 3 30 32.7163 54 1269 1.28377
8 83 4 31 1.70838e-06 54 15 2.45846e+07
8 84 1 28 15.7104 54 100 2.67339
8 84 2 29 28.7086 54 1250 1.46298
8 84 3 30 39.5012 54 900 1.06326
8 84 4 31 20.6403 54 111 2.03486
8 85 2 29 25.8018 54 3006 1.62779
8 85 3 30 31.9349 54 1366 1.31518
8 85 4 31 22.623 54 71 1.85652
8 86 2 29 21.7561 54 1527 1.9305
8 86 3 30 64.1007 54 4683 0.655219
8 86 4 31 13.7218 54 11 3.06081
8 87 2 29 20.5374 54 3075 2.04505
8 87 3 30 35.8587 54 4635 1.17126
8 87 4 31 55.7295 54 26 0.75364
8 88 1 28 5.85432 54 60 7.17419
8 88 2 29 50.4294 54 1370 0.832847
8 88 3 30 24.2801 54 2638 1.72982
8 88 4 31 7.89193 54 60 5.32189
8 89 1 28 54.9196 54 297 0.764754
8 89 2 29 53.1865 54 3325.79 0.789674
8 89 3 30 60.7911 54 1912 0.690891
8 89 4 31 9.6071 54 8 4.37177
8 90 1 28 47.0719 54 257 0.892253
8 90 2 29 31.3763 54 764 1.33859
8 90 3 30 59.7857 54 4179 0.702509
8 91 2 29 45.8643 54 582 0.915745
8 91 3 30 65.8209 54 4010 0.638095
8 92 1 28 62.1112 54 553 0.676206
8 92 2 29 34.7679 54 1623 1.20801
8 92 3 30 133.462 54 5898 0.314696
8 92 4 31 66.5171 54 167 0.631417
8 93 1 28 146.465 54 656 0.286758
8 93 2 29 61.1142 54 668 0.687237
8 93 3 30 98.827 54 2243 0.424985
8 93 4 31 19.2428 54 155 2.18264
8 94 1 28 64.6213 54 413 0.64994
8 94 3 31 30.13 54 20 1.39396
8 95 1 28 31.0624 54 51 1.35212
8 95 2 29 17.482 54 70 2.40247
8 95 3 30 28.1607 54 150 1.49144
8 95 4 31 2.61222 54 1 16.0783
8 96 1 28 15.7802 54 180 2.66156
8 96 2 29 17.0173 54 82 2.46808
8 96 4 31 12.3851 54 6 3.39116
8 97 2 29 26.3549 54 1686 1.59363
8 97 3 30 20.3644 54 385 2.06242
8 97 4 31 1.0494 54 1 40.023
8 98 1 28 51.639 54 845 0.813338
8 98 2 29 50.7951 54 1135 0.826852
8 98 3 30 50.9762 54 2655 0.823914
8 98 4 31 29.3612 54 32 1.43046
8 99 1 28 92.458 54 271 0.45426
8 99 2 29 32.7943 54 1757 1.28071
8 99 3 30 65.7873 54 3614 0.638421
8 99 4 31 2.79872 54 58 15.0068
8 100 1 28 24.6907 54 300 1.70105
8 100 2 29 44.5013 54 3307 0.943793
8 100 4 31 27.1131 54 27 1.54907
8 101 2 29 50.9613 54 3248 0.824154
8 101 3 30 9.82352 54 55 4.27545
8 101 4 31 5.80765 54 2 7.23184
8 102 2 29 33.0856 54 5388 1.26944
8 102 3 30 21.1162 54 1577 1.989
8 102 4 31 27.2346 54 7 1.54215
8 103 2 29 18.7941 54 1750 2.23475
8 103 3 30 40.507 54 3660 1.03686
8 103 4 31 27.1086 54 41 1.54933
8 104 2 29 32.2128 54 1670.94 1.30383
8 104 3 30 18.7219 54 175 2.24336
8 104 4 31 2.55344 54 4 16.4484
8 105 2 29 48.7644 54 6393 0.861283
8 105 3 30 17.0146 54 219.685 2.46848
8 106 2 29 30.9122 54 5246.55 1.35869
8 106 3 30 67.1124 54 788.062 0.625815
8 106 4 31 4.67064 54 5 8.99235
8 107 2 29 50.6169 54 6318.22 0.829762
8 107 3 30 46.8173 54 5854.41 0.897104
8 107 4 31 5.6201 54 4 7.47318
8 108 1 28 13.6224 54 50 3.08316
8 108 2 29 54.8092 54 6036.8 0.766295
8 108 3 30 63.5757 54 2544 0.66063
8 108 4 31 14.1894 54 110 2.95995
8 109 1 28 44.3574 54 548 0.946855
8 109 2 29 54.2438 54 5739.48 0.774282
8 109 3 30 17.9502 54 69 2.3398
8 109 4 31 12.1585 54 107 3.45436
8 110 2 29 29.9794 54 8470.21 1.40096
8 110 4 31 171.207 54 87 0.245317
8 111 2 29 25.3231 54 8208.14 1.65856
8 111 4 31 17.3007 54 49 2.42764
8 112 1 28 30.3437 54 765 1.38414
8 112 2 29 26.9225 54 5583.05 1.56003
8 112 3 30 3.79681 54 280.802 11.0619
8 112 4 31 22.731 54 9 1.8477
8 113 2 29 115.051 54 8509.18 0.365055
8 113 3 30 42.4104 54 443.825 0.990324
8 113 4 31 21.9638 54 14 1.91224
8 114 2 29 34.9279 54 8426.35 1.20248
8 114 3 30 30.1145 54 335 1.39468
8 114 4 31 34.1299 54 30 1.23059
8 115 2 29 83.248 54 8858.42 0.504517
8 115 3 30 44.1026 54 2637.78 0.952325
8 115 4 31 27.9587 54 65 1.50222
8 116 1 28 41.7045 54 58 1.00709
8 116 2 29 69.901 54 5049.14 0.60085
8 116 3 30 24.2613 54 945.806 1.73115
8 116 4 31 27.6559 54 63 1.51866
8 117 2 29 42.7175 54 4125.88 0.983203
8 117 3 30 12.1252 54 67 3.46385
8 117 4 31 35.9353 54 69 1.16877
8 118 2 29 73.9668 54 4883.05 0.567822
8 118 3 30 132.886 54 3155.87 0.316061
8 118 4 31 104.555 54 94 0.401703
8 119 2 29 89.9076 54 6853.64 0.467146
8 119 3 30 150.083 54 3676.13 0.279846
8 119 4 31 27.0385 54 229 1.55334
8 120 1 28 8.55842 54 54 4.90745
8 120 2 29 168.782 54 5362.6 0.248841
8 120 3 30 59.9771 54 752 0.700268
8 120 4 31 36.321 54 65 1.15636
8 121 2 29 167.2 54 6169.53 0.251197
8 121 3 30 35.6212 54 3125.3 1.17907
8 121 4 31 0.000783315 54 509 53618.3
8 122 2 29 62.5982 54 4266.49 0.670946
8 122 3 30 37.9158 54 5594.71 1.10772
8 122 4 31 0.088677 54 1998 473.629
8 123 2 29 103.635 54 1392.32 0.405269
8 123 3 30 42.8676 54 5295.14 0.979761
8 123 4 31 103.546 54 3617 0.405615
8 124 1 28 33.7018 54 75 1.24622
8 124 2 29 160.394 54 1048.08 0.261856
8 124 3 30 68.914 54 5271.49 0.609455
8 124 4 31 0.00559178 54 2075 7511.03
8 125 4 31 178.422 54 1166 0.235398
8 126 3 31 154.594 54 2107 0.271679
8 127 1 29 36.2337 54 1271.68 1.15914
8 127 3 31 362.873 54 2298 0.115743
8 128 2 29 66.7697 54 4164.44 0.629028
8 128 3 30 32.0287 54 1317 1.31132
8 128 4 31 119.777 54 649 0.350651
8 129 2 29 80.0954 54 3050.49 0.524375
8 129 3 30 31.8007 54 635.023 1.32073
8 129 4 31 0.0284501 54 1197 1476.27
8 130 2 29 45.332 54 4267.5 0.926497
8 130 3 30 16.0711 54 2716.11 2.61338
8 130 4 31 0.0189784 54 1108 2213.04
8 131 1 29 83.0174 54 3217.4 0.505918
8 131 2 30 106.708 54 1275 0.393597
8 131 3 31 0.0350558 54 3233 1198.09
8 132 2 29 49.3423 54 1848.44 0.851197
8 132 3 30 52.9492 54 463 0.793213
8 132 4 31 0.00717454 54 673 5854.04
8 133 2 29 9.99936 54 2144.41 4.20027
8 133 3 30 50.3666 54 671 0.833886
8 133 4 31 109.63 54 359 0.383105
8 134 2 29 93.1573 54 2022.88 0.450851
8 134 3 30 95.1044 54 2165.67 0.44162
8 134 4 31 0.0702114 54 2521 598.194
8 135 1 29 67.6092 54 2197.53 0.621217
8 135 2 30 195.783 54 3693.73 0.214523
8 135 3 31 237.347 54 1422 0.176956
8 136 2 29 23.2481 54 1783.28 1.8066
8 136 3 30 152.258 54 5401.5 0.275848
8 136 4 31 71.5161 54 1021 0.58728
8 137 2 29 32.8476 54 309 1.27863
8 137 3 30 24.083 54 52 1.74397
8 137 4 31 0.0105972 54 900 3963.31
8 138 2 29 125.194 54 3620.86 0.335478
8 138 4 31 193.445 54 2822 0.217116
8 139 1 29 78.721 54 5414.93 0.53353
8 139 2 30 136.667 54 2610.71 0.307316
8 139 3 31 129.298 54 3927 0.324832
8 140 1 29 136.456 54 7444.51 0.307792
8 140 2 30 73.2608 54 1096.2 0.573294
8 140 3 31 0.0010207 54 647 41148.2
8 141 2 29 24.7472 54 1865.35 1.69716
8 141 3 30 15.0141 54 129.083 2.79737
8 141 4 31 173.745 54 710 0.241733
8 142 2 29 114.514 54 6310.57 0.366769
8 142 3 30 45.2007 54 2010.38 0.929189
8 142 4 31 72.7118 54 1524 0.577623
8 143 1 29 84.6955 54 6610.51 0.495894
8 143 2 30 130.594 54 4502 0.321607
8 143 3 31 140.757 54 955 0.298387
8 144 2 29 88.0597 54 4550 0.476949
8 144 3 30 55.4249 54 3884 0.757783
8 144 4 31 175.149 54 777 0.239796
8 145 2 29 115.935 54 2809.96 0.362272
8 145 3 30 43.8953 54 1107.47 0.956823
8 145 4 31 150.03 54 499 0.279943
8 146 1 29 71.4437 54 8413.96 0.587876
8 146 2 30 82.661 54 3773.08 0.5081
8 146 3 31 44.3465 54 872 0.947088
8 147 1 29 60.609 54 3661.7 0.692966
8 147 2 30 103.512 54 3284.95 0.405751
8 147 3 31 22.5626 54 1447 1.86148
8 148 2 29 181.379 54 6341.68 0.231559
8 148 3 30 68.0481 54 3233.36 0.617211
8 148 4 31 53.0082 54 746 0.79233
8 149 2 29 121.81 54 5725.53 0.3448
8 149 3 30 42.476 54 489.906 0.988793
8 149 4 31 59.1101 54 378 0.710538
8 150 2 29 89.459 54 8816.42 0.469489
8 150 3 30 43.0631 54 2988.54 0.975312
8 150 4 31 110.284 54 2057 0.380834
8 151 2 29 86.0149 54 7706.29 0.488287
8 151 3 30 525.469 54 9967.38 0.0799286
8 151 4 31 0.196775 54 3591 213.441
8 152 2 29 187.441 54 9598.51 0.224071
8 152 3 30 295.674 54 5869.61 0.142049
8 152 4 31 133.47 54 2042 0.314677
8 153 2 29 193.557 54 15411 0.21699
8 153 3 30 105.138 54 9741.19 0.399477
8 153 4 31 87.5312 54 855 0.479829
8 154 1 29 182.836 54 8803.33 0.229714
8 154 2 30 8.12805 54 8242.96 5.16729
8 154 3 31 194.313 54 2502 0.216146
8 155 2 30 56.0213 54 8077.36 0.749714
8 155 3 31 247.898 54 2370 0.169425
8 156 2 29 122.887 54 10095.4 0.341778
8 156 3 30 76.2322 54 6163 0.550949
8 156 4 31 152.618 54 2465 0.275196
8 157 2 29 229.592 54 12535.8 0.182933
8 157 3 30 44.371 54 465 0.946564
8 157 4 31 79.8497 54 2603 0.525988
8 158 2 29 98.6714 54 22550.9 0.425655
8 158 3 30 15.7229 54 397.087 2.67126
8 158 4 31 0.0108797 54 2155 3860.4
8 159 1 29 18.2264 54 308.068 2.30435
8 159 2 30 27.9648 54 2315.69 1.50189
8 159 3 31 200.827 54 1349 0.209135
8 160 2 29 38.6526 54 13473.2 1.0866
8 160 3 30 26.7865 54 7541.16 1.56795
8 160 4 31 26.2906 54 780 1.59753
8 161 2 29 72.2041 54 13969.8 0.581685
8 161 3 30 97.3815 54 9822.73 0.431293
8 161 4 31 74.5754 54 317 0.563188
8 162 1 29 84.6739 54 18282.1 0.496021
8 162 2 30 103.721 54 11579.5 0.404932
8 162 3 31 62.144 54 420 0.675849
8 163 1 29 42.3114 54 3267.9 0.992641
8 163 2 30 72.3642 54 15021 0.580397
8 163 3 31 149.802 54 453 0.280371
8 164 2 29 179.5 54 14673.8 0.233984
8 164 3 30 220.762 54 7390.17 0.19025
8 164 4 31 0.0699195 54 2244 600.691
8 165 2 29 61.6238 54 15849.6 0.681555
8 165 3 30 118.446 54 1634.68 0.354593
8 165 4 31 0.000403686 54 681 104041
8 166 2 29 150.832 54 11372.6 0.278456
8 166 3 30 172.212 54 5219.65 0.243886
8 166 4 31 300.005 54 1424 0.139998
8 167 2 29 60.7381 54 2653.12 0.691494
8 167 3 30 35.528 54 12221.4 1.18217
8 167 4 31 111.094 54 1076 0.378057
8 168 2 29 52.4134 54 17007.1 0.801321
8 168 3 30 152.154 54 10654.8 0.276037
8 168 4 31 201.582 54 1082 0.208352
8 169 2 29 88.167 54 20371.6 0.476369
8 169 3 30 131.568 54 9879.64 0.319226
8 169 4 31 125.214 54 291 0.335426
8 170 2 29 158.012 54 20714.6 0.265802
8 170 3 30 235.897 54 10414.4 0.178044
8 170 4 31 0.00264023 54 1074 15907.7
8 171 2 29 132.829 54 6015.41 0.316196
8 171 3 30 132.897 54 17709 0.316035
8 171 4 31 0.0380807 54 3535 1102.92
8 172 2 29 146.028 54 16758.6 0.287616
8 172 3 30 111.222 54 18353.5 0.377624
8 172 4 31 81.2241 54 1205 0.517088
8 173 2 29 138.918 54 21563.7 0.302337
8 173 3 30 33.1361 54 14876.8 1.2675
8 173 4 31 63.1483 54 496 0.665101
8 174 2 29 226.569 54 19494.1 0.185374
8 174 3 30 69.2352 54 15075.7 0.606628
8 174 4 31 177.297 54 2648 0.236891
8 175 1 29 132.644 54 8391.33 0.316637
8 175 2 30 270.415 54 20375 0.155317
8 175 3 31 83.9798 54 999 0.50012
8 176 2 29 103.668 54 22358.5 0.40514
8 176 3 30 88.3028 54 20914.7 0.475636
8 176 4 31 0.036884 54 2715 1138.71
8 177 2 29 85.9094 54 19338.8 0.488887
8 177 3 30 104.289 54 11623.9 0.402728
8 177 4 31 59.0535 54 1175 0.71122
8 178 1 29 249.482 54 23115.1 0.168349
8 178 2 30 86.588 54 12713 0.485056
8 178 3 31 256.389 54 1780 0.163814
8 179 1 29 120.55 54 4536.64 0.348402
8 179 2 30 62.8371 54 11720.5 0.668395
8 179 3 31 0.00847749 54 1905 4954.29
8 180 2 29 303.751 54 23938.1 0.138271
8 180 3 30 83.997 54 7359.08 0.500018
8 180 4 31 1.13241e-05 54 1392 3.7089e+06
8 181 2 29 121.746 54 23157.7 0.34498
8 181 3 30 130.688 54 4587 0.321375
8 181 4 31 3.53206e-05 54 406 1.18911e+06
8 182 1 29 222.006 54 20944 0.189184
8 182 2 30 50.2389 54 8286.79 0.836006
8 182 3 31 152.607 54 1159 0.275217
8 183 1 29 99.6041 54 9289.17 0.42167
8 183 2 30 107.146 54 9372.63 0.391987
8 183 3 31 64.7072 54 1528 0.649078
8 184 2 29 117.521 54 15218.2 0.357384
8 184 3 30 105.139 54 6362.4 0.399472
8 184 4 31 0.00484031 54 1029 8677.13
8 185 2 29 103.719 54 20837.9 0.40494
8 185 3 30 52.6938 54 5508.26 0.797057
8 185 4 31 238.893 54 1170 0.175811
8 186 2 29 177.231 54 19978.4 0.236979
8 186 3 30 56.5565 54 8434.86 0.74262
8 186 4 31 43.2016 54 1132 0.972185
8 187 1 29 61.9919 54 6973.46 0.677508
8 187 2 30 28.9191 54 13774.6 1.45233
8 187 3 31 0.0621737 54 1665 675.527
8 188 1 29 113.876 54 25815.1 0.368823
8 188 2 30 178.988 54 9103.48 0.234653
8 188 3 31 0.0747112 54 1957 562.164
