263741 263741 0.000253991 0.00265531 0.0244733 0.0305909 0.0211674 0.015785 0.0141004 0.0136595 0.0136013 0.0136131 0.0135844 0.0135018 0.0133942 0.0132908 0.0132122 0.0131819  4.79528e+07 2.85953e+07 4.42899e+06 1.58988e+06 544607 220394 74328.4 64584.2 50734.6 32534.2 14172 10610 7562.39 4770.78 2130.07 424.719
7.24105e+06 7.24105e+06 0.0038465 0.0393769 0.30361 0.363191 0.271036 0.211117 0.191264 0.185971 0.185211 0.185235 0.184725 0.183547 0.182085 0.180709 0.17968 0.179286  6.19234e+06 2.58232e+07 1.53017e+07 2.69914e+06 1.18113e+06 590719 306073 113104 92563.1 72662.4 47505.5 21164.2 15378.6 10735.2 6750.39 3960.04
2.13722e+06 2.13722e+06 0.00364566 0.0373533 0.290125 0.347439 0.258446 0.200979 0.181994 0.17695 0.176246 0.17629 0.17582 0.174709 0.173321 0.172012 0.171031 0.170655  1.61295e+06 1.12114e+06 4.35485e+06 1.87701e+06 337461 192836 117667 67016.5 25596.1 20287 15618.8 10082.5 4426.05 3120.09 2134.47 2124.04
554539 554539 0.00165704 0.0171796 0.147271 0.180704 0.129022 0.0979486 0.088 0.0853789 0.0850243 0.085075 0.0848749 0.0843494 0.0836777 0.083037 0.0825534 0.0823673  6.41709e+06 857723 600114 1.69892e+06 730892 169558 110499 69833.5 39534.8 14730.5 11290.7 8373.56 5209.01 2214.87 1524.3 2044.71
340148 340148 0.000591285 0.00616931 0.0558796 0.069539 0.0484881 0.0363163 0.0324878 0.031485 0.0313519 0.0313769 0.0313086 0.0311172 0.0308692 0.0306311 0.0304508 0.0303812  3.98263e+07 9.55709e+06 2.4941e+06 472228 1.00939e+06 530602 170952 130685 96259.4 61473.8 27518.8 20851.6 14934.8 9522.59 4305.08 6882.81
6.40303e+06 6.40303e+06 0.00530668 0.0538794 0.388859 0.45837 0.351226 0.277887 0.253009 0.2463 0.245278 0.245224 0.244479 0.24289 0.240954 0.239148 0.237806 0.237294  7.15372e+07 2.49589e+07 7.68354e+06 2.16704e+06 422642 916339 535076 197645 153801 116976 77162.8 35396.8 25923.6 18082.3 11465.8 13504.6
2.56458e+06 2.56458e+06 0.0046542 0.047353 0.347914 0.410368 0.311854 0.245956 0.223919 0.218132 0.217398 0.217486 0.216917 0.215558 0.213864 0.212269 0.211075 0.210618  2.03661e+06 1.14803e+07 4.22728e+06 881226 244349 65580 164072 103274 39905 30511.4 22842.9 14842.7 6683.84 4742.23 3236.03 4432.02
632199 632199 0.000749727 0.00781615 0.0702883 0.0873327 0.0610901 0.0458274 0.041009 0.0397419 0.0395704 0.0395988 0.0395106 0.039268 0.0389547 0.0386545 0.0384272 0.0383395  5.82066e+07 1.08102e+06 6.0384e+06 1.41636e+06 283952 107737 34146.3 89595.7 56292.9 21241 15704 11320.6 7085.69 3089.74 2139.88 3399.17
185940 185940 0.000223923 0.00234222 0.0216834 0.0271566 0.0187595 0.0139711 0.0124728 0.0120795 0.0120261 0.0120353 0.0120092 0.0119357 0.0118403 0.0117486 0.0116791 0.0116523  1.54332e+07 2.11494e+07 527038 3.20819e+06 1.11622e+06 466302 231080 53629.9 114307 73333.7 31913.6 23860 16980.1 10798.3 4881.59 8702.65
9.27089e+06 9.27089e+06 0.00781067 0.0781389 0.504002 0.579427 0.463012 0.376192 0.345619 0.337296 0.335981 0.335787 0.334662 0.33245 0.32982 0.327396 0.325609 0.32493  3.26429e+07 1.05138e+07 1.18379e+07 400901 2.47619e+06 1.09171e+06 578426 304192 68215.4 135404 87628.6 39354.5 28662.2 19945 12608.8 15881.7
1.56875e+06 1.56875e+06 0.00532831 0.0539776 0.383451 0.448523 0.345244 0.274549 0.250698 0.244456 0.243688 0.243786 0.24314 0.241618 0.239728 0.237951 0.236623 0.236116  3.60812e+06 5.30792e+06 1.73092e+06 919313 34144.4 285033 167567 102575 55219.5 12067.6 22828.7 14472.9 6415.77 4535.93 3091.11 4383.84
920610 920610 0.00233279 0.0241002 0.200404 0.244277 0.176728 0.135118 0.121633 0.118045 0.117532 0.11757 0.11727 0.116532 0.115601 0.114718 0.114053 0.113798  4.42342e+07 1.91306e+06 2.76187e+06 527595 263716 13907.2 140033 86963.1 53252.1 28002.8 5915.58 10770.7 6575.44 2821.94 1947.29 3152.25
207526 207526 0.000401156 0.00419253 0.0385166 0.0481652 0.033389 0.0249093 0.0222473 0.0215459 0.0214486 0.0214629 0.0214148 0.0212828 0.0211124 0.020949 0.0208252 0.0207774  1.58763e+07 1.52279e+07 1.03658e+06 1.1506e+06 568151 400044 35222.7 242042 132261 93103.2 51739.2 10397.5 17405.8 10706.2 4796.04 8672.32
6.46921e+06 6.46921e+06 0.00682483 0.0687068 0.464262 0.539638 0.424106 0.340734 0.311751 0.303832 0.302547 0.302371 0.301368 0.299371 0.296986 0.294781 0.293152 0.292532  4.05163e+07 1.02997e+07 8.72894e+06 884338 869319 622168 468504 50737 298872 162146 119158 65682.9 12829.8 20473.4 12487.3 15781.6
1.611e+06 1.611e+06 0.00547934 0.0554989 0.393542 0.460786 0.355113 0.282368 0.257697 0.251157 0.250277 0.250316 0.249614 0.248029 0.246077 0.244248 0.242886 0.242365  8.29524e+06 6.66229e+06 1.73538e+06 794994 92276.4 110286 106439 84916 9987.54 54677 28948.1 21106.3 11311.1 2142.8 3321.7 4552.31
818264 818264 0.00139344 0.0144811 0.126619 0.156419 0.110801 0.0836481 0.0749686 0.072657 0.0723212 0.0723491 0.0721709 0.0717188 0.0711437 0.070596 0.0701829 0.070024  1.35811e+08 4.3983e+06 3.46545e+06 526380 227501 37606.2 54199.3 55189.4 43995.6 5050.49 26711.4 13606.1 9550.56 4954.46 916.035 3306.63
233364 233364 0.000253122 0.0026473 0.0244781 0.03065 0.0211843 0.0157805 0.0140883 0.0136435 0.0135828 0.0135929 0.0135632 0.0134801 0.0133723 0.0132688 0.0131903 0.01316  6.78179e+07 3.82185e+07 2.29732e+06 1.29253e+06 428255 265028 83728.9 77166.3 95240.9 70273 9767.92 44702.1 21702.3 15746.2 8327.81 6994.29
1.77629e+07 1.77629e+07 0.0120567 0.117092 0.617781 0.677691 0.576567 0.491483 0.460479 0.452733 0.452132 0.452253 0.45092 0.448122 0.444778 0.4417 0.439437 0.438579  2.85714e+07 3.11662e+07 1.84555e+07 1.80234e+06 936404 438458 314288 119653 92678.8 121202 86235.8 12749.9 53314.5 25272.7 18298.3 17720.6
3.90023e+06 3.90023e+06 0.00875403 0.0866693 0.520573 0.584769 0.477263 0.395209 0.366422 0.359176 0.358596 0.358846 0.35792 0.355738 0.35305 0.350539 0.348674 0.347962  6.00288e+07 4.9233e+06 4.54832e+06 765478 93588.7 70465.6 50291.3 42497.8 17995.3 12541.8 16609.9 11326.2 1685.01 6671.35 3094.69 4394.35
1.00689e+06 1.00689e+06 0.00148344 0.0154052 0.133873 0.165048 0.117197 0.088604 0.0794361 0.07699 0.0766366 0.0766682 0.0764812 0.0760037 0.0753957 0.0748164 0.0743795 0.0742113  2.33607e+07 3.16381e+07 2.41796e+06 837803 117711 24835 25272.5 19820 16962.8 7033.44 4733.75 6023.29 3949.05 568.206 2194.62 2419.68
436147 436147 0.00033728 0.00352649 0.0325209 0.0407126 0.0281764 0.0209991 0.0187472 0.0181534 0.0180705 0.0180824 0.0180419 0.0179307 0.0177871 0.0176494 0.017545 0.0175047  1.21228e+07 9.6974e+06 9.88711e+06 1.17527e+06 603943 244255 114603 65340.8 51389 42858.2 20219.5 12325.9 15863.4 10123.5 1633.45 12239.8
1.08765e+07 1.08765e+07 0.0120867 0.117776 0.63347 0.701127 0.594626 0.503831 0.470072 0.460961 0.45961 0.459274 0.457635 0.45462 0.451124 0.447946 0.445628 0.444753  5.4299e+07 8.33262e+06 6.52602e+06 5.43374e+06 1.03425e+06 623600 312537 169139 90435.2 69243.9 57333.4 27297.1 15631.9 19774 12357.7 16928.2
1.53203e+06 1.53203e+06 0.00494126 0.0502674 0.368481 0.435734 0.331784 0.261499 0.237742 0.231332 0.230368 0.230339 0.22966 0.228179 0.226363 0.224665 0.223401 0.222917  5.99744e+07 8.85344e+06 1.32986e+06 374203 207054 94965.4 76204.7 44133.8 25812.1 13207.7 9772.53 7896.86 3695.16 2016.91 2509.28 3671.26
1.6553e+06 1.6553e+06 0.00167591 0.0173904 0.150066 0.184829 0.131679 0.0997144 0.0894408 0.0866924 0.0862848 0.0863089 0.0860896 0.085547 0.0848603 0.0842077 0.0837163 0.0835273  1.68852e+08 3.18372e+07 4.65588e+06 443005 120628 91746.8 49610.4 41622.6 24000.2 13682.6 6761.6 4813.43 3744.94 1696.42 903.744 2720.31
1.71778e+06 1.71778e+06 0.000997872 0.0103924 0.0925775 0.114859 0.0807013 0.060664 0.054311 0.0526311 0.0523947 0.0524229 0.0522996 0.0519747 0.0515584 0.0511608 0.0508603 0.0507446  2.31945e+07 4.58327e+07 1.02645e+07 1.7154e+06 397193 223115 161247 117331 82393.9 47819 29536.4 13984.9 9738.05 7432.16 3394.52 7222.56
1.86641e+07 1.86641e+07 0.010259 0.101283 0.593814 0.670698 0.554385 0.460137 0.425582 0.415907 0.414157 0.413656 0.412075 0.409268 0.40603 0.403089 0.400943 0.400132  1.16976e+07 1.12074e+07 2.12013e+07 5.38088e+06 1.15766e+06 423541 285236 194488 161281 106146 60766.1 37843.8 17313.8 11646.9 8713.19 12348.8
2.58308e+06 2.58308e+06 0.0100293 0.0992052 0.589216 0.66788 0.549871 0.454794 0.419874 0.409969 0.408093 0.407536 0.405947 0.40316 0.399954 0.397045 0.394923 0.394121  3.06665e+07 1.91573e+06 1.70847e+06 1.17853e+06 284142 113673 61313.4 46438.9 30700.7 26710 16692.6 9247.84 5648.17 2494.48 1637.42 2923.8
2.30819e+06 2.30819e+06 0.00590731 0.0597641 0.419512 0.491339 0.38047 0.302908 0.276243 0.268979 0.267844 0.267755 0.266922 0.265182 0.263075 0.261114 0.25966 0.259105  1.14206e+08 1.61681e+07 939250 304512 179712 76514.8 41219.9 24182.1 18380.1 11814.6 9876.35 5910.42 3141.83 1853.73 798.234 1432.98
1.2474e+06 1.2474e+06 0.00129214 0.0134381 0.118222 0.146315 0.103383 0.0779322 0.0698166 0.0676575 0.0673429 0.0673682 0.067202 0.0667804 0.0662441 0.0657333 0.0653481 0.0651998  5.05088e+07 3.35044e+07 5.01705e+06 453161 225483 231817 182588 85409.5 60540.3 43208.6 26777.5 24988.3 14316.4 7644.61 4625.88 5462.46
1.6763e+07 1.6763e+07 0.0122584 0.119828 0.656122 0.733469 0.620599 0.522591 0.485308 0.474468 0.472172 0.471256 0.469219 0.465912 0.462205 0.458886 0.456487 0.455586  3.21772e+07 2.43899e+07 1.62809e+07 2.66961e+06 429130 244387 275612 237545 111241 81766.5 56574.9 33333.8 31394 17310.5 9100.39 11932.3
1.9984e+06 1.9984e+06 0.00469175 0.0477525 0.351695 0.415533 0.315595 0.248621 0.22613 0.220151 0.219333 0.219379 0.218781 0.217396 0.215681 0.214068 0.212863 0.212401  1.84742e+07 5.25124e+06 3.60252e+06 743988 123091 45738.2 31831 39422.2 35634.2 16500.6 12013.4 8016.02 4498.65 4189.98 2247.14 2698.51
1.06358e+06 1.06358e+06 0.00181122 0.0187812 0.161076 0.198122 0.141527 0.107321 0.0962972 0.0933404 0.0928969 0.0929174 0.0926776 0.0920916 0.0913519 0.0906498 0.0901214 0.0899183  7.90233e+07 9.80734e+06 2.76468e+06 1.21539e+06 242410 54770.2 23965.2 17454 21547.6 19005.5 8506.09 5961.52 3831.26 2081.9 1892.72 2195.05
594180 594180 0.00063766 0.00665481 0.0603786 0.0752567 0.0524542 0.0392528 0.0350912 0.0339929 0.0338398 0.0338608 0.0337836 0.0335749 0.0333061 0.0330487 0.032854 0.0327789  4.92218e+07 2.74482e+07 4.11553e+06 1.01568e+06 620033 254514 125410 75696 39158.4 41124.4 39934.6 16992.3 12468.6 7760.33 4086.11 8302.56
1.65667e+07 1.65667e+07 0.0129368 0.125573 0.658187 0.726358 0.621354 0.529176 0.494315 0.484686 0.483061 0.482517 0.480667 0.477437 0.473748 0.470418 0.468001 0.46709  2.08315e+07 2.59267e+07 1.49895e+07 2.8215e+06 728492 548484 288892 173118 109812 53049.6 52728.7 51079.6 20936.2 15277.1 9235.94 14545.5
1.53259e+06 1.53259e+06 0.00371422 0.0379682 0.289902 0.344441 0.257627 0.201413 0.182899 0.178101 0.177552 0.177695 0.177283 0.1762 0.174823 0.173516 0.172533 0.172155  723059 3.48943e+06 3.77198e+06 654914 139008 58419.6 61457.5 38986.1 25869.9 16472.2 7502.96 7096.54 6725.76 2667.91 1918.17 2935.43
913557 913557 0.00211902 0.0219272 0.184791 0.226167 0.162739 0.123967 0.111419 0.108062 0.107566 0.107593 0.107315 0.106637 0.105783 0.104972 0.104362 0.104128  8.65855e+07 384216 1.85687e+06 1.40415e+06 238784 66427.4 32255.3 35370.2 22377.1 14512.7 8946.07 3927.65 3581.08 3287.93 1273.37 2275.61
583190 583190 0.00112894 0.0117482 0.103953 0.12875 0.0907251 0.0683115 0.061189 0.0593039 0.0590378 0.059068 0.0589276 0.058561 0.058092 0.0576444 0.0573063 0.0571761  1.16433e+07 2.54352e+07 226245 1.00925e+06 785367 338695 145053 64749.8 59810.8 42563 30734 19206.2 8452.13 7070.35 6680.07 6997.65
7.09907e+06 7.09907e+06 0.00680599 0.0676782 0.4216 0.471174 0.377839 0.311683 0.289921 0.285347 0.285832 0.286705 0.286398 0.284897 0.282862 0.280889 0.27939 0.278812  1.70427e+07 7.78031e+06 1.32744e+07 175103 806954 675464 401393 198051 86650.9 75174.2 53853.5 38946.7 23813.6 10274.5 8279.54 15859.6
1.32198e+06 1.32198e+06 0.00555557 0.0562614 0.398329 0.466474 0.359776 0.286108 0.261055 0.254374 0.253443 0.253457 0.252731 0.251118 0.249138 0.247285 0.245906 0.245379  1.7782e+07 3.20571e+06 1.26781e+06 954313 13290.9 88939 91193.2 66117 34957.7 15111.6 12538.9 8816.97 6240.4 3712.76 1567.97 3610.8
1.02846e+06 1.02846e+06 0.00248664 0.0256726 0.212238 0.258458 0.187468 0.143486 0.12917 0.125335 0.12477 0.124797 0.12447 0.123682 0.122692 0.121755 0.121051 0.12078  1.04956e+08 9.42817e+06 1.66681e+06 382903 272029 5406.64 43642.8 47191.4 34171.4 17627.5 7359.86 5874.51 3976.4 2724.16 1581.77 2166.07
513945 513945 0.000641922 0.00669886 0.0607464 0.0756983 0.0527726 0.0394971 0.0353118 0.0342077 0.0340542 0.0340757 0.0339982 0.0337883 0.0335179 0.033259 0.033063 0.0329874  2.47154e+07 3.06391e+07 3.04498e+06 880124 357935 274454 15816.7 102128 77517.3 64155.2 33703.4 14507.9 10519.7 7377.81 4997.5 6985.83
1.21456e+07 1.21456e+07 0.009266 0.0918634 0.555304 0.629302 0.514215 0.424219 0.391905 0.383128 0.381771 0.381534 0.380228 0.377717 0.374757 0.372042 0.370048 0.369292  2.84054e+07 1.58368e+07 1.5335e+07 1.69093e+06 765962 384263 324840 23053 136629 94088.5 81486 42738.1 17954.8 12451.4 8638.42 13909.3
2.32066e+06 2.32066e+06 0.00692245 0.0697157 0.472053 0.549908 0.432106 0.34669 0.316772 0.308436 0.306965 0.30669 0.305616 0.30356 0.301124 0.298882 0.297228 0.2966  3.10338e+06 5.46007e+06 2.64986e+06 979476 100298 86663 57001.2 53498.1 4062.02 23122.8 14882.4 12872.3 6592.87 2691.73 1810.07 3247.75
876204 876204 0.0023596 0.024382 0.203026 0.247743 0.179166 0.136875 0.123129 0.119443 0.118895 0.118918 0.118607 0.117855 0.116911 0.116017 0.115345 0.115087  1.25781e+07 1.64352e+06 2.80049e+06 704535 242120 37352.9 39856.3 27750.5 25968.1 1918.29 10519.3 6500.03 5404.9 2677.46 1066.47 1967.69
247703 247703 0.000515682 0.00538526 0.0491397 0.0613273 0.0426361 0.0318622 0.0284725 0.0275792 0.0274557 0.0274741 0.0274125 0.0272437 0.0270258 0.0268169 0.0266587 0.0265976  2.91129e+07 9.61875e+06 1.18667e+06 1.40799e+06 462747 251017 63060.6 77830.8 58312.2 47690.8 4224.51 22168.4 12395.9 10769.4 5362.33 6078.11
8.37521e+06 8.37521e+06 0.00961374 0.0952129 0.570962 0.647129 0.530623 0.438299 0.404841 0.395587 0.394009 0.393632 0.392198 0.38956 0.386485 0.38368 0.381625 0.380848  2.04572e+07 1.97005e+07 7.68573e+06 1.1218e+06 1.28526e+06 507541 305710 85029.8 106535 79024.8 62784.5 5725.45 28098.7 15011.6 13004.4 13725.7
1.62954e+06 1.62954e+06 0.00448653 0.0456464 0.335609 0.395133 0.299966 0.236678 0.215611 0.210156 0.209541 0.209693 0.209189 0.207905 0.206286 0.204753 0.203602 0.203161  4.34805e+06 3.73129e+06 3.29448e+06 587046 89700.1 146456 75987.5 49767.1 14330 17765.2 12817.7 9814.21 876.232 4141.83 2144.24 3792.28
1.06401e+06 1.06401e+06 0.0023162 0.0239421 0.19994 0.244203 0.176407 0.134672 0.121121 0.117488 0.116946 0.116967 0.116659 0.115919 0.114989 0.114109 0.113447 0.113193  1.2384e+08 2.30771e+06 1.96233e+06 1.10555e+06 188612 39348 75949.7 41388.1 27090.8 7624.98 9146.98 6357.65 4690.52 405.585 1871.54 2634.49
252518 252518 0.00029544 0.00308664 0.0282978 0.0352915 0.0244709 0.018279 0.016342 0.0158379 0.0157739 0.0157894 0.0157572 0.0156621 0.0155377 0.0154179 0.0153269 0.0152918  2.31221e+07 4.21655e+07 1.25566e+06 1.41975e+06 721189 326337 89193.6 131876 68298.7 45866.5 14232.9 16922 11843.3 8342.2 754.385 8138.35
1.51151e+07 1.51151e+07 0.00907104 0.0893825 0.520518 0.578444 0.476026 0.397697 0.370624 0.36431 0.364256 0.364802 0.364033 0.361923 0.359257 0.356744 0.354867 0.354149  1.25795e+07 1.53144e+07 2.25814e+07 1.01139e+06 1.29219e+06 791935 446977 132536 182048 91990.1 60711.8 18787.4 21535.1 14677.5 10093.2 10651.9
1.59106e+06 1.59106e+06 0.00406231 0.0413491 0.305631 0.358828 0.271448 0.21422 0.19543 0.19074 0.190373 0.190643 0.190268 0.18915 0.187701 0.186316 0.18527 0.184868  5.79024e+07 2.08687e+06 2.32115e+06 1.2883e+06 67504.4 127609 111677 72661.1 22476.8 29728.8 14593.4 9309.74 2805.14 3119.36 2080.37 2894.85
1.22819e+06 1.22819e+06 0.00196654 0.0203376 0.170776 0.208169 0.149867 0.114398 0.102995 0.100009 0.0996266 0.0996999 0.0994727 0.0988623 0.0980799 0.0973329 0.096769 0.096552  8.34366e+07 3.07295e+07 1.09856e+06 789857 416899 29570.6 66117.4 60967 39761.6 12050.1 15446.9 7312.39 4497.85 1313.04 1425.63 2233.84
1.48341e+06 1.48341e+06 0.00113935 0.0118523 0.104575 0.129343 0.0912375 0.0687632 0.0616265 0.0597455 0.0594869 0.0595229 0.0593847 0.0590171 0.0585457 0.0580952 0.0577547 0.0576236  1.96707e+07 2.29553e+07 9.34933e+06 813146 503883 478547 69534.2 127848 103445 73770.2 22486.9 27799.7 12890 7871.19 2352.96 6469.48
8.87581e+06 8.87581e+06 0.00754085 0.0743074 0.435674 0.477595 0.389585 0.326603 0.306344 0.302791 0.30398 0.305283 0.30518 0.303728 0.301657 0.299616 0.298052 0.297447  3.32555e+07 1.02765e+07 1.11921e+07 4.65737e+06 644061 465976 570113 100673 168470 137398 97445 29202.4 34604.6 15567.9 9352.63 10362.4
1.20514e+06 1.20514e+06 0.00455026 0.0461589 0.332307 0.387448 0.296012 0.235142 0.215045 0.210066 0.209718 0.210029 0.209621 0.208394 0.206807 0.20529 0.204146 0.203706  3.32083e+06 5.43665e+06 1.64749e+06 670761 225681 57002.5 59071.1 88519.7 17064.9 27445.5 22228.4 15379.4 4471.69 5128.05 2255.15 2815.6
831891 831891 0.00166363 0.0172336 0.146791 0.179518 0.128449 0.097713 0.0878781 0.0853083 0.0849844 0.0850548 0.0848674 0.0843499 0.083683 0.0830449 0.0825625 0.0823767  1.46647e+08 1.76086e+06 2.83775e+06 520778 198034 92793.3 28191.9 30966 46604.8 8806.2 13725.7 10718.1 7148.72 2013.53 2254.38 2190.27
419311 419311 0.000454484 0.00474282 0.0430515 0.05353 0.0372739 0.0279154 0.0249816 0.0242195 0.0241246 0.0241491 0.0241001 0.0239547 0.0237648 0.023582 0.0234432 0.0233896  4.819e+07 4.66951e+07 1.73155e+06 1.23254e+06 447718 272644 147089 66541.3 59175.8 92804 18159.9 26536.6 20549.1 13664.5 3748.97 8289.5
1.51955e+07 1.51955e+07 0.00690496 0.0689714 0.442186 0.501477 0.399566 0.326472 0.30177 0.295863 0.295659 0.296124 0.295534 0.293818 0.291622 0.289536 0.28797 0.28737  7.06983e+07 2.7703e+07 2.54932e+07 1.32973e+06 1.01859e+06 529625 357226 182642 83608.9 75355.9 120886 23858.3 32763.2 24995.3 16327.9 14179.6
2.20604e+06 2.20604e+06 0.00324345 0.0332191 0.257791 0.306923 0.227938 0.177638 0.161253 0.15708 0.156666 0.156847 0.15652 0.155584 0.154377 0.153223 0.152352 0.152017  4.89796e+06 1.13978e+07 4.32987e+06 1.99142e+06 97034.7 126063 88804.5 64449.9 31856.8 14346.7 12880.9 20445.3 3943.2 5209.23 3904.32 4695.45
1.07407e+06 1.07407e+06 0.00115866 0.012046 0.105782 0.130539 0.0922366 0.0696176 0.0624351 0.0605509 0.0603021 0.0603469 0.0602121 0.0598428 0.0593669 0.0589113 0.0585666 0.0584338  7.91409e+07 2.6037e+06 6.09352e+06 1.68356e+06 762243 47788.8 71177.6 52215.7 37824.5 18292.7 7982.79 6913.01 10582.3 1977.71 2551.21 4138.56
446078 446078 0.000484543 0.00505943 0.0461276 0.0575161 0.0399937 0.0299031 0.0267341 0.0259033 0.025792 0.0258121 0.0257559 0.0255983 0.025394 0.0251979 0.0250493 0.024992  3.92688e+07 2.51828e+07 1.34219e+06 2.72912e+06 1.14455e+06 739646 106979 139774 100229 65781.4 28294.6 12658.7 10866.4 17014.9 3210.34 10646.3
5.97822e+06 5.97822e+06 0.00367475 0.0375125 0.283612 0.335111 0.251372 0.197265 0.179599 0.175166 0.174784 0.175015 0.174662 0.173627 0.172288 0.171009 0.170043 0.169672  2.13804e+07 1.96459e+07 1.34894e+07 949726 2.16002e+06 1.04802e+06 861428 137243 194922 137364 86416.8 34930.8 15177.1 12837 19967.5 16143.1
1.79973e+06 1.79973e+06 0.00365423 0.0373616 0.285727 0.339495 0.253752 0.198371 0.180196 0.175519 0.175006 0.17516 0.174761 0.173697 0.172341 0.171052 0.170082 0.16971  2.88944e+06 3.47988e+06 3.21669e+06 1.61086e+06 117329 361485 196199 183300 29553.4 42965.1 29463 17822.9 6875.27 2899.64 2411.32 6720.2
660162 660162 0.00154188 0.0159942 0.137758 0.169178 0.120539 0.0914173 0.0821172 0.0796749 0.0793503 0.0794032 0.0792202 0.0787317 0.0781054 0.0775073 0.0770555 0.0768816  3.96055e+07 1.53543e+06 1.85258e+06 1.20257e+06 589904 56213.1 200064 113267 105604 16647.1 23434.7 15491.4 9034.21 3376.25 1390.28 4297.97
261636 261636 0.000385878 0.00402511 0.0364242 0.0451696 0.0314772 0.0236088 0.0211505 0.0205198 0.0204484 0.0204749 0.0204369 0.0203158 0.0201559 0.0200014 0.0198838 0.0198383  2.62217e+07 2.13444e+07 1.33779e+06 1.52749e+06 633028 551182 78039 275992 132739 136455 23943.6 34701.7 21934.4 12244.9 4410.4 7558
6.98258e+06 6.98258e+06 0.00463764 0.04708 0.340557 0.398464 0.304162 0.24119 0.220328 0.215068 0.214597 0.214836 0.214365 0.213079 0.211437 0.209876 0.208703 0.208253  1.78274e+07 1.60079e+07 1.41613e+07 1.18495e+06 1.26778e+06 539813 648410 99853.7 354698 154326 167117 28926.6 41966.2 25643.2 13958.2 13441.7
1.54849e+06 1.54849e+06 0.00335926 0.0343666 0.264372 0.313834 0.233828 0.182679 0.166021 0.161813 0.161426 0.161632 0.161305 0.160347 0.159107 0.157922 0.157026 0.156682  3.82722e+07 3.06848e+06 2.62616e+06 1.55037e+06 145543 185071 94109.1 133010 20712.5 72954.8 29853.1 32147.4 5391.87 7671.85 4575.39 4801.89
941951 941951 0.00160018 0.016559 0.139971 0.170339 0.122162 0.0932165 0.0840085 0.0816567 0.0814087 0.0815135 0.0813565 0.0808738 0.0802419 0.0796339 0.0791726 0.0789946  6.4026e+07 2.03386e+07 1.63587e+06 997129 575398 70116 102834 54600.9 77118 11755.5 40130.4 15839.9 16450.6 2673.65 3714.69 4462.35
769147 769147 0.000663357 0.00691845 0.0624393 0.0776329 0.054218 0.0406439 0.0363695 0.0352494 0.0351004 0.0351277 0.0350507 0.0348361 0.0345584 0.034292 0.0340902 0.0340124  2.51764e+07 2.45523e+07 6.56004e+06 1.20199e+06 637243 576708 151360 151595 62215.9 113103 17892.3 58139.8 21071.8 22633 3714.19 11334.9
3.48514e+06 3.48514e+06 0.00159909 0.0165485 0.139937 0.17033 0.122145 0.093203 0.0840061 0.0816614 0.0814151 0.0815196 0.081362 0.0808786 0.0802463 0.0796379 0.0791764 0.0789984  9.45593e+07 1.52359e+07 1.53187e+07 3.69253e+06 1.06896e+06 613747 680057 219732 190518 73973 145774 22832.8 70860.3 24494.5 26352.7 17369.1
1.93274e+06 1.93274e+06 0.00273181 0.0281173 0.226879 0.273726 0.200344 0.154471 0.139575 0.135686 0.135198 0.13529 0.134971 0.134139 0.133079 0.132072 0.131313 0.131022  4.22078e+06 1.54133e+07 2.58804e+06 2.47959e+06 605519 219853 137515 164548 55873.2 45636.6 17125.2 33644.7 5107.63 15358.2 5160.53 9129.13
905257 905257 0.000813469 0.00847685 0.0759355 0.0942412 0.0660324 0.049589 0.0443971 0.0430344 0.0428518 0.0428831 0.0427878 0.0425251 0.042186 0.041861 0.041615 0.0415202  5.01837e+07 2.24681e+06 8.34288e+06 1.11708e+06 1.08687e+06 328624 133326 85934.9 102183 33884.4 26798.8 9697.17 18372.3 2702.69 7935.6 7251.89
384400 384400 0.00045788 0.00478159 0.0436418 0.0544271 0.0378269 0.0282767 0.0252792 0.024494 0.0243894 0.0244088 0.0243559 0.024207 0.0240139 0.0238285 0.023688 0.0236337  4.16463e+07 1.81121e+07 1.08604e+06 2.98472e+06 761649 762880 235730 163016 94673.2 121858 47239.2 33570 11236.2 22147.1 3338.84 17882.9
3.99318e+06 3.99318e+06 0.00246837 0.025381 0.203586 0.243988 0.178704 0.138249 0.12527 0.122016 0.121733 0.121916 0.121692 0.120979 0.120044 0.119144 0.118463 0.1182  1.17414e+08 2.40897e+07 1.10782e+07 799838 1.94248e+06 671424 780782 242961 197086 110626 145370 58125.1 38688 12468.3 24638.1 23357.8
3.60626e+06 3.60626e+06 0.0051051 0.0517813 0.371485 0.435442 0.333899 0.264929 0.241752 0.235702 0.234968 0.235076 0.234463 0.233 0.231177 0.229461 0.228178 0.227687  2.09554e+07 1.8909e+07 4.28202e+06 1.57546e+06 118274 333874 133428 170799 53310 44044.6 23919.3 30915.4 12147.9 7769.43 2441.87 9319.42
1.08367e+06 1.08367e+06 0.000834795 0.00869931 0.0779356 0.0967581 0.0677995 0.0509073 0.0455686 0.0441639 0.0439726 0.0440024 0.0439031 0.0436327 0.0432844 0.0429508 0.0426984 0.0426011  4.21903e+07 1.11141e+07 9.86962e+06 1.34193e+06 467264 49259.1 166746 70276.9 89964.5 27432.2 21913.4 11456.2 14260.5 5425.4 3386.91 5031.24
777049 777049 0.000641714 0.00669312 0.0604402 0.0751469 0.0524661 0.0393271 0.0351917 0.0341091 0.0339661 0.0339933 0.0339194 0.0337121 0.0334435 0.0331858 0.0329905 0.0329151  3.28946e+07 2.05702e+07 4.45511e+06 3.56772e+06 872747 437906 68451.9 149508 83635.4 104552 33337.1 31191.8 15409.2 19462.9 7675.77 11528
5.94736e+06 5.94736e+06 0.00315119 0.0323463 0.255285 0.306214 0.226142 0.175339 0.158756 0.154438 0.153908 0.154012 0.153645 0.152697 0.151494 0.150351 0.149492 0.149162  1.00206e+08 2.10762e+07 1.2472e+07 3.0393e+06 2.25965e+06 866225 499424 88971.3 162440 94939.7 122909 39024.6 37131.7 17837.5 22236.3 21884.7
1.44252e+06 1.44252e+06 0.00199555 0.0205959 0.1703 0.206001 0.149085 0.114403 0.103316 0.100496 0.10021 0.100341 0.100146 0.0995526 0.0987769 0.0980313 0.0974662 0.0972483  5.09332e+06 1.61391e+07 3.59977e+06 1.62526e+06 439298 382173 182947 111422 20427.8 34883.5 20041.4 25726.4 7950.41 7428.49 3484.66 8528.36
780124 780124 0.000671198 0.00699861 0.0630451 0.0783166 0.0547326 0.0410537 0.0367466 0.0356203 0.0354728 0.0355023 0.0354258 0.0352096 0.0349294 0.0346604 0.0344565 0.0343779  1.03477e+07 2.71275e+06 8.79423e+06 1.65533e+06 763357 248542 238933 117709 71332.7 12794.2 21188 11751.8 14558.5 4361.63 3980.27 6320.08
404978 404978 0.000487557 0.00509235 0.0465319 0.0580931 0.0403637 0.0301561 0.0269484 0.0261043 0.0259882 0.026006 0.0259478 0.0257881 0.0255818 0.0253839 0.0252341 0.0251764  5.71337e+07 7.43302e+06 1.52195e+06 3.18511e+06 1.12648e+06 640029 234137 191753 119140 78328.8 16566 22710.2 13275.4 16275.5 4980.15 12186.4
4.01172e+06 4.01172e+06 0.00334976 0.0342847 0.264609 0.314607 0.234167 0.182768 0.166029 0.161783 0.16137 0.161559 0.16122 0.160255 0.159012 0.157824 0.156928 0.156584  7.81982e+07 2.90034e+07 5.41078e+06 1.29213e+06 2.05148e+06 1.06498e+06 667805 282416 202468 139481 92635.6 20367.8 25421.6 14667.1 17864.9 19014
1.86312e+06 1.86312e+06 0.00283573 0.0291583 0.233445 0.280901 0.206207 0.159335 0.144106 0.140148 0.13967 0.139778 0.139456 0.138601 0.13751 0.136472 0.135689 0.135388  3.36782e+06 1.28096e+07 4.78762e+06 709135 183679 325433 209552 139481 62026.3 42001.9 29151.6 18884.8 4079.89 4859.15 2751.83 6867.4
794943 794943 0.000800749 0.00834839 0.0750773 0.0933545 0.0653183 0.0489888 0.0438286 0.0424669 0.0422774 0.042303 0.0422056 0.0419446 0.0416089 0.0412878 0.0410448 0.0409512  3.17777e+07 1.79227e+06 6.91659e+06 2.02404e+06 302592 97789.5 194592 129392 85660.8 37214.6 24404.7 16334 10204.3 2136.24 2484.41 4828.69
198413 198413 0.000236541 0.00247227 0.0227435 0.0283929 0.0196585 0.0146719 0.0131137 0.0127083 0.0126568 0.0126693 0.0126435 0.0125671 0.0124672 0.0123711 0.012298 0.0122698  3.79998e+07 2.05604e+07 828093 2.96627e+06 1.12608e+06 340967 127150 162771 150773 102270 45683.9 27681.9 19315.9 12241.5 2732.09 8788.88
6.14792e+06 6.14792e+06 0.00371851 0.037692 0.270959 0.312382 0.237848 0.18976 0.174452 0.171104 0.1713 0.171872 0.171739 0.170852 0.169612 0.168395 0.167463 0.167101  1.33573e+08 2.52305e+07 1.31979e+07 632586 2.26839e+06 971363 402608 167867 171641 178739 120893 55179.6 31280.1 21774.4 13686.8 12861.9
2.85262e+06 2.85262e+06 0.00403786 0.0412648 0.313921 0.373883 0.2804 0.219195 0.198875 0.193492 0.192756 0.192808 0.192293 0.191078 0.189565 0.188138 0.187071 0.186662  5.57954e+06 2.13561e+07 4.09098e+06 1.3351e+06 68533.8 321618 161918 78449.8 34365 32398.3 34300.8 22641.4 10158.9 5533.41 3798.74 4580.77
826926 826926 0.000593788 0.00619445 0.0560371 0.0696902 0.0486146 0.0364249 0.0325902 0.0315868 0.0314552 0.0314814 0.0314138 0.0312223 0.0309738 0.0307351 0.0305542 0.0304844  4.98447e+07 2.96503e+06 1.1358e+07 1.50871e+06 485036 32838.6 178005 93234.4 44965.9 19220.7 17521.7 17865.8 11362.3 4937.43 2625.39 3906.42
121150 121150 0.00010948 0.00114548 0.010635 0.0133177 0.00918564 0.0068383 0.00610588 0.00591469 0.00588971 0.00589509 0.00588286 0.00584716 0.00580058 0.00575573 0.00572168 0.00570853  4.60011e+07 2.12345e+07 1.40583e+06 4.39529e+06 1.19148e+06 580606 51371 244449 108010 64627.4 28585.7 21650.4 24096.6 15356.9 6764.93 8837.05
4.12927e+06 4.12927e+06 0.00222311 0.0229356 0.188862 0.228681 0.1659 0.127354 0.114966 0.111773 0.111406 0.111515 0.111274 0.1106 0.109731 0.1089 0.108272 0.10803  2.8279e+07 2.76715e+07 1.26584e+07 1.0701e+06 2.98142e+06 1.14026e+06 659100 72383.9 318832 128215 82116.3 36385.1 25072.8 28078.7 17684.5 17966.8
1.74967e+06 1.74967e+06 0.00231052 0.0238502 0.197097 0.23939 0.173533 0.132986 0.119894 0.116463 0.116018 0.116091 0.115817 0.115101 0.114188 0.11332 0.112665 0.112413  1.42788e+07 5.01479e+06 5.0046e+06 1.84802e+06 174682 541630 243085 151263 17693.4 75371.6 28746.9 18271.1 7891.08 5190.95 5735.58 7195.86
588145 588145 0.00071879 0.00749243 0.0673053 0.0835412 0.0584535 0.0438768 0.0392844 0.0380841 0.0379276 0.0379592 0.0378774 0.0376463 0.0373468 0.0370593 0.0368415 0.0367574  1.01144e+08 7.60658e+06 2.73399e+06 2.29958e+06 875447 100011 341614 157198 97046.7 11081.8 45714.3 16816.2 10309 4314.88 2771.84 6784.91
1.18448e+06 1.18448e+06 0.00106603 0.0110898 0.0979027 0.120999 0.0853079 0.064308 0.0576555 0.0559132 0.0556834 0.055725 0.0556007 0.0552595 0.0548196 0.0543984 0.0540797 0.0539569  7.20565e+07 3.71306e+07 2.98701e+06 1.73386e+06 1.27504e+06 658235 107582 261191 163783 112190 14367.5 55405.1 18725 11922.5 5025.35 10744.9
4.76339e+06 4.76339e+06 0.00172031 0.0178181 0.151553 0.185354 0.132734 0.10102 0.090883 0.0882394 0.0879044 0.087973 0.0877752 0.0872372 0.0865458 0.0858852 0.085386 0.0851938  9.75265e+06 3.76628e+07 2.178e+07 1.81259e+06 1.39845e+06 1.18371e+06 657468 134263 261368 183603 130117 17648.7 63711.7 20479.1 13110.2 17149.5
2.25819e+06 2.25819e+06 0.00226427 0.0233567 0.192076 0.232543 0.168803 0.129608 0.116995 0.113735 0.113354 0.11346 0.113213 0.112526 0.111641 0.110795 0.110157 0.109911  1.36798e+06 1.63747e+06 6.43394e+06 3.51787e+06 313159 292509 277688 156103 33548.7 60430.2 42585.4 29680.2 3974.68 13839.7 4323.19 6327.46
1.06682e+06 1.06682e+06 0.00153037 0.0158684 0.136264 0.16705 0.11914 0.0904581 0.0813141 0.0789296 0.0786279 0.078692 0.0785177 0.0780378 0.0774194 0.0768278 0.0763805 0.0762082  1.24377e+08 728570 891148 2.91793e+06 1.63289e+06 176341 182257 177889 99376.4 20870.9 36427.7 24768 16653.5 2161.57 7350.3 5557.19
682293 682293 0.000916542 0.00955264 0.0856444 0.106498 0.0746347 0.056005 0.0501048 0.0485409 0.0483163 0.048339 0.0482234 0.0479225 0.0475377 0.0471704 0.0468928 0.046786  4.04786e+07 3.4944e+07 516966 628195 1.43667e+06 1.02762e+06 154253 181140 168569 101828 25152.2 36141.7 26673.9 18115.2 2487.79 14065.8
7.67808e+06 7.67808e+06 0.0041359 0.0421646 0.315076 0.372326 0.28087 0.220814 0.20098 0.195881 0.195323 0.195482 0.195023 0.193831 0.192319 0.190886 0.189809 0.189396  3.44265e+07 2.41769e+07 1.76304e+07 456261 518290 1.22768e+06 1.0438e+06 180054 212203 198581 117887 30860.3 39752.9 29595.3 19948.2 18250.4
2.20774e+06 2.20774e+06 0.00347881 0.0355715 0.272467 0.323247 0.241294 0.188686 0.171517 0.167167 0.166753 0.166953 0.166606 0.165611 0.164329 0.163104 0.16218 0.161824  4.31973e+06 6.24803e+06 4.33707e+06 2.0298e+06 60544.3 81365.7 226136 212170 38057.7 43876.3 40406.2 23159.9 5998.88 7341.66 5396.52 6898.61
1.08324e+06 1.08324e+06 0.00130054 0.0135256 0.118999 0.147299 0.104081 0.0784524 0.0702778 0.0681009 0.067782 0.067806 0.0676378 0.0672129 0.0666729 0.0661587 0.0657709 0.0656217  2.38691e+08 2.29534e+06 3.32679e+06 1.62781e+06 743551 28930.1 44943.9 130495 122348 21478.7 23994.7 21311.2 11779.4 2956.35 3532.84 5813.21
1.25691e+06 1.25691e+06 0.00100824 0.010498 0.0933512 0.115725 0.0813645 0.0611985 0.0548071 0.0531209 0.0528871 0.0529182 0.0527953 0.0524682 0.0520486 0.0516475 0.0513443 0.0512275  1.08034e+08 6.6975e+07 1.29755e+06 1.66833e+06 888342 510162 50749.9 62359.6 143194 138688 29186.7 31477.7 26902.8 14903.5 4013.56 11891.6
1.08713e+07 1.08713e+07 0.00327781 0.0335029 0.256136 0.302775 0.225936 0.176965 0.161124 0.157224 0.156961 0.15723 0.156954 0.156047 0.154855 0.153708 0.152839 0.152504  3.30077e+07 5.16489e+07 3.15782e+07 1.02551e+06 1.34135e+06 857714 528381 70232.7 73359.5 160365 160142 35253.8 36468.8 30415.1 16516.5 17680.1
2.35453e+06 2.35453e+06 0.00190151 0.0196691 0.165478 0.201732 0.145105 0.110741 0.0997246 0.0968546 0.096497 0.0965754 0.0963596 0.0957705 0.0950133 0.0942898 0.0937433 0.0935329  8.98523e+06 5.39732e+06 8.46966e+06 3.68486e+06 142690 230368 174868 112417 15963.8 15566.3 33032.8 32633.9 7092.65 7097.55 5799.14 6431.18
986585 986585 0.000888824 0.00925981 0.0827555 0.102689 0.0720344 0.0541193 0.0484534 0.0469621 0.0467583 0.046789 0.0466825 0.0463946 0.046024 0.0456693 0.045401 0.0452976  1.37451e+08 4.78891e+06 2.9576e+06 4.0754e+06 1.84285e+06 84641.2 149111 115752 73802 10235.1 9669.71 19799.6 18872.6 3975.88 3885.63 6580.28
1.18718e+06 1.18718e+06 0.00103885 0.0108152 0.096049 0.119041 0.0837449 0.063008 0.0564328 0.0546977 0.0544563 0.0544874 0.0543601 0.0540229 0.0535907 0.0531777 0.0528656 0.0527454  3.23464e+07 4.77879e+07 2.41146e+06 1.43583e+06 1.75518e+06 910920 97144.6 153648 123879 82659.6 14339.3 11991.8 22364.6 21431.3 4888.82 12401.8
5.21671e+06 5.21671e+06 0.00179043 0.0185199 0.155887 0.189794 0.13643 0.104169 0.0938694 0.0912166 0.0909124 0.0910075 0.0908172 0.0902695 0.0895597 0.0888794 0.0883645 0.0881661  1.14421e+08 1.99758e+07 2.51963e+07 1.59467e+06 1.01478e+06 1.3406e+06 780050 126486 186642 151432 99173.5 18054.5 13918 24784.2 23575.8 19227.1
2.16441e+06 2.16441e+06 0.00231397 0.023864 0.19586 0.237043 0.172219 0.132287 0.119424 0.116095 0.115703 0.115807 0.115553 0.11485 0.113946 0.113083 0.112432 0.112181  7.04641e+06 1.83639e+07 3.39436e+06 3.79165e+06 267375 199770 292660 178937 31765.9 45186.7 35895 22756.8 4067.26 3009.44 5218.41 8927.53
1.18476e+06 1.18476e+06 0.000855051 0.00890973 0.0797648 0.0990212 0.0694096 0.0521257 0.046663 0.0452256 0.0450295 0.0450594 0.0449571 0.0446799 0.044323 0.0439814 0.0437229 0.0436233  5.87354e+07 3.75263e+06 9.98845e+06 1.53156e+06 1.74965e+06 149994 124128 186999 113618 19708.9 27163.8 20818.1 12732.3 2205.55 1593.7 7358.17
1.11752e+06 1.11752e+06 0.00112911 0.011754 0.104275 0.129331 0.0910547 0.0685013 0.0613326 0.0594289 0.0591531 0.0591775 0.0590331 0.0586634 0.0581922 0.057743 0.057404 0.0572735  3.00823e+07 2.2125e+07 1.39803e+06 3.81304e+06 881651 1.00711e+06 136791 106207 150265 96332.9 23605.3 30107.8 22961.3 14060.3 2590.46 9845.83
5.83144e+06 5.83144e+06 0.00397408 0.0402258 0.285983 0.328977 0.25157 0.201215 0.185127 0.181603 0.181804 0.182397 0.182245 0.181298 0.179983 0.178693 0.177706 0.177323  7.48411e+07 1.82416e+07 1.21478e+07 840752 2.38988e+06 768304 936334 160120 116804 162140 105590 28702.1 34693 25886.3 15581.1 13714.8
1.29297e+06 1.29297e+06 0.002318 0.0239378 0.198464 0.241487 0.174872 0.133853 0.120588 0.117085 0.116608 0.116664 0.116378 0.115652 0.114731 0.113857 0.113198 0.112945  8.6787e+06 1.20157e+07 2.9654e+06 1.19542e+06 84913 313727 131495 175294 32380.5 22842.4 31065.7 19859.7 5407.81 6304.2 4607.3 5143.3
1.23336e+06 1.23336e+06 0.00112333 0.0116903 0.103473 0.128166 0.090302 0.0679874 0.0608969 0.0590202 0.0587552 0.0587853 0.0586456 0.0582807 0.057814 0.0573684 0.0570319 0.0569024  2.14766e+08 4.62399e+06 6.55806e+06 1.37434e+06 573512 49101.8 199306 85512.6 112990 20364.7 13907.5 18239.1 11245.2 2967.4 3378.04 5134.54
2.49052e+06 2.49052e+06 0.00188701 0.0195604 0.167253 0.205615 0.147093 0.111646 0.100232 0.0971791 0.0967214 0.0967402 0.0964873 0.0958749 0.0951036 0.0943722 0.093822 0.0936107  1.13722e+08 6.16024e+07 1.9419e+06 2.49763e+06 856068 457551 58278.9 196788 100755 125710 26869 16692.2 20877.5 12956.8 3802.78 10486.4
1.19025e+07 1.19025e+07 0.00367473 0.0375798 0.287839 0.34237 0.255811 0.19987 0.181499 0.176752 0.176209 0.176346 0.175932 0.174853 0.173484 0.172185 0.171208 0.170832  8.81087e+07 5.22227e+07 2.94138e+07 1.2041e+06 1.50027e+06 763469 469188 73117.3 217532 119038 146060 32315.7 18952.3 22998.2 14123.5 15797.3
3.83412e+06 3.83412e+06 0.00310145 0.0318568 0.252715 0.303733 0.223891 0.173319 0.156795 0.152463 0.151908 0.151994 0.151622 0.150681 0.149491 0.148361 0.147511 0.147185  5.74899e+06 1.41205e+07 8.5862e+06 3.48174e+06 161086 245814 153959 100455 16484.5 46411.8 25293.3 30174.1 6553.73 3703.43 4393.05 5659.97
1.57522e+06 1.57522e+06 0.00123391 0.012824 0.112274 0.138478 0.0979834 0.0740093 0.0663907 0.0643913 0.0641252 0.0641702 0.0640247 0.0636307 0.0631241 0.0626395 0.0622732 0.0621321  1.54692e+07 3.05882e+06 7.60477e+06 3.54319e+06 1.44628e+06 84355.5 145211 93979.7 60966.7 9768.24 26620.1 13984.4 16084.2 3384.68 1867.51 4980.84
652792 652792 0.000730445 0.0076132 0.068335 0.0847971 0.0593524 0.0445621 0.0399026 0.0386854 0.0385272 0.0385597 0.0384766 0.0382419 0.0379377 0.0376458 0.0374245 0.0373392  3.74152e+07 1.17944e+07 2.47711e+06 2.61946e+06 1.4694e+06 826400 99860.6 140009 113283 73645.4 13327 32290.9 17662.8 19564.5 4321.97 8372.89
4.20081e+06 4.20081e+06 0.00308671 0.0316625 0.248701 0.297324 0.219837 0.17078 0.154833 0.150749 0.150312 0.150465 0.150137 0.14923 0.148065 0.146953 0.146115 0.145793  6.17195e+07 2.00264e+07 8.06783e+06 1.95065e+06 1.66185e+06 1.19568e+06 803808 130995 163494 141222 90724.4 16886.2 38033.7 20695.9 22390.7 14501.8
1.48594e+06 1.48594e+06 0.00264423 0.0271773 0.217087 0.260227 0.191 0.147836 0.133916 0.130386 0.130043 0.13021 0.129952 0.12918 0.128177 0.127215 0.126488 0.126207  7.3397e+06 1.00306e+07 3.44635e+06 1.06736e+06 280112 280293 241347 174378 30393.5 36110.4 30991.1 19319.1 3525.23 7625.81 4079.28 7164.95
962406 962406 0.00123691 0.0128599 0.11291 0.139481 0.0985979 0.0743983 0.0667003 0.0646695 0.0643893 0.0644267 0.0642759 0.0638775 0.0633672 0.0628799 0.0625118 0.06237  9.62525e+06 3.90507e+06 5.40943e+06 1.44738e+06 448458 146881 165742 147886 106537 18171.4 20930.9 17335.1 10425.6 1843.86 3895.24 5641.34
572315 572315 0.000857092 0.00893096 0.0799522 0.0992551 0.0695752 0.0522505 0.046775 0.0453344 0.0451377 0.0451675 0.0450649 0.044787 0.0444292 0.0440867 0.0438276 0.0437278  6.89193e+07 7.76365e+06 1.6635e+06 1.98993e+06 873643 412483 200482 138307 136777 110448 23610.7 24643.5 20982 12503.9 2331.26 11373.3
2.48797e+06 2.48797e+06 0.00209677 0.021679 0.181571 0.221434 0.159659 0.121927 0.10978 0.106586 0.106159 0.106219 0.105964 0.105306 0.104469 0.103671 0.103071 0.102839  2.75303e+07 3.34607e+07 5.58357e+06 1.08493e+06 1.29601e+06 879676 463753 259852 152118 156874 129136 29027 28399.4 23868.3 14012 15267.4
1.89102e+06 1.89102e+06 0.0026477 0.0272748 0.221571 0.267956 0.195621 0.150542 0.135909 0.132069 0.13157 0.131647 0.13133 0.130516 0.129482 0.128499 0.12776 0.127476  4.47482e+07 4.59111e+06 5.7426e+06 875917 180618 250287 205782 111004 63976.8 35365.8 35992.9 28931.5 6390.9 6022.72 4965.49 6007.93
1.18911e+06 1.18911e+06 0.00136369 0.0141672 0.123564 0.152377 0.10802 0.0816424 0.073234 0.0710147 0.0707083 0.070748 0.0705811 0.0701431 0.0695829 0.0690483 0.0686446 0.0684892  5.55256e+07 2.38261e+07 2.49035e+06 2.52333e+06 392974 99675.7 153650 129928 69588 39153.2 20954.2 20563 15939.4 3411.86 3139.68 5621.12
1.09193e+06 1.09193e+06 0.000841809 0.00877333 0.0786605 0.0977097 0.0684509 0.0513829 0.0459885 0.0445675 0.0443718 0.0444 0.0442985 0.0440249 0.0436729 0.0433361 0.0430813 0.0429831  4.01866e+07 2.46583e+07 7.54711e+06 1.24498e+06 1.24073e+06 320976 94137.1 117058 147584 78850.3 48341.5 22449.8 22138.1 17409.8 3951.56 9798.88
5.2263e+06 5.2263e+06 0.00258119 0.0265843 0.215714 0.260479 0.190179 0.146469 0.132327 0.128654 0.128208 0.128309 0.128015 0.127231 0.126228 0.125272 0.124552 0.124275  2.71997e+07 2.08863e+07 1.42564e+07 3.97207e+06 1.03395e+06 1.12208e+06 353696 112903 122943 180612 93290.6 57466.1 25031.7 24259.6 18862.7 14933
1.83008e+06 1.83008e+06 0.00284382 0.0292885 0.237297 0.287348 0.210148 0.161714 0.145904 0.141698 0.141098 0.141135 0.140766 0.139876 0.13876 0.137703 0.13691 0.136606  2.76006e+07 4.55735e+06 3.51181e+06 1.9643e+06 569576 204595 245124 81660.9 26591.3 27366.9 40967.3 20368.9 12232.8 5128.2 4872.84 6709.39
1.53398e+06 1.53398e+06 0.00206469 0.0213576 0.179569 0.219339 0.15792 0.120451 0.108378 0.105188 0.104748 0.104798 0.104541 0.103889 0.103061 0.102273 0.10168 0.101452  1.06517e+08 1.46962e+07 2.47088e+06 1.53288e+06 878082 314457 125640 154608 51074.1 16219.6 16149.3 23298.9 11167.8 6498.05 2659.8 5901.84
1.10798e+06 1.10798e+06 0.00112041 0.011662 0.103366 0.128126 0.0902302 0.0679044 0.0608109 0.0589309 0.0586624 0.0586897 0.0585485 0.0581831 0.0577165 0.0572713 0.0569352 0.0568058  2.9071e+07 3.05755e+07 4.63422e+06 805403 657865 563162 197782 149662 160849 56928.4 19663.6 16736.3 27219.3 12715.1 7445.71 9638.43
4.98366e+06 4.98366e+06 0.0025967 0.026636 0.209729 0.249397 0.183843 0.14303 0.129978 0.126794 0.126605 0.126857 0.126659 0.12594 0.124981 0.124053 0.123347 0.123075  5.15553e+07 2.40017e+07 1.55001e+07 2.43893e+06 550256 553638 567882 203667 193881 195747 68953.5 23977.9 18875.5 31032.8 14169.3 18873
2.17043e+06 2.17043e+06 0.00294916 0.0303801 0.246418 0.299002 0.218697 0.168139 0.151569 0.147107 0.146422 0.14642 0.146011 0.145073 0.143907 0.142808 0.141984 0.141669  2.71368e+06 8.86641e+06 4.61274e+06 2.04112e+06 320709 96828.2 111217 123607 44918.5 44583 43345.8 14823.1 5030.43 3798.1 6170.1 6463.15
1.33768e+06 1.33768e+06 0.00171553 0.0177922 0.152885 0.187986 0.134152 0.101733 0.0913304 0.0885656 0.0881679 0.0882008 0.087981 0.0874287 0.0867283 0.0860622 0.0855604 0.0853674  1.64573e+07 1.44511e+06 4.81013e+06 2.01998e+06 919684 178464 59804.1 70418.9 77501.4 27441.6 26334.2 24666.3 8130.15 2672.8 1970.3 6440.69
773065 773065 0.00106537 0.0110928 0.0986076 0.12232 0.0860338 0.0646987 0.0579252 0.0561301 0.0558736 0.0559 0.055766 0.0554181 0.0549737 0.0545495 0.0542291 0.0541058  3.86692e+07 2.01375e+07 764166 2.05732e+06 1.45111e+06 490304 123659 50346.2 67668.1 86297.3 29272.3 33467.7 29208.4 9588.7 3243.92 9786.81
4.93303e+06 4.93303e+06 0.00274858 0.0283097 0.229601 0.277815 0.203026 0.156262 0.141051 0.137039 0.136495 0.136555 0.136212 0.135359 0.134283 0.133262 0.132495 0.1322  3.02713e+07 2.43255e+07 1.42636e+07 603836 1.56393e+06 1.68335e+06 487796 134275 58629.4 78902.7 103407 34318.9 40111.7 33530.5 10849.3 14591.4
1.17846e+06 1.17846e+06 0.00166381 0.0172666 0.149125 0.183725 0.130857 0.0990892 0.0888991 0.0861817 0.0857812 0.0858058 0.0855875 0.0850474 0.0843642 0.083715 0.0832261 0.0830381  7.86232e+06 4.95282e+06 4.10867e+06 2.01348e+06 100043 300610 395170 111981 31073.8 13502.8 17667.6 22670.4 7285.6 8364.29 6809.96 5092.44
735543 735543 0.00108058 0.01125 0.0999144 0.123909 0.087184 0.0655788 0.0587179 0.0568997 0.0566401 0.056667 0.0565311 0.0561785 0.055728 0.0552981 0.0549734 0.0548484  1.55982e+07 4.19444e+06 2.73636e+06 2.11532e+06 1.10252e+06 63433.2 204331 272463 76278.4 20632.3 8678.43 10951.7 13555.6 4222.27 4733.93 6623.55
363373 363373 0.000539905 0.00563827 0.0514455 0.0642264 0.0446586 0.0333727 0.0298219 0.0288855 0.0287548 0.0287727 0.0287072 0.0285298 0.0283012 0.0280823 0.0279166 0.0278527  1.65538e+07 1.68455e+07 1.7005e+06 1.13297e+06 1.14656e+06 834916 69189.9 174818 310068 70531.9 21181 9125.93 11667.7 14681.7 4500.38 12356.6
3.04187e+06 3.04187e+06 0.00196046 0.0202693 0.169863 0.206824 0.149003 0.113845 0.102575 0.0996475 0.0992891 0.0993731 0.0991523 0.0985469 0.0977685 0.0970246 0.0964627 0.0962464  1.62563e+07 1.02517e+07 1.25789e+07 1.20864e+06 836420 1.01325e+06 886112 91850.4 201217 394682 82422.7 24889.2 10541.3 13150.8 16368.4 18702.1
769892 769892 0.00163371 0.0169537 0.146411 0.180296 0.128401 0.0972467 0.0872632 0.0846084 0.0842241 0.0842542 0.0840436 0.0835155 0.0828457 0.0822087 0.0817287 0.0815441  2.93206e+06 2.77337e+06 1.79531e+06 1.98829e+06 208901 165338 222808 208856 22850.9 47389.6 93074.7 18533.6 5445.67 2244.99 2739.02 7211.15
556776 556776 0.00121368 0.0126143 0.110492 0.136275 0.0963999 0.072809 0.0653161 0.0633518 0.0630924 0.0631383 0.0629962 0.0626092 0.062111 0.0616343 0.0612738 0.0611349  7.70972e+07 1.56418e+06 1.53211e+06 924054 1.0873e+06 132255 112259 153517 142214 15170.2 30457.9 57700.3 11083.8 3156.56 1270.86 5530.08
540850 540850 0.000845355 0.0088112 0.0790629 0.0982567 0.0688163 0.0516423 0.0462129 0.0447805 0.0445811 0.0446077 0.0445047 0.0442291 0.0438751 0.0435365 0.0432805 0.0431818  5.56647e+07 2.56768e+07 1.15156e+06 736608 506981 809591 115929 90392.7 133890 141896 17595.6 30419.2 61044.3 11010.7 3218.56 6972.01
3.90504e+06 3.90504e+06 0.0024975 0.0252993 0.182128 0.206904 0.156586 0.125532 0.116154 0.114519 0.115081 0.115761 0.11586 0.115373 0.114595 0.113798 0.113173 0.112928  5.07727e+07 2.87111e+07 1.37652e+07 965947 604906 495541 910254 144712 103278 151840 166907 21693 34536 68999.4 12086.7 11165.6
1.64816e+06 1.64816e+06 0.00244682 0.0252468 0.20785 0.252425 0.183319 0.140566 0.126712 0.123055 0.122559 0.122618 0.122316 0.121553 0.120587 0.119668 0.118977 0.118712  4.91602e+06 8.26864e+06 4.73894e+06 1.42497e+06 109165 86930.4 88601.1 180048 30055.1 20713.4 29874.7 32476.6 4174.82 6375.31 12536.9 4155.21
829810 829810 0.00096217 0.0100102 0.0884739 0.109249 0.0769549 0.0580141 0.0520269 0.0504684 0.050273 0.0503196 0.0502134 0.0499089 0.0495135 0.0491338 0.0488461 0.0487352  1.02867e+08 2.61868e+06 4.50354e+06 2.15649e+06 668406 62159 54601.8 57044.6 114944 18722.5 12490.6 17370.8 18210.9 2268.51 3382.79 8716.15
529904 529904 0.000604078 0.00630645 0.0573793 0.0715919 0.0498437 0.0372707 0.0333095 0.0322632 0.032116 0.0321349 0.032061 0.0318625 0.0316071 0.0313626 0.0311776 0.0311063  4.89836e+07 3.36714e+07 1.20449e+06 1.87821e+06 1.0251e+06 479277 95942.8 64855.5 71461.7 146591 24771.6 15050.7 20497.6 21674.7 2873.61 14352.8
3.32078e+06 3.32078e+06 0.00155976 0.0161569 0.137645 0.168106 0.120229 0.0915251 0.082392 0.0800395 0.0797689 0.0798544 0.0796897 0.0792101 0.0785869 0.0779889 0.0775359 0.0773613  2.20594e+07 2.35239e+07 1.75086e+07 893439 1.3899e+06 930520 539412 137245 85931.1 93348.4 187053 31579.3 18137.2 23778.8 24817.8 19639.5
1.22761e+06 1.22761e+06 0.00164611 0.0170444 0.144693 0.176599 0.1265 0.0963677 0.0867589 0.0842762 0.0839853 0.0840707 0.0838945 0.083388 0.0827315 0.082102 0.0816255 0.0814419  9.01343e+06 3.61667e+06 4.02395e+06 2.71433e+06 160611 281865 214021 132566 35048.1 21160.1 22428.2 43504.2 7140.42 3956.01 5061.64 9340.86
673198 673198 0.00103549 0.0107803 0.0957474 0.118666 0.0834767 0.0628033 0.0562469 0.054516 0.054275 0.0543062 0.0541794 0.0538435 0.0534128 0.0530012 0.0526901 0.0525703  4.4439e+07 4.80492e+06 1.98669e+06 1.98116e+06 1.39239e+06 96764.7 184538 143211 88010.6 22737 13306.9 13614.6 25486 4055.27 2194.39 7846.71
417301 417301 0.000735931 0.00767645 0.06933 0.0863252 0.060293 0.0451694 0.0403953 0.0391346 0.0389579 0.0389807 0.0388906 0.0386497 0.0383401 0.0380438 0.0378198 0.0377334  2.53538e+07 1.40608e+07 1.84569e+06 741364 784957 680706 81461 140658 121069 89015.8 26441.1 14149.8 14508.8 26491.4 4306.76 10233.5
3.26578e+06 3.26578e+06 0.00382409 0.0382944 0.253201 0.280922 0.218899 0.179302 0.167454 0.165753 0.166851 0.167964 0.168176 0.16752 0.166432 0.165308 0.164423 0.164075  2.6781e+07 1.28083e+07 7.552e+06 1.20113e+06 510372 611117 600723 98673.8 155892 137727 105585 32080.1 16365.5 16269.5 28954.7 15773.1
1.56597e+06 1.56597e+06 0.00544834 0.0552075 0.392653 0.460258 0.354353 0.281511 0.256793 0.250214 0.249306 0.249328 0.24862 0.247035 0.245088 0.243264 0.241906 0.241387  1.73877e+07 4.40061e+06 2.06631e+06 636005 96835.4 56773.9 87903.6 98333.2 18335.8 28025.9 24658.6 18709.8 5578.29 2750.32 2675.94 7242.68
1.05206e+06 1.05206e+06 0.00239334 0.0247274 0.205658 0.250917 0.181565 0.138751 0.124834 0.121102 0.120546 0.120567 0.120249 0.119486 0.118528 0.117621 0.11694 0.116679  5.59611e+07 9.22044e+06 2.2914e+06 632173 184107 39797.1 28071.5 45805.4 51172.2 9310.57 13746.7 11636.1 8499.6 2453.02 1180.37 4178.45
620070 620070 0.000832502 0.00867322 0.077549 0.0961729 0.067434 0.0506663 0.0453687 0.0439786 0.0437936 0.0438269 0.0437302 0.0434623 0.0431161 0.0427843 0.042533 0.0424361  5.2771e+07 2.06919e+07 3.52488e+06 829147 319057 180319 63948.5 37020.4 51735.6 64035.8 14937.6 20094.7 17088.3 12934.4 3849.77 8162.45
3.44979e+06 3.44979e+06 0.00209438 0.0216442 0.180652 0.219902 0.158732 0.12136 0.109339 0.106197 0.105796 0.105871 0.105626 0.104976 0.104145 0.103352 0.102754 0.102523  3.33474e+07 2.73451e+07 1.16069e+07 2.23026e+06 613972 319636 226849 90318.1 49013.4 64592.1 79880.3 19401.5 24750.7 20412.4 15272.4 14075.4
1.25235e+06 1.25235e+06 0.00176123 0.0182414 0.155085 0.189738 0.135911 0.103416 0.093002 0.09027 0.0899128 0.0899753 0.0897688 0.0892164 0.0885084 0.0878325 0.0873221 0.0871257  1.10034e+07 5.57325e+06 4.61923e+06 1.74788e+06 372808 123927 74282.8 56050.1 22645.7 11871.7 15105.2 18177.7 4328.01 5330.15 4299.43 6098.95
753900 753900 0.00102548 0.0106724 0.0945418 0.116991 0.0823671 0.0620248 0.0555772 0.0538825 0.0536544 0.0536917 0.0535706 0.053241 0.0528167 0.0524105 0.0521032 0.0519848  3.29607e+07 5.86662e+06 3.06378e+06 2.28366e+06 905179 226690 81670.5 49914.5 37305.2 14712.1 7471.29 9172.2 10649.6 2457.82 2956.18 5666.05
292349 292349 0.000438626 0.00458375 0.0420739 0.0526176 0.0364928 0.0272274 0.0243158 0.023547 0.023439 0.0234534 0.0234 0.0232554 0.023069 0.0228904 0.0227551 0.022703  3.9788e+07 1.32539e+07 2.07786e+06 1.22483e+06 1.03355e+06 532225 203319 71064.4 48474.3 40623.2 17146.2 8373.11 9754.77 11437.6 2738.4 9402.25
3.72133e+06 3.72133e+06 0.00343793 0.0351514 0.269186 0.319146 0.238209 0.186334 0.169441 0.165187 0.164807 0.165021 0.164688 0.163711 0.162446 0.161236 0.160323 0.159972  1.12057e+07 1.88227e+07 7.59144e+06 1.32144e+06 929724 862804 528483 249584 84350.9 58787.8 50008.2 21091.8 9916.63 11067 12775 13559.3
1.48708e+06 1.48708e+06 0.00365557 0.037496 0.293573 0.353078 0.262005 0.203185 0.183692 0.178431 0.177619 0.177601 0.177089 0.175946 0.174534 0.173208 0.172218 0.171838  9.14399e+06 1.84213e+06 3.1308e+06 909948 167526 154390 163512 110043 55041.3 18068.7 12361.6 10259.2 4206.32 1914.5 2082.66 4892.76
711597 711597 0.00182584 0.0189172 0.161208 0.197654 0.141514 0.107559 0.0966491 0.0937589 0.0933541 0.093397 0.0931687 0.092587 0.0918477 0.091144 0.0906137 0.0904098  6.7174e+07 4.86423e+06 988825 1.24841e+06 365840 86310.1 90113.4 98482.7 65745.1 32041.3 10164.9 6696.15 5354.14 2126.04 944.66 3379.2
610948 610948 0.00104982 0.0109326 0.0973096 0.120767 0.084896 0.0638172 0.0571238 0.0553475 0.055092 0.055117 0.0549844 0.0546411 0.0542026 0.0537843 0.0534684 0.0533467  7.51236e+07 2.05081e+07 1.8248e+06 387021 501364 283528 85498.3 88601.3 92520.2 70892.8 40776.5 12296.9 8037.7 6478.24 2597.44 5207.38
3.5905e+06 3.5905e+06 0.00260882 0.026539 0.19675 0.227039 0.170454 0.135283 0.124382 0.122159 0.12247 0.123014 0.123008 0.122423 0.121558 0.120693 0.120022 0.11976  4.82128e+07 3.47205e+07 1.05465e+07 1.15265e+06 304081 419315 303257 106664 106421 105669 84021.3 49795 14481.7 9200.03 7309.45 8723.91
1.33383e+06 1.33383e+06 0.00173206 0.0178995 0.149652 0.181408 0.130649 0.0999963 0.0902349 0.0877589 0.0875167 0.0876421 0.0874807 0.0869666 0.0862906 0.0856392 0.0851447 0.0849538  4.35992e+07 8.57568e+06 5.66503e+06 1.17871e+06 133733 48177 75551.8 60748.5 22811.9 22294.9 21399.4 16845 9811.98 2767.35 1719.64 2955.37
1.05566e+06 1.05566e+06 0.000993832 0.0103488 0.0920892 0.114179 0.0802498 0.0603438 0.0540306 0.0523624 0.0521302 0.0521607 0.0520396 0.0517175 0.051304 0.0509087 0.0506098 0.0504947  1.76537e+07 2.32281e+07 4.68763e+06 2.68053e+06 572350 77303.8 30590.1 49281.5 39416.1 14483.6 13732.6 12728.7 9671.87 5462.23 1504.72 2496.96
449923 449923 0.000365945 0.00382579 0.0352456 0.0441183 0.0305484 0.0227718 0.0203309 0.0196868 0.0195965 0.0196089 0.0195646 0.0194439 0.019288 0.0191386 0.0190255 0.0189818  2.51185e+07 1.00994e+07 7.44343e+06 1.97136e+06 1.20426e+06 433179 98640.4 40248.7 48555.9 47978.9 18979.2 17093 14834.4 11563.7 6630.77 4832.86
4.3609e+06 4.3609e+06 0.00331355 0.0338197 0.25585 0.300968 0.22534 0.177091 0.16154 0.157794 0.157625 0.157952 0.15771 0.15682 0.155635 0.154489 0.153619 0.153283  2.46724e+07 1.33083e+07 7.30389e+06 4.2232e+06 1.62423e+06 1.03498e+06 487951 131980 54055.1 57470.1 58761.5 23704.3 20388.3 16927.6 13097.9 12974.7
1.48899e+06 1.48899e+06 0.00389149 0.0398139 0.305593 0.364927 0.272758 0.212724 0.192822 0.187532 0.186792 0.186832 0.186327 0.185146 0.183676 0.182291 0.181254 0.180857  6.85685e+06 3.99333e+06 2.27931e+06 942540 486360 271758 195809 103786 29272.3 11815.8 11880.6 11928.5 4723.5 3929 3173.67 4840.06
757280 757280 0.00180245 0.0186883 0.160153 0.196882 0.140683 0.106737 0.0958216 0.0929102 0.0924827 0.0925093 0.0922735 0.0916913 0.0909555 0.0902565 0.0897304 0.0895282  3.80706e+07 3.64491e+06 2.1298e+06 861230 353073 238089 152789 114283 60248.1 16577.1 6469.93 6265.36 6061.18 2324.54 1887.59 3781.8
271627 271627 0.000582895 0.00608629 0.0554536 0.0692199 0.0481639 0.0360009 0.0321697 0.0311572 0.0310144 0.0310324 0.0309609 0.0307691 0.0305224 0.0302863 0.0301076 0.0300387  1.66523e+07 1.25148e+07 1.48234e+06 726169 450810 360281 190186 152267 117055 76812.1 22657.5 8638.34 7438.87 7542.38 3000.42 7104.58
2.54745e+06 2.54745e+06 0.00293488 0.0299762 0.228373 0.268262 0.200075 0.157139 0.143449 0.140248 0.140199 0.140565 0.140397 0.139633 0.138591 0.137576 0.136801 0.136502  2.81289e+07 9.69818e+06 6.81672e+06 1.0303e+06 517777 459785 454207 217505 189530 141835 97073.7 28538.3 10570.3 8576.97 8642.49 11542.5
1.0704e+06 1.0704e+06 0.00362338 0.0371879 0.292481 0.352441 0.261123 0.202215 0.182678 0.177375 0.176529 0.176491 0.17597 0.174826 0.173419 0.172099 0.171113 0.170736  2.6599e+06 4.55041e+06 1.66802e+06 826952 132468 82791.1 92199.6 99141.8 46537.5 40949.8 29766.9 20065.6 5736.11 2062.69 1624.15 3781.61
795871 795871 0.00230682 0.0238525 0.19967 0.244153 0.17623 0.134443 0.120881 0.117238 0.116685 0.116698 0.116386 0.115644 0.114714 0.113835 0.113174 0.112921  4.89608e+06 1.41522e+06 2.44626e+06 673311 338076 69103.5 48763.8 55943.4 59620.1 27256.5 23172.5 16217.4 10531.8 2915.72 1023.54 2633.64
184302 184302 0.00052336 0.00546673 0.0499738 0.0624366 0.0433812 0.0323974 0.0289396 0.0280252 0.0278959 0.0279121 0.027848 0.0276755 0.0274536 0.0272411 0.0270803 0.0270183  1.19888e+07 8.50951e+06 749952 935086 386878 266037 82901 46912.9 62320.7 73470.9 31471.7 27546.2 19403.4 13001.6 3574.89 4417.91
2.59871e+06 2.59871e+06 0.00348587 0.0356715 0.274776 0.32696 0.243658 0.190172 0.172677 0.168189 0.167707 0.167866 0.167491 0.166475 0.165177 0.163941 0.16301 0.162652  9.83014e+06 8.8886e+06 6.15924e+06 556696 679273 402333 317686 111366 57927.4 78355.3 91737.3 37573.1 32352.2 22208.6 14744.5 8963.59
620763 620763 0.00236121 0.0244108 0.204029 0.24947 0.180203 0.137507 0.123629 0.119892 0.119317 0.119324 0.118999 0.118238 0.117287 0.116387 0.115712 0.115453  3.0919e+06 1.88323e+06 1.56923e+06 757110 73777.5 110261 82732 70299.9 25185 12585.1 16681.7 18949.1 7465.1 6261.76 4201.96 4430.11
570766 570766 0.0022134 0.0228954 0.192317 0.235281 0.169559 0.129258 0.116199 0.112699 0.112175 0.112195 0.111899 0.111189 0.110297 0.109451 0.108816 0.108572  2.93056e+07 1.64799e+06 1.03076e+06 743000 375147 43775.6 71365.3 54572.9 45843.5 16000.5 7733.49 9879.95 10820.5 4130.37 3382.98 4583.3
262612 262612 0.000661558 0.00690476 0.0626764 0.0781681 0.05448 0.0407564 0.0364261 0.0352799 0.035117 0.0351362 0.0350545 0.034837 0.0345576 0.0342903 0.0340881 0.0340102  2.415e+07 1.05259e+07 1.06979e+06 603208 636903 352604 51713.9 64712.9 62257.7 56532.1 20560.3 9188.32 11570.8 12606.3 4726.73 9165.6
1.47673e+06 1.47673e+06 0.00146698 0.0152206 0.131372 0.161345 0.11484 0.0870691 0.0782203 0.0759064 0.0756067 0.0756637 0.0754934 0.0750301 0.0744343 0.0738645 0.0734339 0.073268  1.78893e+07 1.50999e+07 6.61511e+06 1.02707e+06 552836 730278 395545 67447.1 74147.4 78127 71111.1 25566.8 10917.9 13329.6 14226.9 15474.5
880297 880297 0.00201451 0.0208406 0.1754 0.214209 0.154137 0.117548 0.105768 0.102661 0.10224 0.102295 0.102049 0.101415 0.100608 0.0998399 0.0992607 0.099038  2.00766e+06 3.08231e+06 2.74053e+06 1.15051e+06 209504 122399 181478 97488.7 17263.7 17977.5 18977 16825.8 5867.42 2422.47 2890.88 6339.67
586402 586402 0.00141963 0.0147539 0.129017 0.159452 0.112963 0.0852732 0.076422 0.0740625 0.0737156 0.0737399 0.0735554 0.0730927 0.0725055 0.0719468 0.0715256 0.0713636  2.99407e+07 1.07014e+06 1.68967e+06 1.32033e+06 578425 125013 79562 120425 64075.9 11071.6 11164.1 11367 9721.79 3285.7 1324.78 4956.89
411047 411047 0.0010235 0.0106588 0.0949054 0.11776 0.0827631 0.062216 0.0556971 0.0539707 0.0537254 0.0537523 0.0536245 0.0532906 0.0528634 0.0524556 0.0521475 0.0520288  2.1587e+07 1.25803e+07 547024 798863 745211 356694 112662 74293 145746 71058.8 13145.8 11723.1 12370.4 10559.1 3558 6650.54
2.56675e+06 2.56675e+06 0.00285079 0.0289668 0.212725 0.245097 0.184729 0.146912 0.135143 0.132731 0.133053 0.133627 0.133608 0.132966 0.132025 0.131085 0.130357 0.130074  8.55409e+06 1.06933e+07 8.38735e+06 432155 613004 712912 372587 139000 86893.3 182306 83746 15806.7 13158.9 13829.5 11624.1 11104.2
929874 929874 0.00318765 0.0327844 0.262449 0.317303 0.23331 0.179962 0.16241 0.157685 0.156965 0.156965 0.156526 0.155522 0.154274 0.153099 0.152219 0.151882  3.63494e+06 1.54721e+06 1.77788e+06 1.01178e+06 53300.8 91218.4 132087 74982.4 29544.3 17917.5 37657.4 16592.7 3077.13 2461.42 2548.05 4129.9
709277 709277 0.00298063 0.0306821 0.247487 0.299552 0.219515 0.169048 0.152509 0.148079 0.147425 0.147445 0.147047 0.146112 0.144943 0.143839 0.143012 0.142694  2.69154e+07 1.93491e+06 836051 752038 436758 28798.7 55126.6 82040.8 46152.8 17720.7 10390 21034.8 8932.22 1604.57 1253.11 3339.34
285872 285872 0.000641084 0.00669036 0.0606871 0.0756353 0.0527231 0.0394561 0.0352733 0.0341693 0.0340154 0.0340366 0.033959 0.0337492 0.0334791 0.0332204 0.0330246 0.0329491  2.42179e+07 1.2453e+07 1.89697e+06 384846 345416 348144 37349.4 59166.9 93473 49663.5 21404.6 12452.2 26632.6 10850.9 1987.07 5473.8
3.54317e+06 3.54317e+06 0.00290408 0.0298232 0.236449 0.283342 0.208707 0.161751 0.146517 0.142608 0.142186 0.142331 0.142024 0.141167 0.140064 0.139011 0.138217 0.137911  3.71655e+07 2.18061e+07 8.39109e+06 1.92752e+06 370231 354472 431509 52395.9 73868.4 118767 61749.4 26817.2 15009.5 31718.2 12576.4 8590.48
752016 752016 0.00111299 0.0115791 0.102241 0.126457 0.0891668 0.0671906 0.0602129 0.0583742 0.0581227 0.0581593 0.0580254 0.057667 0.0572067 0.0567667 0.056434 0.0563059  3.40271e+07 6.20531e+06 4.32416e+06 1.19645e+06 319343 72472 76988.2 99939.5 12426.5 16669.7 26374.9 13292.6 5627.75 3047.86 6322.2 4149.44
725557 725557 0.000805552 0.00839441 0.0752047 0.0933284 0.0653872 0.0491028 0.0439603 0.0426104 0.0424298 0.0424613 0.0423673 0.0421074 0.0417718 0.0414501 0.0412066 0.0411127  3.50081e+07 1.81628e+07 3.44911e+06 2.35341e+06 698120 210816 50733.1 54533.9 69946.7 8484.81 11027.5 16839.6 8190.61 3361.92 1778.36 6008.78
