1 2 1 1 14.0585 54 3970 2.98751
1 3 1 1 28.4381 54 859 1.47689
1 5 1 1 5.17988 54 194 8.1083
1 6 1 1 10.9923 54 5686 3.82087
1 7 1 1 53.2437 54 751 0.788825
1 10 1 1 60.9986 54 9560 0.688541
1 11 1 1 6.17833 54 828 6.79795
1 14 1 1 35.6352 54 5977 1.17861
1 15 1 1 4.92108 54 266 8.53471
1 18 1 1 41.5602 54 2823 1.01058
1 19 1 1 39.2035 54 666 1.07133
1 22 1 1 20.422 54 3124 2.0566
1 23 1 1 7.1273 54 50 5.89283
1 26 1 1 58.4852 54 1955 0.718131
1 27 1 1 11.1052 54 145 3.782
1 30 1 1 26.5073 54 2521 1.58447
1 31 1 1 16.7599 54 311 2.50598
1 34 1 1 18.5501 54 2694 2.26414
1 35 1 1 20.839 54 170 2.01545
1 38 1 1 67.8062 54 1064 0.619412
1 39 1 1 13.4127 54 60 3.13137
1 42 1 1 28.988 54 2576 1.44887
1 43 1 1 6.59264 54 5 6.37074
1 44 3 3 3.23563 54 1 12.9805
1 46 1 1 10.8253 54 3633 3.8798
1 47 1 1 5.30561 54 5 7.91615
1 50 1 1 60.6416 54 6266 0.692594
1 51 1 1 19.2393 54 68 2.18303
1 53 1 1 10.1034 54 276 4.157
1 54 1 1 116.791 54 2185 0.359615
1 58 1 1 21.3531 54 7160 1.96693
1 62 1 1 19.0332 54 2846 2.20667
1 66 1 1 26.0903 54 1159 1.60979
1 70 1 1 26.8893 54 194 1.56196
1 71 1 1 6.54048 54 15 6.42155
1 74 1 1 11.0408 54 1758 3.80409
1 76 1 1 35.1121 54 139 1.19617
1 78 1 1 17.9504 54 5394 2.33978
1 78 3 3 2.37956 54 1 17.6503
1 79 1 1 12.2272 54 284 3.43495
1 82 1 1 46.048 54 4172 0.912091
1 83 1 1 33.8441 54 734 1.24099
1 83 2 2 51.8542 54 100 0.809963
1 84 1 1 0.975316 54 3 43.063
1 85 3 3 0.0927562 54 2 452.8
1 86 1 1 26.501 54 1680 1.58485
1 86 2 2 24.0898 54 158 1.74348
1 86 3 3 0.353608 54 1 118.776
1 87 1 1 8.74944 54 40 4.80031
1 90 1 1 12.4345 54 2030 3.37769
1 90 2 2 9.74578 54 100 4.30956
1 91 1 1 35.8475 54 569 1.17163
1 94 1 1 26.7003 54 2326 1.57302
1 94 3 3 3.81706 54 1 11.0032
1 95 1 1 17.9403 54 20 2.3411
1 98 1 1 38.8871 54 5174 1.08005
1 99 1 1 100.488 54 3563 0.417962
1 102 1 1 49.2232 54 17275 0.853256
1 103 1 1 81.8388 54 3730 0.513204
1 106 1 1 52.8384 54 5314 0.794876
1 107 1 1 45.1498 54 32 0.930238
1 110 1 1 66.9036 54 4552 0.627769
1 111 1 1 59.6547 54 692 0.704051
1 113 1 1 8.31744 54 4 5.04963
1 114 1 1 35.3469 54 21772 1.18822
1 114 2 2 68.7856 54 418 0.610593
1 114 3 3 2.52838 54 7 16.6114
1 115 1 1 51.1861 54 3886 0.820535
1 118 1 1 45.0018 54 26023 0.933296
1 118 2 2 33.7389 54 207 1.24485
1 119 1 1 126.888 54 1429 0.331001
1 120 3 3 0.709076 54 3 59.232
1 122 1 1 43.6434 54 4936 0.962344
1 123 1 1 80.4577 54 4866 0.522013
1 124 1 1 99.6192 54 1139 0.421605
1 124 3 3 0.103848 54 5 404.438
1 125 3 3 38.4228 54 115 1.0931
1 126 1 1 54.8547 54 6555 0.765658
1 126 2 2 26.7894 54 614 1.56778
1 127 1 1 17.1031 54 1194 2.4557
1 128 1 1 14.7538 54 1407 2.84672
1 129 1 1 9.11535 54 100 4.60761
1 129 3 3 0.205177 54 2 204.701
1 130 1 1 43.3989 54 8511 0.967767
1 130 2 2 86.559 54 606 0.485218
1 131 1 1 13.3351 54 3350 3.14958
1 132 1 1 4.7434 54 1359 8.8544
1 133 1 1 15.478 54 65 2.71353
1 134 1 1 67.8405 54 8222 0.619099
1 134 2 2 55.7783 54 1170 0.752981
1 135 1 1 263.459 54 5277 0.159418
1 136 1 1 70.2378 54 1455 0.597969
1 137 1 1 2.31111 54 30 18.1731
1 138 1 1 253.597 54 4376 0.165617
1 138 2 2 82.6404 54 1146 0.508226
1 139 1 1 22.3773 54 2091 1.87691
1 140 1 1 3.56928 54 137 11.7671
1 141 1 1 11.2941 54 84 3.71874
1 142 1 1 74.778 54 2700 0.561663
1 142 2 2 62.5128 54 508 0.671862
1 143 1 1 71.5686 54 3778 0.58685
1 144 1 1 3.81538 54 85 11.0081
1 146 1 1 33.1896 54 3632 1.26546
1 146 2 2 27.2797 54 300 1.53961
1 147 1 1 126.635 54 2217 0.331661
1 147 2 2 31.2824 54 224 1.34261
1 148 1 1 14.6282 54 1017 2.87116
1 149 1 1 25.8037 54 41 1.62767
1 150 1 1 69.1421 54 7919 0.607445
1 150 2 2 46.7838 54 3414 0.897747
1 151 1 1 134.038 54 6313 0.313343
1 152 1 1 25.779 54 3476 1.62923
1 153 1 1 21.2522 54 173 1.97626
1 154 1 1 27.4074 54 17818 1.53243
1 155 1 1 152.909 54 14497 0.274673
1 156 1 1 15.7639 54 3079 2.66432
1 157 1 1 28.7505 54 912 1.46084
1 158 1 1 26.4522 54 12114 1.58777
1 159 1 1 36.3377 54 9998 1.15582
1 160 1 1 14.0303 54 4899 2.99352
1 161 1 1 7.07856 54 67 5.93341
1 162 1 1 23.9094 54 14243 1.75663
1 163 1 1 56.0059 54 16847 0.749921
1 164 1 1 18.4281 54 3786 2.27912
1 165 1 1 21.5912 54 659 1.94524
1 166 1 1 33.8122 54 21464 1.24216
1 167 1 1 45.1226 54 12396 0.930798
1 167 3 3 6.97472 54 3 6.02174
1 168 1 1 27.0452 54 8206 1.55295
1 169 1 1 13.8037 54 16 3.04266
1 170 1 1 51.1673 54 14156 0.820837
1 171 1 1 102.29 54 10871 0.410599
1 172 1 1 21.5605 54 3499 1.948
1 173 3 3 2.27104 54 1 18.4937
1 174 1 1 65.0821 54 2813 0.645339
1 175 1 1 6.8493 54 25 6.13202
1 176 1 1 20.0849 54 45 2.09112
1 176 3 3 5.43814 54 2 7.72322
1 178 1 1 25.6143 54 6216 1.63971
1 179 1 1 49.2436 54 6464 0.852903
1 180 1 1 55.4177 54 874 0.757881
1 182 1 1 69.0535 54 13509 0.608224
1 183 1 1 16.7365 54 3065 2.50949
1 184 1 1 50.1107 54 760 0.838145
1 185 1 1 16.1091 54 89 2.60723
1 186 1 1 37.1252 54 7777 1.13131
1 187 1 1 21.492 54 3087 1.95421
1 188 1 1 101.351 54 2704 0.414403
2 2 1 4 20.12 54 2480 2.08748
2 3 1 4 64.9372 54 5296 0.646778
2 4 1 4 17.1573 54 499 2.44793
2 6 1 4 12.4238 54 4563 3.38062
2 7 1 4 46.8924 54 5642 0.895667
2 8 1 4 43.012 54 1425 0.976472
2 10 1 4 25.6143 54 5149 1.63971
2 11 1 4 45.289 54 4944 0.927378
2 12 1 4 18.3202 54 1010 2.29256
2 12 3 6 0.912384 54 1 46.0333
2 14 1 4 28.0446 54 3782 1.49762
2 15 1 4 28.8912 54 2376 1.45373
2 16 1 4 35.8202 54 450 1.17252
2 16 3 6 14.6209 54 13 2.8726
2 17 2 6 14.7038 54 12 2.85641
2 18 1 4 27.9526 54 192 1.50255
2 19 1 4 36.0878 54 4612 1.16383
2 20 1 4 9.47314 54 326 4.43359
2 20 3 6 1.00313 54 2 41.869
2 22 1 4 19.9498 54 1749 2.10528
2 23 1 4 32.4654 54 3446 1.29368
2 24 1 4 60.4809 54 1207 0.694434
2 24 3 6 8.32421 54 7 5.04552
2 25 3 6 2.88311 54 1 14.5676
2 26 1 4 36.5076 54 3571 1.15045
2 27 1 4 46.7295 54 5790 0.89879
2 27 3 6 2.23827 54 6 18.7645
2 28 1 4 20.0221 54 1494 2.09769
2 29 2 6 16.3203 54 5 2.57348
2 30 1 4 39.6256 54 1000 1.05992
2 31 1 4 47.847 54 2944 0.877798
2 32 1 4 12.426 54 580 3.38001
2 34 1 4 15.6673 54 2396 2.68075
2 35 1 4 41.0865 54 4728 1.02223
2 36 1 4 20.891 54 948 2.01044
2 38 1 4 66.9348 54 2378 0.627476
2 39 1 4 63.7706 54 4288 0.658611
2 40 1 4 30.9757 54 1850 1.3559
2 42 1 4 30.5341 54 2909 1.37551
2 43 1 4 36.5395 54 12716 1.14944
2 44 1 4 22.9404 54 1285 1.83083
2 46 1 4 27.9697 54 8558 1.50163
2 47 1 4 31.9735 54 13450 1.31359
2 48 1 4 36.0844 54 2416 1.16394
2 50 1 4 45.9211 54 7592 0.914612
2 51 1 4 47.859 54 20669 0.877578
2 52 1 4 19.4691 54 2348 2.15726
2 52 3 6 8.98451 54 11 4.67471
2 54 1 4 41.5981 54 4523 1.00966
2 55 1 4 27.3727 54 11310 1.53437
2 56 1 4 20.6847 54 1729 2.03049
2 56 3 6 32.4853 54 21 1.29289
2 58 1 4 29.5001 54 5222 1.42373
2 59 1 4 50.2471 54 10215 0.83587
2 60 1 4 20.6822 54 2244 2.03073
2 60 3 6 2.3842 54 2 17.616
2 62 1 4 32.9197 54 6600 1.27583
2 63 1 4 26.8808 54 9644 1.56245
2 63 3 6 4.40301 54 4 9.53894
2 64 1 4 26.0006 54 2075 1.61535
2 66 1 4 35.5433 54 2300 1.18166
2 67 1 4 28.2226 54 7980 1.48817
2 67 3 6 1.79121 54 2 23.4479
2 68 1 4 22.3058 54 962 1.88292
2 68 3 6 0.000269047 54 22 156107
2 70 1 4 29.1225 54 3297 1.44218
2 71 1 4 63.6865 54 8678 0.659481
2 72 1 4 22.3709 54 3388 1.87744
2 74 1 4 71.5983 54 5464 0.586606
2 75 1 4 51.7252 54 5910 0.811983
2 76 1 4 44.7009 54 1646 0.939578
2 78 1 4 23.1215 54 7811 1.81649
2 79 1 4 34.5932 54 14481 1.21411
2 79 3 6 12.1553 54 7 3.4553
2 80 1 4 16.9539 54 3615 2.4773
2 80 3 6 2.36273 54 7 17.776
2 82 1 4 32.1959 54 5030 1.30452
2 83 1 4 35.8606 54 20094 1.1712
2 83 2 5 53.9402 54 974 0.77864
2 84 1 4 25.5988 54 5041 1.6407
2 84 3 6 22.886 54 18 1.83518
2 86 1 4 38.7085 54 9675 1.08503
2 86 2 5 22.3084 54 118 1.8827
2 87 1 4 38.5197 54 15213 1.09035
2 87 2 5 25.547 54 1107 1.64403
2 88 1 4 18.6014 54 3968 2.2579
2 88 3 6 22.5085 54 27 1.86596
2 90 1 4 48.509 54 8618 0.865819
2 90 2 5 41.181 54 239 1.01989
2 91 1 4 42.6733 54 13488 0.984222
2 91 2 5 74.535 54 1047 0.563493
2 92 1 4 80.0232 54 6403 0.524848
2 92 2 5 20.8677 54 120 2.01268
2 94 1 4 72.2841 54 8642 0.581041
2 95 1 4 51.3643 54 30146 0.817688
2 96 1 4 18.4226 54 6166 2.27981
2 96 3 6 9.68433 54 3 4.3369
2 98 1 4 32.9482 54 1864 1.27473
2 99 1 4 53.9325 54 32928 0.778751
2 99 3 6 0.839969 54 2 50.0018
2 100 1 4 63.1354 54 4554 0.665237
2 100 3 6 19.1641 54 5 2.1916
2 102 1 4 57.5595 54 7520 0.72968
2 103 1 4 49.1006 54 29963 0.855387
2 103 3 6 35.3748 54 25 1.18729
2 104 1 4 19.7767 54 13466 2.12371
2 104 3 6 35.3042 54 60 1.18966
2 106 1 4 82.4495 54 10129 0.509403
2 107 1 4 55.1587 54 28715 0.761439
2 107 3 6 11.7414 54 8 3.5771
2 108 1 4 163.102 54 10069 0.257507
2 108 3 6 0.101762 54 5 412.729
2 110 1 4 43.6097 54 6215 0.963089
2 110 3 6 1.69236 54 1 24.8174
2 111 1 4 120.495 54 25165 0.348561
2 111 3 6 0.0997149 54 2 421.201
2 112 1 4 99.6431 54 4621 0.421504
2 112 3 6 11.5703 54 6 3.62999
2 114 1 4 54.9372 54 17686 0.764509
2 114 2 5 41.5099 54 2112 1.01181
2 115 1 4 66.2743 54 15945 0.633729
2 115 3 6 4.70775 54 2 8.92146
2 116 1 4 18.4085 54 7007 2.28156
2 116 3 6 2.93424 54 1 14.3138
2 118 1 4 139.649 54 19854 0.300753
2 118 2 5 151.876 54 2679 0.276541
2 119 1 4 58.7352 54 41459 0.715074
2 119 2 5 58.5357 54 5527 0.717511
2 119 3 6 25.4973 54 24 1.64723
2 120 1 4 23.7369 54 17917 1.76939
2 120 2 5 57.1958 54 105 0.73432
2 120 3 6 24.715 54 41 1.69938
2 122 1 4 86.776 54 15179 0.484005
2 122 2 5 41.3056 54 2582 1.01681
2 123 1 4 114.199 54 52821 0.367779
2 123 2 5 42.5113 54 6051 0.987974
2 123 3 6 2.06681 54 1 20.3212
2 124 1 4 51.8612 54 11162 0.809854
2 124 3 6 1.19271 54 1 35.2138
2 126 1 4 77.7207 54 21947 0.540396
2 126 2 5 64.2397 54 2165 0.653802
2 127 1 4 52.7946 54 44291 0.795536
2 127 2 5 72.6691 54 7199 0.577962
2 128 1 4 22.8441 54 23050 1.83855
2 128 2 5 23.6746 54 421 1.77405
2 130 1 4 97.6455 54 7949 0.430128
2 130 2 5 44.0809 54 742 0.952794
2 131 1 4 94.9686 54 35127 0.442251
2 131 2 5 90.811 54 812 0.462499
2 131 3 6 6.84831 54 11 6.1329
2 132 1 4 55.8695 54 20085 0.751752
2 132 3 6 13.5304 54 7 3.10411
2 134 1 4 99.0917 54 12097 0.42385
2 134 2 5 81.6665 54 3287 0.514287
2 135 1 4 71.2697 54 42867 0.589311
2 135 2 5 54.206 54 5968 0.774822
2 136 1 4 25.5216 54 28832 1.64567
2 136 2 5 31.1665 54 224 1.3476
2 138 1 4 87.7177 54 1117 0.478809
2 138 2 5 69.9307 54 5721 0.600595
2 139 1 4 89.6832 54 35555 0.468315
2 139 2 5 73.1425 54 7736 0.574222
2 139 3 6 3.47327 54 3 12.0923
2 140 1 4 19.387 54 13854 2.1664
2 140 3 6 11.25 54 12 3.73332
2 142 1 4 90.44 54 3483 0.464396
2 142 2 5 28.0135 54 1783 1.49928
2 143 1 4 114.304 54 30624 0.367441
2 143 2 5 35.0705 54 1533 1.19759
2 144 1 4 45.425 54 11235 0.924601
2 146 1 4 61.1458 54 3611 0.686883
2 146 2 5 34.7177 54 9855 1.20976
2 147 1 4 67.0407 54 31822 0.626485
2 147 2 5 49.29 54 5176 0.8521
2 148 1 4 25.5714 54 11552 1.64246
2 150 1 4 100.5 54 1384 0.417912
2 150 2 5 37.433 54 1940 1.122
2 151 1 4 32.3584 54 28929 1.29796
2 151 2 5 88.441 54 2378 0.474893
2 152 1 4 29.4229 54 11518 1.42746
2 154 1 4 35.0861 54 7225 1.19705
2 154 2 5 37.2028 54 101 1.12895
2 155 1 4 72.6274 54 32680 0.578294
2 155 2 5 15.1995 54 399 2.76325
2 156 1 4 32.9225 54 23992 1.27573
2 157 2 6 4.47252 54 2 9.39068
2 158 1 4 44.9892 54 781 0.933557
2 159 1 4 76.1629 54 25078 0.55145
2 159 2 5 77.7937 54 524 0.539889
2 159 3 6 19.7701 54 4 2.12442
2 160 1 4 21.893 54 19973 1.91842
2 162 1 4 27.8104 54 712 1.51023
2 163 1 4 41.9264 54 29289 1.00176
2 163 3 6 3.51167 54 2 11.9601
2 164 1 4 32.3744 54 16654 1.29732
2 164 3 6 8.41533 54 3 4.99089
2 166 1 4 94.5852 54 3589 0.444044
2 167 1 4 61.9984 54 31787 0.677436
2 167 3 6 42.0332 54 25 0.99921
2 168 1 4 36.3056 54 11536 1.15685
2 168 3 6 7.55746 54 2 5.55742
2 169 2 6 2.61064 54 5 16.088
2 170 1 4 104.065 54 2375 0.403592
2 170 2 5 53.1942 54 951 0.78956
2 171 1 4 143.445 54 25077 0.292796
2 171 2 5 86.5326 54 1933 0.485366
2 171 3 6 19.9206 54 17 2.10837
2 172 1 4 73.2334 54 4010 0.573508
2 172 3 6 69.4279 54 57 0.604944
2 173 2 6 8.008 54 2 5.24475
2 174 1 4 23.433 54 9212 1.79235
2 174 2 5 15.0963 54 105 2.78215
2 174 3 6 2.03532 54 4 20.6356
2 175 1 4 132.588 54 27674 0.316771
2 175 3 6 25.2319 54 62 1.66456
2 176 1 4 93.8369 54 4015 0.447585
2 176 3 6 0.00255934 54 172 16410.5
2 177 2 6 36.6703 54 18 1.14534
2 178 1 4 40.3068 54 7007 1.04201
2 179 1 4 96.0671 54 30797 0.437194
2 179 3 6 18.1224 54 34 2.31757
2 180 1 4 49.7408 54 11795 0.844377
2 180 3 6 53.9938 54 108 0.777867
2 182 1 4 73.6273 54 3167 0.57044
2 182 3 6 0.309384 54 1 135.754
2 183 1 4 71.4989 54 30403 0.587422
2 183 3 6 8.80649 54 11 4.76921
2 184 1 4 17.5859 54 5468 2.38827
2 184 3 6 2.50749 54 76 16.7499
2 186 1 4 66.1199 54 6616 0.63521
2 187 1 4 48.5554 54 33982 0.864991
2 187 3 6 17.7106 54 8 2.37146
2 188 1 4 26.8473 54 10140 1.5644
2 188 3 6 23.3575 54 12 1.79814
3 1 1 7 34.0056 54 4462 1.23509
3 2 1 7 102.107 54 12381 0.411333
3 3 1 7 74.0498 54 7817 0.567186
3 4 1 7 34.9151 54 2502 1.20292
3 4 2 9 3.47899 54 2 12.0725
3 5 1 7 36.9775 54 1239 1.13583
3 6 1 7 68.4086 54 3891 0.613958
3 7 1 7 70.5289 54 4667 0.595501
3 7 2 9 8.57815 54 9 4.89616
3 8 1 7 35.8293 54 1744 1.17223
3 8 3 9 12.6169 54 4 3.32888
3 9 1 7 38.8775 54 1802 1.08032
3 9 2 9 5.4765 54 7 7.66913
3 10 1 7 76.897 54 4405 0.546185
3 10 3 9 3.91632 54 5 10.7244
3 11 1 7 40.9105 54 2573 1.02663
3 12 1 7 10.1797 54 6734 4.12585
3 12 2 9 10.1223 54 72 4.14925
3 13 1 7 26.2687 54 1308 1.59886
3 14 1 7 53.4819 54 3073 0.785312
3 15 1 7 31.1823 54 930 1.34692
3 16 1 7 19.7042 54 1072 2.13153
3 17 1 7 33.6412 54 944 1.24847
3 18 1 7 48.0305 54 1000 0.874444
3 19 1 7 13.4777 54 514 3.11627
3 20 1 7 10.3851 54 67 4.04426
3 20 3 9 9.88245 54 4 4.24996
3 21 1 7 26.094 54 66 1.60957
3 22 1 7 30.9185 54 548 1.35841
3 23 1 7 23.7931 54 110 1.76522
3 24 1 7 39.7385 54 150 1.05691
3 25 1 7 2.04552 54 10 20.5326
3 26 1 7 16.5618 54 263 2.53596
3 27 1 7 14.9226 54 53 2.81452
3 27 2 9 0.495234 54 1 84.8084
3 28 1 7 9.31101 54 255 4.51079
3 28 2 9 1.99481 54 5 21.0546
3 29 1 7 22.2013 54 3576 1.89178
3 30 1 7 55.2344 54 2229 0.760396
3 31 1 7 36.1846 54 1069 1.16071
3 32 1 7 29.0608 54 111 1.44524
3 33 1 7 48.4897 54 411 0.866163
3 34 1 7 22.5069 54 100 1.86609
3 35 1 7 8.27269 54 5 5.07695
3 36 1 7 19.5372 54 113 2.14975
3 37 1 7 26.4984 54 272 1.585
3 38 1 7 32.9747 54 888 1.2737
3 39 1 7 33.0316 54 145 1.27151
3 40 1 7 23.0765 54 160 1.82003
3 41 1 7 39.6491 54 183 1.05929
3 42 1 7 17.5741 54 562 2.38988
3 43 1 7 41.6005 54 35 1.0096
3 44 1 7 30.6343 54 331 1.37101
3 45 1 7 37.5188 54 405 1.11944
3 46 1 7 21.2122 54 600 1.97999
3 47 1 7 28.2059 54 70 1.48905
3 48 1 7 22.0638 54 191 1.90357
3 48 3 9 0.386448 54 1 108.682
3 49 1 7 60.7689 54 497 0.691143
3 50 1 7 24.2605 54 132 1.73121
3 50 3 9 0.603093 54 3 69.641
3 51 1 7 11.0986 54 5 3.78426
3 52 1 7 41.7689 54 132 1.00553
3 53 1 7 33.735 54 205 1.245
3 54 1 7 46.9199 54 1094 0.895142
3 54 3 9 8.23528 54 2 5.10001
3 55 1 7 31.8355 54 275 1.31928
3 55 3 9 3.49632 54 1 12.0126
3 56 1 7 13.8171 54 100 3.03972
3 57 1 7 16.2529 54 188 2.58416
3 58 1 7 85.9992 54 407 0.488376
3 60 1 7 118.161 54 225 0.355446
3 61 1 7 29.7948 54 518 1.40964
3 62 1 7 9.64908 54 128 4.35275
3 63 1 7 22.1321 54 48 1.8977
3 64 1 7 47.1755 54 150 0.890293
3 65 1 7 41.1478 54 223 1.02071
3 66 1 7 35.9302 54 659 1.16893
3 67 1 7 13.79 54 86 3.04569
3 68 1 7 30.1141 54 154 1.3947
3 69 1 7 18.8047 54 738 2.23349
3 70 1 7 61.1269 54 1502 0.687096
3 71 1 7 11.8466 54 25 3.54533
3 71 3 9 3.03729 54 2 13.8281
3 72 1 7 53.3901 54 364 0.786663
3 72 3 9 10.5977 54 6 3.96314
3 73 1 7 76.5857 54 293 0.548405
3 74 1 7 82.4654 54 422 0.509305
3 74 3 9 13.6344 54 4 3.08045
3 75 1 7 38.1102 54 435 1.10207
3 76 1 7 12.1036 54 160 3.47005
3 77 1 7 14.8323 54 139 2.83165
3 78 1 7 32.4536 54 192 1.29415
3 78 2 8 20.165 54 72 2.08281
3 78 3 9 2.20997 54 2 19.0048
3 79 1 7 23.4976 54 15 1.78742
3 79 3 9 2.87906 54 1 14.5881
3 80 1 7 49.7408 54 298 0.844376
3 80 3 9 4.38961 54 1 9.56805
3 81 1 7 12.5051 54 92 3.35862
3 81 3 9 23.2014 54 4 1.81023
3 82 1 7 54.5861 54 898 0.769426
3 82 3 9 20.6231 54 11 2.03655
3 83 1 7 9.15965 54 5 4.58533
3 83 3 9 0.878019 54 3 47.835
3 84 1 7 62.4808 54 175 0.672207
3 84 3 9 2.70869 54 1 15.5056
3 85 1 7 83.321 54 428 0.504074
3 86 1 7 79.7301 54 720 0.526777
3 86 3 9 28.9407 54 10 1.45125
3 87 1 7 8.22526 54 7 5.10622
3 87 3 9 3.80513 54 1 11.0377
3 88 1 7 46.7171 54 90 0.899029
3 88 3 9 15.5179 54 7 2.70655
3 89 1 7 30.3287 54 659 1.38483
3 90 1 7 33.1591 54 1182 1.26662
3 91 1 7 31.0318 54 25 1.35345
3 92 1 7 90.9002 54 304 0.462045
3 92 3 9 11.6376 54 5 3.60898
3 93 1 7 13.7351 54 829 3.05786
3 93 3 9 3.10792 54 1 13.5139
3 94 1 7 36.6951 54 948 1.14457
3 94 2 8 16.6263 54 240 2.52612
3 95 1 7 14.4192 54 15 2.91279
3 95 3 9 0.611448 54 1 68.6894
3 96 1 7 27.6171 54 212 1.5208
3 96 3 9 2.16167 54 1 19.4295
3 97 1 7 33.7921 54 584 1.24289
3 98 1 7 16.1544 54 280 2.59991
3 98 2 8 17.6665 54 145 2.37738
3 98 3 9 12.6525 54 4 3.31949
3 99 2 8 75.787 54 1868 0.554185
3 99 3 9 13.8101 54 10 3.04124
3 100 1 7 48.4193 54 97 0.867423
3 100 2 8 23.4803 54 3345 1.78873
3 100 3 9 6.32554 54 10 6.63975
3 101 1 7 57.0215 54 413 0.736564
3 102 1 7 16.6576 54 103 2.52137
3 103 1 7 9.38393 54 57 4.47574
3 103 3 9 9.64552 54 2 4.35435
3 104 1 7 20.8213 54 41 2.01716
3 104 3 9 6.77969 54 10 6.19497
3 105 1 7 15.5005 54 30 2.70959
3 106 1 7 14.7394 54 181 2.8495
3 108 1 7 13.3227 54 60 3.15252
3 109 1 7 44.6679 54 56 0.940272
3 110 1 7 5.21589 54 9 8.05232
3 112 1 7 14.2403 54 99 2.94938
3 113 1 7 9.67972 54 99 4.33897
3 114 1 7 52.374 54 202 0.801924
3 116 1 7 30.1863 54 48 1.39136
3 116 3 9 4.08008 54 1 10.2939
3 118 1 7 92.4712 54 5977 0.454195
3 119 1 7 11.4258 54 15 3.67588
3 120 1 7 9.1347 54 6 4.59785
3 121 1 7 27.5778 54 4625 1.52296
3 121 3 9 0.0591614 54 1 709.922
3 122 1 7 47.9491 54 4949 0.875929
3 124 1 7 21.7452 54 627 1.93146
3 124 3 9 3.21864e-07 54 4 1.3049e+08
3 125 1 7 35.7218 54 1285 1.17575
3 125 3 9 0.0385541 54 3 1089.38
3 126 1 7 63.7984 54 1296 0.658324
3 126 2 8 81.2784 54 780 0.516743
3 128 1 7 57.5533 54 378 0.729758
3 128 3 9 6.02705 54 3 6.96859
3 129 1 7 33.1569 54 3022 1.26671
3 130 1 7 12.2703 54 393 3.42291
3 131 2 8 3.71164 54 282 11.3158
3 132 1 7 21.697 54 414 1.93575
3 133 1 7 111.879 54 3098 0.375405
3 134 1 7 16.5578 54 525 2.53657
3 135 1 7 7.89567 54 361 5.31937
3 136 1 7 10.7693 54 313 3.89998
3 137 1 7 32.0291 54 1603 1.31131
3 137 3 9 13.3964 54 20 3.13518
3 138 1 7 131.103 54 1447 0.320359
3 138 3 9 10.6384 54 4 3.94797
3 139 1 7 27.0703 54 76 1.55152
3 140 1 7 17.6117 54 175 2.38478
3 140 2 8 3.54612 54 139 11.8439
3 140 3 9 14.2161 54 7 2.9544
3 141 1 7 81.6028 54 640 0.514688
3 142 1 7 67.2241 54 272 0.624776
3 143 1 7 12.3853 54 282 3.3911
3 144 1 7 17.3643 54 547 2.41875
3 145 1 7 90.2221 54 2342 0.465518
3 146 1 7 105.735 54 630 0.397221
3 147 1 7 16.3535 54 50 2.56826
3 148 1 7 23.9337 54 948 1.75485
3 149 1 7 56.1075 54 7373 0.748563
3 150 1 7 63.1182 54 5092 0.665418
3 151 1 7 60.7632 54 1842 0.691208
3 152 1 7 30.874 54 166 1.36037
3 153 1 7 47.8635 54 7284 0.877495
3 154 1 7 35.0818 54 2667 1.1972
3 155 1 7 26.7218 54 682 1.57175
3 156 1 7 5.41919 54 243 7.75024
3 157 1 7 60.6634 54 14501 0.692345
3 157 3 9 8.49993 54 7 4.94122
3 158 1 7 15.4133 54 6628 2.72493
3 158 2 8 9.39637 54 8 4.46981
3 159 1 7 12.727 54 1061 3.30007
3 160 3 9 10.9448 54 53 3.83743
3 161 1 7 34.0108 54 10178 1.2349
3 162 1 7 34.4526 54 2135 1.21907
3 162 2 8 14.2436 54 17 2.94868
3 163 1 7 14.5578 54 966 2.88506
3 164 1 7 23.8729 54 1132 1.75931
3 164 2 8 1.65254 54 28 25.4155
3 165 1 7 8.11039 54 10834 5.17854
3 166 1 7 96.1236 54 2765 0.436938
3 166 2 8 21.6667 54 35 1.93846
3 166 3 9 16.607 54 4 2.52905
3 168 1 7 25.7395 54 502 1.63173
3 169 1 7 13.3437 54 4864 3.14754
3 169 2 8 24.1777 54 58 1.73714
3 169 3 9 21.175 54 10 1.98348
3 170 1 7 55.632 54 5051 0.754962
3 170 2 8 12.5777 54 245 3.33924
3 171 3 9 39.1944 54 28 1.07158
3 172 1 7 34.9433 54 620 1.20195
3 172 3 9 22.1506 54 15 1.89611
3 173 1 7 11.4286 54 9440 3.675
3 173 3 9 18.5823 54 123 2.26021
3 174 1 7 48.6646 54 3587 0.863051
3 174 2 8 11.1034 54 199 3.78263
3 174 3 9 11.3394 54 144 3.70391
3 175 3 9 5.76951 54 7 7.27964
3 176 1 7 9.14315 54 610 4.5936
3 176 3 9 1.57061 54 1 26.7412
3 177 1 7 21.6157 54 5029 1.94303
3 177 3 9 38.7117 54 63 1.08494
3 178 1 7 47.2777 54 711 0.888368
3 178 2 8 24.115 54 169 1.74166
3 179 2 8 2.25987 54 104 18.5851
3 179 3 9 13.5068 54 9 3.10954
3 180 1 7 19.2742 54 473 2.17908
3 180 3 9 57.6401 54 37 0.72866
3 181 1 7 27.4697 54 2341 1.52896
3 181 2 8 39.5908 54 38 1.06085
3 181 3 9 24.1349 54 54 1.74022
3 182 1 7 17.1616 54 1273 2.44733
3 182 2 8 17.1354 54 97 2.45107
3 182 3 9 17.8842 54 9 2.34844
3 183 2 8 7.1045 54 40 5.91175
3 183 3 9 1.66646 54 7 25.2032
3 184 1 7 25.9303 54 914 1.61973
3 184 2 8 25.7728 54 20 1.62962
3 185 3 9 14.8145 54 8 2.83505
3 186 2 8 14.5458 54 30 2.88743
3 187 3 9 4.40366 54 2 9.53752
3 188 3 9 19.3653 54 6 2.16883
4 1 1 22 24.7467 54 579 1.6972
4 1 2 23 96.0631 54 195 0.437213
4 2 1 22 22.8307 54 540 1.83963
4 2 2 23 40.6274 54 145 1.03378
4 3 1 22 15.762 54 514 2.66464
4 3 2 23 66.9695 54 56 0.627152
4 4 2 23 41.7656 54 83 1.00561
4 5 2 23 174.152 54 267 0.241168
4 6 2 23 49.0144 54 283 0.856891
4 7 1 22 44.646 54 3002 0.940734
4 7 2 23 11.743 54 90 3.5766
4 8 1 22 2.38227 54 234 17.6303
4 8 2 23 147.82 54 936 0.284128
4 9 2 23 60.0802 54 433 0.699066
4 10 1 22 4.98641 54 68 8.4229
4 10 2 23 73.5588 54 253 0.570972
4 11 1 22 35.1921 54 618 1.19345
4 11 2 23 2.87651e-05 54 73 1.4601e+06
4 12 2 23 15.9427 54 370 2.63443
4 13 2 23 98.5738 54 410 0.426077
4 14 1 22 18.0955 54 81 2.32102
4 14 2 23 21.8502 54 271 1.92218
4 15 1 22 53.7319 54 728 0.781659
4 15 2 23 34.7436 54 165 1.20886
4 16 2 23 93.5692 54 463 0.448866
4 17 1 22 14.8021 54 40 2.83743
4 17 2 23 108.988 54 637 0.385362
4 18 2 23 110.519 54 920 0.380024
4 19 1 22 41.9928 54 172 1.00017
4 19 2 23 48.6274 54 54 0.863711
4 20 2 23 50.9872 54 20 0.823736
4 21 2 23 66.0624 54 44 0.635763
4 22 1 22 26.3612 54 20 1.59325
4 22 2 23 102.097 54 365 0.411375
4 23 1 22 19.6063 54 29 2.14217
4 23 2 23 18.9462 54 29 2.2168
4 24 2 23 38.727 54 65 1.08452
4 25 2 23 83.9368 54 416 0.500376
4 26 1 22 44.2682 54 1785 0.948763
4 26 2 23 127.472 54 870 0.329484
4 27 1 22 21.2788 54 29 1.9738
4 27 2 23 39.0214 54 227 1.07633
4 28 1 22 5.98024 54 15 7.02313
4 28 2 23 42.6141 54 31 0.985589
4 29 1 22 14.6061 54 338 2.87551
4 29 2 23 12.7525 54 105 3.29346
4 30 1 22 39.4211 54 1011 1.06542
4 30 2 23 96.066 54 520 0.437199
4 31 2 23 45.4721 54 44 0.923643
4 32 1 22 6.78248 54 230 6.19243
4 32 2 23 65.9428 54 130 0.636916
4 33 2 23 148.274 54 325 0.28326
4 34 2 23 157.909 54 236 0.265976
4 35 2 23 34.8686 54 30 1.20452
4 36 2 23 25.2988 54 90 1.66016
4 37 1 22 16.2661 54 5 2.58206
4 37 2 23 27.5844 54 355 1.5226
4 38 2 23 126.302 54 440 0.332537
4 39 1 22 46.4762 54 70 0.903689
4 39 2 23 37.7499 54 145 1.11259
4 40 2 23 26.2487 54 113 1.60008
4 41 1 22 31.4314 54 45 1.33624
4 41 2 23 68.7924 54 320 0.610532
4 42 1 22 6.91908 54 6 6.07017
4 42 2 23 47.2611 54 165 0.888681
4 43 1 22 44.6136 54 54 0.941418
4 43 2 23 20.9947 54 5 2.0005
4 44 2 23 21.6311 54 27 1.94165
4 45 1 22 34.867 54 221 1.20458
4 45 2 23 108.512 54 90 0.387054
4 46 1 22 4.78485 54 94 8.77771
4 46 2 23 46.4027 54 227 0.905119
4 47 1 22 7.22983 54 16 5.80926
4 47 2 23 40.2311 54 114 1.04397
4 48 2 23 59.5971 54 87 0.704732
4 49 1 22 41.8464 54 343 1.00367
4 49 2 23 46.7708 54 113 0.897997
4 50 1 22 37.9062 54 148 1.108
4 50 2 23 12.9611 54 222 3.24046
4 51 2 23 62.2812 54 81 0.674361
4 52 1 22 5.77956 54 25 7.26699
4 52 2 23 34.2083 54 52 1.22777
4 53 1 22 9.83012 54 96 4.27258
4 53 2 23 51.3553 54 67 0.817833
4 54 1 22 41.2404 54 1023 1.01842
4 54 2 23 0.00181366 54 288 23157.6
4 55 1 22 19.7494 54 631 2.12664
4 55 2 23 40.5553 54 76 1.03562
4 56 1 22 74.0998 54 203 0.566803
4 56 2 23 91.9459 54 50 0.456791
4 57 1 22 7.98581 54 35 5.25933
4 57 2 23 54.7501 54 448 0.767121
4 58 2 23 96.3016 54 358 0.43613
4 59 1 22 8.97186 54 13 4.6813
4 59 2 23 90.1566 54 132 0.465856
4 60 1 22 5.66792 54 11 7.41013
4 60 2 23 16.0849 54 15 2.61115
4 61 1 22 79.3768 54 108 0.529122
4 61 2 23 58.267 54 18 0.720819
4 62 1 22 5.38113 54 25 7.80505
4 62 2 23 52.9741 54 95 0.792841
4 63 1 22 28.5124 54 70 1.47304
4 63 2 23 25.0081 54 21 1.67946
4 64 2 23 10.7568 54 34 3.90451
4 65 1 22 8.35675 54 115 5.02587
4 65 2 23 105.352 54 44 0.398664
4 66 1 22 25.3843 54 57 1.65456
4 66 2 23 55.7676 54 580 0.753125
4 67 2 23 54.2293 54 52 0.774489
4 68 1 22 2.1791 54 9 19.274
4 68 2 23 47.0397 54 85 0.892862
4 69 1 22 13.1732 54 47 3.18829
4 69 2 23 60.8207 54 252 0.690555
4 70 1 22 26.4183 54 102 1.58981
4 70 2 23 40.677 54 388 1.03252
4 71 2 23 26.433 54 31 1.58892
4 72 1 22 8.94135 54 79 4.69727
4 72 2 23 30.1934 54 69 1.39103
4 73 1 22 1.05965 54 24 39.6357
4 73 2 23 49.9962 54 27 0.840064
4 74 1 22 44.0245 54 248 0.954014
4 74 2 23 19.2315 54 33 2.18391
4 75 1 22 4.31177 54 75 9.74078
4 75 2 23 4.97731 54 11 8.43829
4 76 1 22 14.4006 54 23 2.91654
4 76 2 23 70.2587 54 111 0.597791
4 77 1 22 15.5354 54 104 2.7035
4 77 2 23 232.512 54 765 0.180636
4 78 1 22 69.6757 54 83 0.602793
4 78 2 23 40.2239 54 346 1.04416
4 79 2 23 45.6117 54 36 0.920817
4 80 1 22 55.6428 54 70 0.754815
4 80 2 23 44.0918 54 43 0.952558
4 81 2 23 0.000431065 54 159 97433.1
4 82 1 22 25.6065 54 1034 1.64021
4 82 2 23 70.0603 54 161 0.599484
4 83 2 23 0.675793 54 31 62.1492
4 84 1 22 14.8392 54 25 2.83034
4 84 2 23 84.4759 54 123 0.497183
4 85 1 22 5.88738 54 20 7.1339
4 85 2 23 57.1332 54 2165 0.735125
4 86 1 22 10.5044 54 68 3.99831
4 86 2 23 55.3612 54 272 0.758654
4 87 2 23 0.410269 54 17 102.372
4 88 1 22 16.8235 54 171 2.49652
4 88 2 23 91.545 54 72 0.458791
4 89 1 22 39.9751 54 110 1.05065
4 89 2 23 185.646 54 437 0.226237
4 90 1 22 24.3776 54 120 1.7229
4 90 2 23 50.057 54 175 0.839044
4 91 2 23 31.4858 54 18 1.33393
4 92 1 22 15.123 54 45 2.77722
4 92 2 23 92.1646 54 810 0.455707
4 93 1 22 4.60499 54 6 9.12054
4 93 2 23 75.077 54 3510 0.559426
4 94 1 22 83.8327 54 215 0.500998
4 94 2 23 18.7403 54 125 2.24116
4 95 2 23 14.8801 54 12 2.82256
4 96 1 22 36.8276 54 218 1.14045
4 96 2 23 2.02662e-05 54 32 2.07241e+06
4 97 1 22 22.4886 54 25 1.86762
4 97 2 23 51.91 54 178 0.809093
4 98 1 22 14.0703 54 145 2.98501
4 98 2 23 27.6287 54 176 1.52016
4 99 2 23 23.2097 54 8 1.80959
4 100 1 22 22.4672 54 229 1.86939
4 100 2 23 45.8974 54 44 0.915084
4 101 1 22 3.02843 54 47 13.8686
4 101 2 23 98.1 54 295 0.428135
4 102 1 22 27.5306 54 45 1.52557
4 102 2 23 70.9498 54 233 0.591967
4 103 2 23 24.7267 54 19 1.69857
4 104 1 22 57.7283 54 275 0.727546
4 104 2 23 67.1657 54 40 0.625319
4 105 1 22 25.3555 54 1018 1.65644
4 105 2 23 88.5881 54 103 0.474104
4 106 1 22 7.552 54 14 5.56144
4 106 2 23 42.0261 54 204 0.999379
4 107 2 23 14.846 54 4 2.82905
4 108 1 22 17.2116 54 491 2.44021
4 108 2 23 52.5787 54 29 0.798803
4 109 1 22 68.0291 54 6476 0.617383
4 109 2 23 95.1968 54 378 0.441191
4 110 1 22 6.46334 54 105 6.49819
4 110 2 23 26.7195 54 400 1.57188
4 111 1 23 4.67226 54 1 8.98922
4 112 1 22 23.3428 54 277 1.79927
4 112 2 23 17.5618 54 18 2.39155
4 113 1 22 23.6526 54 3674 1.7757
4 113 2 23 46.2495 54 190 0.908118
4 114 2 23 49.9245 54 73 0.841271
4 115 2 23 12.8495 54 5 3.26861
4 116 1 22 17.7172 54 358 2.37058
4 116 2 23 5.66845e-05 54 56 740944
4 117 2 23 214.114 54 1052 0.196158
4 118 1 22 23.0867 54 3470 1.81923
4 118 2 23 64.7366 54 560 0.648783
4 119 2 23 3.83886 54 2 10.9407
4 120 1 22 21.2916 54 1194 1.97261
4 120 2 23 90.1003 54 58 0.466147
4 121 1 22 21.1738 54 1283 1.98359
4 121 2 23 239.521 54 146 0.17535
4 122 1 22 12.7285 54 3907 3.29968
4 122 2 23 28.4783 54 33 1.47481
4 123 2 23 0.460671 54 17 91.1714
4 124 1 22 29.6927 54 415 1.41449
4 124 2 23 63.9143 54 113 0.65713
4 125 1 22 76.4371 54 1400 0.549471
4 125 2 23 119.319 54 3577 0.351997
4 126 1 22 34.0963 54 2466 1.2318
4 126 2 23 36.0209 54 67 1.16599
4 127 1 23 2.94058 54 14 14.2829
4 128 1 22 10.7504 54 234 3.90683
4 128 2 23 40.9782 54 36 1.02494
4 129 1 22 16.2098 54 176 2.59103
4 129 2 23 1.14021 54 27 36.8353
4 130 1 22 13.2458 54 104 3.17081
4 130 2 23 77.2297 54 257 0.543832
4 131 2 23 10.5326 54 9 3.98761
4 132 1 22 5.75887 54 250 7.2931
4 132 2 23 57.2665 54 44 0.733412
4 133 2 23 81.7929 54 436 0.513492
4 134 1 22 20.1068 54 149 2.08884
4 134 2 23 2.12737 54 18 19.7427
4 136 1 22 30.5176 54 275 1.37626
4 137 2 23 86.5853 54 98 0.485071
4 138 2 23 11.936 54 89 3.51877
4 139 2 23 2.14995e-07 54 7 1.95354e+08
4 140 1 22 11.4442 54 183 3.66998
4 140 2 23 94.0005 54 22 0.446806
4 141 1 22 34.5846 54 720 1.21441
4 142 1 22 59.5125 54 329 0.705734
4 144 1 22 86.8254 54 399 0.483729
4 145 1 22 52.6907 54 541 0.797104
4 146 1 22 9.34506 54 84 4.49435
4 148 1 22 6.24441 54 150 6.72601
4 152 1 22 10.6773 54 17 3.93359
4 153 1 22 27.0996 54 400 1.54984
4 156 1 22 29.4881 54 330 1.4243
4 157 2 23 103.968 54 187 0.403972
4 158 1 22 13.2147 54 208 3.17828
4 158 2 23 89.6607 54 22 0.468432
4 159 1 22 24.1999 54 189 1.73554
4 159 2 23 6.27821 54 5 6.6898
4 160 1 22 18.6438 54 629 2.25276
4 160 2 23 31.3113 54 10 1.34137
4 161 2 23 12.6492 54 118 3.32037
4 162 2 23 12.7569 54 70 3.29233
4 163 1 22 24.6367 54 175 1.70477
4 163 2 23 16.5353 54 3 2.54001
4 164 2 23 80.9145 54 586 0.519067
4 165 2 23 54.5492 54 266 0.769947
4 166 2 23 27.327 54 161 1.53694
4 167 2 23 6.0676 54 7 6.92201
4 168 2 23 2.94653 54 24 14.2541
4 169 2 23 83.7009 54 96 0.501787
4 170 2 23 92.9679 54 36 0.451769
4 171 2 23 18.7283 54 41 2.24259
4 172 2 23 22.3089 54 16 1.88266
4 173 1 22 6.47851 54 1394 6.48297
4 173 2 23 114.271 54 251 0.367547
4 174 2 23 86.1267 54 89 0.487654
4 175 2 23 7.61391 54 2 5.51622
4 176 1 22 8.46737 54 50 4.96022
4 176 2 23 42.0354 54 59 0.999157
4 177 1 22 8.98285 54 523 4.67557
4 177 2 23 17.4756 54 70 2.40335
4 178 1 22 30.138 54 1018 1.39359
4 178 2 23 8.74385e-05 54 134 480338
4 179 2 23 41.875 54 48 1.00299
4 180 1 22 34.2919 54 200 1.22478
4 180 2 23 1.2286 54 60 34.1852
4 181 1 22 22.1796 54 827 1.89363
4 181 2 23 49.3532 54 76 0.851009
4 182 2 23 74.0436 54 45 0.567234
4 183 2 23 222.691 54 1136 0.188602
4 184 1 22 31.6079 54 291 1.32878
4 184 2 23 0.000257028 54 190 163406
4 185 2 23 109.216 54 267 0.384559
4 186 2 23 0.000193597 54 79 216945
4 187 2 23 7.2038 54 20 5.83026
5 2 5 17 8.40864 54 7 4.99486
5 3 5 17 10.9474 54 3 3.83654
5 5 7 17 12.6586 54 5 3.3179
5 6 5 17 18.8835 54 11 2.22416
5 7 5 17 23.4173 54 34 1.79355
5 8 7 17 14.1551 54 23 2.96714
5 9 7 17 0.000167804 54 104 250292
5 10 5 17 17.2947 54 39 2.4285
5 11 6 17 12.4303 54 11 3.37885
5 12 7 17 21.0452 54 108 1.9957
5 13 7 17 5.68325 54 19 7.39013
5 14 7 17 2.52792 54 117 16.6145
5 15 7 17 4.54809 54 5 9.23465
5 16 7 17 20.5527 54 45 2.04353
5 17 7 17 29.2508 54 80 1.43586
5 20 7 17 8.81417 54 19 4.76505
5 21 7 17 2.42076 54 1 17.3499
5 23 7 17 4.85101 54 4 8.65799
5 27 7 17 4.21422 54 11 9.96627
5 28 7 17 4.36909 54 9 9.61298
5 29 7 17 0.357919 54 1 117.345
5 33 1 10 11.1508 54 126 3.76653
5 33 3 12 27.0382 54 3957 1.55336
5 34 1 10 4.4727 54 7 9.3903
5 34 3 12 17.0509 54 3375 2.46322
5 35 1 10 2.82772 54 25 14.8529
5 35 3 12 18.8269 54 3445 2.23085
5 36 1 10 9.2653 54 175 4.53304
5 36 3 12 26.9602 54 2391 1.55785
5 37 1 10 5.84063 54 154 7.19101
5 37 3 12 20.3527 54 2556 2.0636
5 38 1 10 8.05341 54 189 5.21518
5 38 3 12 21.046 54 3614 1.99563
5 39 1 10 11.9511 54 100 3.51433
5 39 3 12 27.4987 54 2543 1.52734
5 40 1 10 8.36441 54 95 5.02128
5 40 3 12 45.6407 54 1540 0.92023
5 41 1 10 69.5247 54 235 0.604102
5 41 3 12 46.4 54 1312 0.905173
5 42 1 10 20.468 54 411 2.05198
5 42 3 12 108.115 54 2347 0.388477
5 43 1 10 25.4035 54 1102 1.65332
5 43 3 12 161.157 54 1728 0.260615
5 44 1 10 47.0673 54 947 0.892339
5 44 3 12 61.0853 54 3435 0.687563
5 44 6 17 7.94662 54 3 5.28527
5 45 1 10 16.271 54 724 2.58127
5 45 3 12 43.2529 54 2759 0.971032
5 46 1 10 22.135 54 362 1.89745
5 46 3 12 61.2093 54 3902 0.686171
5 47 1 10 24.6336 54 162 1.70499
5 47 3 12 114.54 54 2286 0.366685
5 48 1 10 33.4111 54 617 1.25707
5 48 3 12 30.0449 54 1635 1.39791
5 49 1 10 47.9449 54 1413 0.876006
5 49 3 12 48.5705 54 2152 0.864722
5 50 1 10 56.7212 54 658 0.740464
5 50 3 12 71.5557 54 1459 0.586956
5 51 1 10 26.3506 54 1034 1.59389
5 51 3 12 45.3987 54 1032 0.925136
5 52 1 10 27.8506 54 1493 1.50805
5 52 3 12 53.9577 54 1075 0.778388
5 53 1 10 16.8549 54 1218 2.49186
5 53 3 12 30.315 54 1263 1.38545
5 53 4 13 31.6329 54 1426 1.32773
5 54 1 10 39.7948 54 839 1.05541
5 54 2 11 25.4127 54 2040 1.65272
5 54 3 12 49.8148 54 1046 0.843122
5 54 4 13 28.3596 54 738 1.48098
5 55 1 10 43.1533 54 834 0.973275
5 55 2 11 72.5255 54 3208 0.579107
5 55 3 12 75.862 54 377 0.553637
5 55 4 13 21.0237 54 2659 1.99774
5 56 1 10 32.0278 54 862 1.31136
5 56 2 11 23.5185 54 4235 1.78583
5 56 3 12 23.6771 54 515 1.77387
5 56 4 13 18.6509 54 2555 2.2519
5 57 1 10 11.4861 54 4 3.65659
5 57 4 13 4.73924 54 3677 8.86218
5 58 1 10 24.8241 54 815 1.6919
5 58 3 12 11.8904 54 1890 3.53227
5 58 4 13 25.103 54 9215 1.67311
5 59 1 10 74.8091 54 810 0.561429
5 59 3 12 24.2916 54 1561 1.72899
5 59 4 13 34.9047 54 16489 1.20328
5 60 1 10 84.9513 54 1260 0.494401
5 60 3 12 21.8628 54 2826 1.92107
5 60 4 13 31.8739 54 12907 1.31769
5 61 1 10 58.3385 54 877 0.719936
5 61 3 12 19.2713 54 5114 2.17941
5 61 4 13 22.8242 54 13467 1.84015
5 62 1 10 57.6967 54 1116 0.727944
5 62 2 11 204.235 54 3511 0.205646
5 62 3 12 61.2771 54 884 0.685411
5 62 4 13 18.5894 54 19680 2.25935
5 63 1 10 33.7164 54 1310 1.24569
5 63 2 11 132.893 54 4056 0.316043
5 63 3 12 34.2433 54 651 1.22652
5 63 4 13 62.0996 54 16499 0.676332
5 64 1 10 51.9957 54 1700 0.807758
5 64 2 11 82.3197 54 3816 0.510206
5 64 3 12 39.4089 54 467 1.06575
5 64 4 13 47.5639 54 21384 0.883023
5 66 6 15 8.43837 54 161 4.97726
5 67 5 14 24.7777 54 408 1.69507
5 67 6 15 8.79995 54 96 4.77275
5 70 5 14 7.21001 54 111 5.82524
5 71 6 15 19.8764 54 84 2.11306
5 73 4 13 14.2405 54 258 2.94934
5 74 4 13 8.26424 54 619 5.08214
5 75 4 13 2.79848 54 1291 15.0081
5 76 4 13 0.796212 54 1236 52.7497
5 78 5 14 70.9742 54 773 0.591765
5 78 6 15 117.31 54 1152 0.358024
5 79 4 13 8.84959 54 755 4.74598
5 80 4 13 3.15033 54 345 13.332
5 82 3 12 5.98273 54 103 7.02021
5 85 1 10 81.9991 54 14963 0.5122
5 85 3 12 93.8082 54 11961 0.447722
5 86 1 10 52.4907 54 16437 0.800142
5 86 3 12 154.066 54 9969 0.27261
5 87 1 10 62.7917 54 16367 0.668878
5 87 3 12 54.9826 54 10233 0.763877
5 88 1 10 97.8667 54 13579 0.429155
5 88 3 12 286.787 54 7450 0.14645
5 89 1 10 47.983 54 16615 0.875311
5 89 3 12 66.6609 54 9794 0.630054
5 90 1 10 102.823 54 16805 0.40847
5 90 3 12 66.3243 54 8121 0.633252
5 91 1 10 129.48 54 13262 0.324375
5 91 3 12 115.247 54 7580 0.364435
5 92 1 10 46.7442 54 10947 0.898508
5 92 3 12 82.9092 54 7253 0.506578
5 94 5 14 10.4816 54 46.9155 4.00702
5 99 5 14 93.7819 54 905.681 0.447848
5 99 6 15 66.0972 54 500.874 0.635427
5 100 5 14 17.6137 54 441.75 2.38451
5 101 1 10 22.2914 54 1341 1.88414
5 101 3 12 55.8328 54 3829 0.752246
5 101 5 14 15.0736 54 61.4007 2.78633
5 101 6 15 37.0364 54 40.0001 1.13402
5 102 1 10 34.9721 54 1792 1.20096
5 102 3 12 119.943 54 4948 0.350165
5 103 1 10 11.6195 54 2598 3.61463
5 103 3 12 94.1522 54 4751 0.446086
5 104 1 10 15.0373 54 759 2.79305
5 104 3 12 41.2555 54 664 1.01805
5 105 1 10 5.00693 54 219 8.38837
5 105 3 12 42.4041 54 1266 0.99047
5 106 1 10 45.1015 54 982 0.931232
5 106 3 12 114.228 54 3552 0.367686
5 107 1 10 28.4245 54 2359 1.4776
5 107 3 12 127.395 54 6106 0.329683
5 108 1 10 19.1531 54 39 2.19286
5 108 3 12 29.41 54 2329 1.42808
5 109 1 10 77.6082 54 532 0.54118
5 109 3 12 57.1254 54 3491 0.735225
5 109 5 14 5.01611 54 87.9746 8.37303
5 109 6 15 14.4127 54 180 2.91409
5 110 1 10 51.9068 54 132 0.809143
5 110 3 12 38.4139 54 3037 1.09335
5 110 6 15 24.0582 54 336.926 1.74577
5 110 7 17 6.32645e-08 54 1 6.63879e+08
5 111 1 10 22.5692 54 53 1.86095
5 111 3 12 43.0108 54 137 0.976499
5 112 1 10 0.322574 54 64 130.203
5 112 3 12 2.37337 54 128 17.6964
5 113 1 10 38.5679 54 674 1.08899
5 113 3 12 94.7796 54 2935 0.443134
5 114 1 10 21.5778 54 574 1.94645
5 114 3 12 156.844 54 3780 0.267783
5 114 5 14 17.8099 54 34 2.35824
5 115 1 10 28.5349 54 858 1.47188
5 115 3 12 42.3131 54 4460 0.9926
5 116 1 10 33.8899 54 468 1.23931
5 116 3 12 69.9368 54 3401 0.600542
5 117 1 10 36.1909 54 575 1.16051
5 117 3 12 34.9744 54 4648 1.20088
5 118 1 10 43.5865 54 302 0.963602
5 118 3 12 65.1109 54 6853 0.645053
5 119 1 10 16.0919 54 505 2.61001
5 119 3 12 131.283 54 5094 0.319919
5 120 1 10 8.76293 54 438 4.79292
5 120 3 12 101.194 54 2824 0.415044
5 121 1 10 7.53721 54 340 5.57235
5 121 3 12 66.034 54 3576 0.636036
5 122 1 10 10.5896 54 268 3.96614
5 122 3 12 68.4824 54 5519 0.613297
5 123 1 10 14.6027 54 256 2.87617
5 123 3 12 14.0953 54 2935 2.97971
5 124 1 10 31.6599 54 345 1.3266
5 124 3 12 37.3296 54 273 1.12511
5 125 1 10 29.5876 54 203 1.41951
5 125 3 12 11.7966 54 1210 3.56035
5 126 1 10 55.4692 54 419 0.757178
5 126 3 12 39.0105 54 2806 1.07663
5 126 5 14 26.6268 54 163.608 1.57736
5 126 6 15 96.7738 54 937.36 0.434002
5 127 1 10 57.4786 54 182 0.730707
5 127 3 12 57.8413 54 2378 0.726125
5 127 6 15 76.5045 54 365 0.548987
5 128 1 10 25.9867 54 85 1.61621
5 128 3 12 72.0919 54 5386 0.58259
5 129 1 10 0.566554 54 105 74.1324
5 129 3 12 86.9399 54 2872 0.483092
5 130 1 10 9.54407 54 5 4.40064
5 130 3 12 99.2614 54 905 0.423125
5 131 3 12 54.6433 54 1011 0.768621
5 131 5 14 39.5874 54 868.264 1.06094
5 132 1 10 8.96282 54 4 4.68602
5 132 3 12 21.062 54 1148 1.99411
5 133 1 10 94.9701 54 1890 0.442244
5 133 3 12 42.7051 54 5602 0.983489
5 134 1 10 72.2566 54 896 0.581262
5 134 3 12 79.8064 54 6326 0.526274
5 134 5 14 20.1087 54 320.219 2.08865
5 135 1 10 40.6838 54 1290 1.03235
5 135 3 12 162.553 54 7658 0.258377
5 136 1 10 40.9435 54 1324 1.0258
5 136 3 12 50.5731 54 3929 0.830481
5 136 5 14 40.4109 54 49.5678 1.03932
5 136 8 17 6.27857 54 3 6.68943
5 137 1 10 42.1505 54 1465 0.996429
5 137 3 12 137.773 54 3520 0.30485
5 137 5 14 23.994 54 68.2079 1.75044
5 137 8 17 2.79164 54 1 15.0449
5 138 1 10 79.0347 54 1128 0.531412
5 138 3 12 58.4355 54 6594 0.718741
5 138 5 14 18.3084 54 539.127 2.29402
5 138 6 15 10.2081 54 73.0001 4.11437
5 139 1 10 34.4021 54 1301 1.22086
5 139 3 12 137.831 54 9029 0.304721
5 140 1 10 117.364 54 1736 0.357861
5 140 3 12 68.2506 54 6788 0.61538
5 141 1 10 74.2454 54 1326 0.565692
5 141 3 12 54.4682 54 5030 0.771092
5 142 1 10 22.5803 54 1041 1.86002
5 142 3 12 142.476 54 6059 0.294786
5 142 6 15 22.6921 54 30 1.85086
5 143 1 10 76.2035 54 988 0.551156
5 143 3 12 66.4235 54 6914 0.632306
5 144 1 10 111.007 54 1290 0.378356
5 144 3 12 49.0025 54 4145 0.857099
5 144 8 17 0.243951 54 1 172.166
5 145 1 10 55.1752 54 1322 0.761212
5 145 3 12 65.5923 54 4153 0.640319
5 145 8 17 2.46972 54 1 17.006
5 146 1 10 61.6608 54 890 0.681146
5 146 3 12 71.4113 54 6133 0.588142
5 147 1 10 28.8954 54 999 1.45352
5 147 3 12 72.9225 54 6221 0.575954
5 148 1 10 66.6307 54 1010 0.63034
5 148 3 12 54.3963 54 6611 0.772112
5 149 1 10 70.9946 54 2559 0.591595
5 149 3 12 33.8918 54 4645 1.23924
5 150 1 10 155.684 54 1636 0.269778
5 150 3 12 79.1422 54 5894 0.53069
5 151 1 10 62.5817 54 1911 0.671123
5 151 3 12 72.1218 54 1709 0.582348
5 152 1 10 59.2735 54 4312 0.70858
5 152 3 12 30.6828 54 3296 1.36884
5 153 1 10 22.5545 54 2421 1.86216
5 153 2 11 53.4691 54 975 0.7855
5 153 3 12 28.8266 54 2524 1.45699
5 153 4 13 27.0623 54 5606 1.55197
5 153 5 15 126.947 54 62.4888 0.330846
5 153 6 16 2.13443 54 3 19.6773
5 154 1 10 80.8182 54 2489 0.519685
5 154 2 11 63.5089 54 293 0.661325
5 154 3 12 21.2952 54 21104 1.97228
5 154 4 13 46.5719 54 1851 0.901831
5 154 5 14 36.1238 54 1053.48 1.16267
5 155 1 10 55.2034 54 3306 0.760823
5 155 3 12 46.1803 54 31032 0.90948
5 155 4 13 108.977 54 8295 0.385403
5 156 1 10 84.1913 54 3691 0.498864
5 156 2 11 92.0315 54 268 0.456365
5 156 3 12 62.4193 54 34152 0.672869
5 156 4 13 236.208 54 8919 0.177809
5 156 5 14 10.3967 54 85.652 4.03973
5 157 1 10 116.619 54 3345 0.360146
5 157 2 11 57.3442 54 2866 0.73242
5 157 3 12 81.8214 54 22897 0.513313
5 157 4 13 56.4757 54 2502 0.743682
5 158 1 10 119.691 54 4866 0.350902
5 158 2 11 145.502 54 1545 0.288655
5 158 3 12 47.3411 54 37681 0.887179
5 158 4 13 68.8547 54 1621 0.60998
5 159 1 10 72.4359 54 3866 0.579823
5 159 2 11 83.0157 54 1582 0.505928
5 159 3 12 44.5355 54 32308 0.943067
5 159 4 13 25.878 54 919 1.623
5 159 7 16 88.2564 54 2799 0.475886
5 160 1 10 52.0371 54 7075 0.807116
5 160 2 11 47.7541 54 5331 0.879505
5 160 3 12 79.1273 54 20662 0.53079
5 160 4 13 35.9992 54 4080 1.16669
5 160 6 16 62.4329 54 4812 0.672722
5 161 1 10 49.941 54 5141 0.840992
5 161 2 11 52.5424 54 1917 0.799355
5 161 3 12 52.1367 54 12789 0.805574
5 161 4 13 164.764 54 5219 0.25491
5 161 7 16 55.6995 54 6269 0.754047
5 161 8 17 8.78753 54 31 4.7795
5 162 1 10 102.925 54 6541 0.408063
5 162 2 11 36.6185 54 558 1.14696
5 162 3 12 40.7994 54 18112 1.02943
5 162 4 13 29.793 54 186 1.40973
5 162 5 14 54.441 54 591.123 0.771477
5 162 7 16 192.239 54 9903 0.218478
5 162 8 17 2.34433 54 1 17.9156
5 163 1 10 43.1772 54 12605 0.972735
5 163 2 11 71.5112 54 957 0.58732
5 163 3 12 58.4215 54 20045 0.718913
5 163 4 13 138.11 54 5901 0.304105
5 163 5 15 33.6763 54 154.059 1.24717
5 163 6 16 100.059 54 10147 0.419754
5 164 1 10 32.6126 54 7879 1.28785
5 164 2 11 189.578 54 2298 0.221545
5 164 3 12 77.1662 54 35381 0.54428
5 164 4 13 137.563 54 1232 0.305315
5 164 5 14 14.9953 54 519.267 2.80087
5 164 7 16 220.173 54 10422 0.190759
5 165 1 10 19.1367 54 15651 2.19473
5 165 2 11 79.2031 54 2755 0.530283
5 165 3 12 46.9272 54 61525 0.895003
5 165 4 13 153.23 54 2961 0.274097
5 165 5 15 38.4965 54 39.9999 1.09101
5 165 6 16 181.194 54 9995 0.231795
5 166 1 10 36.1068 54 14364 1.16322
5 166 2 11 99.551 54 1466 0.421894
5 166 3 12 55.2269 54 76078 0.760498
5 166 4 13 156.169 54 4054 0.26894
5 166 5 14 32.3015 54 1638.07 1.30025
5 166 6 15 63.0879 54 511 0.665738
5 166 7 16 135.827 54 11227 0.309216
5 166 8 17 14.1395 54 6 2.97039
5 167 1 10 31.8745 54 9812 1.31767
5 167 2 11 109.815 54 1039 0.382462
5 167 3 12 107.555 54 32022 0.390497
5 167 4 13 138.833 54 5964 0.302522
5 167 5 15 13.4235 54 139.238 3.12884
5 167 6 16 128.676 54 10684 0.326402
5 167 7 17 8.93264 54 13 4.70186
5 168 1 10 20.1957 54 11604 2.07965
5 168 2 11 63.1634 54 1254 0.664942
5 168 3 12 98.2638 54 93684 0.427421
5 168 4 13 60.091 54 116 0.698941
5 168 5 16 73.742 54 11233 0.569553
5 168 6 17 3.11106 54 2 13.5002
5 169 1 10 81.3992 54 2634 0.515976
5 169 2 11 18.7798 54 440 2.23645
5 169 3 12 106.83 54 135502 0.393147
5 169 4 13 88.119 54 7276 0.476628
5 169 5 14 32.0281 54 1000 1.31135
5 169 6 15 1.35864 54 84.169 30.9133
5 169 7 16 156.585 54 9564 0.268224
5 170 1 10 109.075 54 8805 0.385055
5 170 2 11 20.2555 54 386 2.07352
5 170 3 12 53.9015 54 240907 0.779199
5 170 4 13 98.2254 54 5821 0.427588
5 170 5 14 74.7563 54 2000 0.561826
5 170 6 15 65.1498 54 1797.25 0.644668
5 170 7 16 154.493 54 24913 0.271856
5 171 1 10 97.265 54 13650 0.43181
5 171 2 11 26.7326 54 392 1.57112
5 171 3 12 198.07 54 44365 0.212046
5 171 4 13 114.692 54 4294 0.366197
5 171 6 16 136.085 54 22787 0.308631
5 171 7 17 7.43879 54 2 5.64608
5 172 1 10 48.5315 54 10851 0.865418
5 172 2 11 13.115 54 331 3.20244
5 172 3 12 240.327 54 106916 0.174762
5 172 4 13 114.702 54 5155 0.366165
5 172 6 16 137.034 54 14841 0.306492
5 173 1 10 38.6905 54 6151 1.08554
5 173 2 11 83.0797 54 427 0.505539
5 173 3 12 46.2006 54 131732 0.909078
5 173 4 13 45.9336 54 182 0.914364
5 173 7 17 7.23222 54 6 5.80734
5 174 1 10 159.065 54 6401 0.264042
5 174 2 11 44.6661 54 1373 0.940311
5 174 3 12 44.8552 54 123184 0.936347
5 174 4 13 98.1114 54 283 0.428085
5 174 5 14 21.4813 54 1278 1.95519
5 174 8 17 28.9017 54 9 1.4532
5 175 1 10 87.3304 54 9603 0.480932
5 175 2 11 72.8498 54 3251 0.576529
5 175 3 12 186.297 54 33421 0.225446
5 175 4 13 106.044 54 877 0.39606
5 175 6 17 29.3355 54 27 1.43171
5 176 1 10 170.756 54 1080 0.245965
5 176 2 11 102.175 54 837 0.411058
5 176 3 12 84.8315 54 58244 0.495099
5 176 4 13 14.861 54 88 2.82619
5 176 5 14 78.0018 54 1000 0.538449
5 176 7 17 7.43426 54 6 5.64952
5 177 1 10 83.7622 54 9584 0.501419
5 177 2 11 42.8108 54 365 0.981062
5 177 3 12 136.067 54 48012 0.30867
5 177 4 13 62.7378 54 2940 0.669453
5 177 6 16 136.432 54 25131 0.307845
5 178 1 10 148.384 54 9259 0.283049
5 178 2 11 23.17 54 279 1.81269
5 178 3 12 162.625 54 43453 0.258263
5 178 4 13 15.6556 54 53 2.68274
5 178 5 14 55.0975 54 1387.52 0.762284
5 178 7 16 114.687 54 27087 0.366213
5 179 1 10 69.962 54 9165 0.600326
5 179 2 11 47.96 54 709 0.87573
5 179 3 12 251.843 54 35704 0.166771
5 179 5 14 8.04771 54 139.708 5.21887
5 179 6 15 79.4311 54 507.621 0.52876
5 179 7 16 139.539 54 23577 0.300991
5 179 8 17 2.28181e-05 54 19 1.84064e+06
5 180 1 10 96.7441 54 9522 0.434135
5 180 2 11 150.885 54 532 0.278357
5 180 3 12 299.878 54 64491 0.140057
5 180 4 13 22.0713 54 441 1.90292
5 180 5 14 75.7105 54 1000 0.554745
5 180 7 16 130.046 54 22120 0.322963
5 180 8 17 13.6253 54 17 3.08251
5 181 1 10 213.527 54 8737 0.196697
5 181 2 11 36.8771 54 148 1.13892
5 181 3 12 372.004 54 46894 0.112902
5 181 4 13 116.626 54 3589 0.360125
5 181 5 14 88.764 54 1276.68 0.473165
5 181 6 15 16.7053 54 501.948 2.51417
5 181 7 16 88.1811 54 22321 0.476293
5 181 8 17 21.9531 54 41 1.91317
5 182 1 10 173.566 54 8898 0.241982
5 182 2 11 43.0077 54 624 0.976569
5 182 3 12 494.413 54 49205 0.0849493
5 182 4 13 123.865 54 5669 0.339078
5 182 5 14 24.7308 54 611.789 1.69829
5 182 6 15 58.7123 54 1000 0.715353
5 182 7 16 102.56 54 23832 0.409515
5 182 8 17 7.31842 54 28 5.73895
5 183 1 10 107.674 54 14967 0.390068
5 183 2 11 163.208 54 577 0.257341
5 183 3 12 59.4484 54 60411 0.706495
5 183 4 13 111.94 54 2636 0.375202
5 183 5 14 20.0448 54 275.066 2.09531
5 183 6 15 39.9763 54 1960 1.05062
5 183 7 16 93.1426 54 22259 0.450922
5 183 8 17 43.8774 54 26 0.957213
5 184 1 10 73.1354 54 13029 0.574278
5 184 2 11 56.4292 54 106 0.744295
5 184 3 12 106.326 54 139514 0.395013
5 184 4 13 52.7949 54 2612 0.795532
5 184 5 14 103.195 54 1630.28 0.406996
5 184 6 15 43.1502 54 429.076 0.973344
5 184 7 16 86.8907 54 21839 0.483366
5 185 1 10 119.252 54 10956 0.352194
5 185 2 11 187.203 54 839 0.224355
5 185 3 12 360.019 54 56723 0.11666
5 185 4 13 134.364 54 1054 0.312584
5 185 5 14 91.6485 54 1000 0.458273
5 185 6 15 43.0807 54 219.988 0.974915
5 185 8 17 6.44472 54 4 6.51696
5 186 1 10 188.994 54 9401 0.222229
5 186 2 11 87.338 54 389 0.48089
5 186 3 12 215.012 54 66287 0.195338
5 186 4 13 74.4604 54 2236 0.564058
5 186 5 14 82.3608 54 1468 0.509951
5 186 6 15 55.0597 54 2529.33 0.762809
5 186 8 17 2.93135 54 2 14.3279
5 187 1 10 141.781 54 17021 0.296231
5 187 2 11 204.296 54 467 0.205584
5 187 3 12 168.292 54 52164 0.249566
5 187 4 13 103.686 54 4321 0.405068
5 187 5 15 14.9984 54 105.702 2.8003
5 187 7 17 4.26579 54 1 9.84576
5 188 1 10 207.422 54 16407 0.202486
5 188 2 11 81.4684 54 290 0.515537
5 188 3 12 138.535 54 161620 0.303172
5 188 4 13 76.1097 54 2305 0.551835
5 188 5 14 85.2157 54 1080.52 0.492867
5 188 6 15 24.0726 54 388 1.74472
6 1 1 18 29.1391 54 4932 1.44136
6 1 2 21 3.75588 54 9 11.1825
6 2 1 18 25.6925 54 6171 1.63472
6 2 2 21 0.000699644 54 120 60030.5
6 3 1 18 48.4828 54 5603 0.866287
6 3 2 21 40.1218 54 162 1.04681
6 4 1 18 50.0695 54 1828 0.838834
6 4 4 21 40.2849 54 362 1.04258
6 5 4 21 4.72599 54 4 8.88703
6 6 4 21 22.0685 54 25 1.90317
6 7 2 21 51.0661 54 513 0.822464
6 8 1 18 35.355 54 1628 1.18795
6 8 4 21 44.4579 54 240 0.944715
6 9 1 18 20.4564 54 1513 2.05315
6 9 4 21 12.4302 54 24 3.37886
6 10 1 18 24.0983 54 2389 1.74286
6 10 2 21 15.0562 54 6 2.78954
6 11 1 18 22.1183 54 3614 1.89888
6 11 3 21 0.000794621 54 321 52855.4
6 12 1 18 18.2723 54 2312 2.29857
6 12 4 21 4.75094 54 262 8.84035
6 13 1 18 38.6413 54 2156 1.08692
6 13 4 21 9.43217 54 11 4.45285
6 14 1 18 20.4737 54 4554 2.05141
6 14 3 21 34.8639 54 92 1.20469
6 15 1 18 25.3525 54 7052 1.65664
6 15 3 21 16.9273 54 65 2.48119
6 16 1 18 60.7908 54 1622 0.690894
6 16 4 21 14.0276 54 263 2.9941
6 17 1 18 61.8863 54 8039 0.678663
6 17 4 21 5.68762 54 34 7.38446
6 18 1 18 42.3344 54 11963 0.9921
6 19 1 18 21.5073 54 8039 1.95282
6 19 3 21 69.9695 54 106 0.600261
6 20 1 18 32.6624 54 7923 1.28588
6 20 4 21 57.8386 54 149 0.726159
6 21 1 18 27.7905 54 5727 1.51131
6 21 4 21 2.96588 54 2 14.161
6 22 1 18 22.3968 54 18621 1.87527
6 23 1 18 24.0032 54 42920 1.74977
6 23 4 21 35.7147 54 84 1.17599
6 24 1 18 30.9503 54 11949 1.35701
6 24 4 21 60.0822 54 60 0.699042
6 25 1 18 45.3389 54 5651 0.926358
6 26 1 18 33.7248 54 13722 1.24537
6 26 4 21 19.716 54 32 2.13025
6 27 1 18 105.233 54 19311 0.399115
6 27 3 21 9.72635 54 4 4.31817
6 28 1 18 64.1069 54 13526 0.655156
6 28 3 21 5.15239 54 17 8.15156
6 29 1 18 22.0951 54 2000 1.90087
6 30 1 18 36.9173 54 17499 1.13768
6 31 1 18 17.5055 54 6000 2.39925
6 32 1 18 27.7147 54 6336 1.51544
6 33 1 18 20.8843 54 3998 2.01108
6 34 1 18 63.8415 54 8708 0.65788
6 35 1 18 85.8554 54 6000 0.489195
6 36 1 18 86.7772 54 4002 0.483998
6 51 1 18 47.1769 54 1321 0.890267
6 52 1 18 24.17 54 1350 1.73769
6 53 1 18 18.721 54 945 2.24347
6 54 1 18 31.0298 54 2841 1.35354
6 55 1 18 47.2231 54 3193 0.889396
6 56 1 18 43.3966 54 2011 0.967817
6 58 1 18 78.9537 54 1994 0.531957
6 59 1 18 74.7136 54 422 0.562147
6 61 1 18 73.4116 54 641 0.572117
6 62 1 18 106.675 54 998 0.393721
6 63 1 18 51.6346 54 182 0.813408
6 67 1 18 39.4202 54 608 1.06544
6 68 1 18 36.8527 54 188 1.13967
6 68 2 19 60.2018 54 687 0.697653
6 68 3 20 76.2815 54 833 0.550592
6 69 1 18 263.01 54 2401 0.15969
6 69 2 19 43.2356 54 2598 0.971421
6 69 3 20 132.047 54 1680 0.318069
6 70 1 18 113.499 54 755 0.370049
6 70 2 19 33.3833 54 3232 1.25812
6 70 3 20 50.291 54 1204 0.835139
6 71 1 18 24.7775 54 5056 1.69509
6 71 3 20 38.0407 54 1795 1.10408
6 72 1 18 24.4373 54 596 1.71868
6 72 2 19 10.1014 54 408 4.15783
6 72 3 20 11.6434 54 2345 3.60721
6 73 1 18 92.4276 54 6884 0.45441
6 73 2 19 16.0104 54 244 2.62329
6 73 3 20 14.8731 54 187 2.8239
6 74 1 18 109.488 54 8659 0.383603
6 74 2 19 40.1808 54 457 1.04528
6 74 3 20 40.8404 54 1056 1.02839
6 75 1 18 66.1285 54 50 0.635127
6 75 2 19 11.7463 54 50 3.57561
6 76 1 18 57.8974 54 2101 0.725421
6 76 3 20 73.2977 54 635 0.573005
6 77 1 18 94.4373 54 9794 0.444739
6 77 2 19 75.2635 54 1534 0.55804
6 77 3 20 85.9162 54 2658 0.488849
6 78 1 18 8.56671 54 4485 4.9027
6 78 2 19 57.7593 54 1193 0.727155
6 78 3 20 45.8258 54 1484 0.916515
6 79 1 18 22.8915 54 2523 1.83474
6 80 1 18 46.7932 54 6925 0.897567
6 80 3 20 16.1076 54 72 2.60747
6 81 1 18 69.994 54 783 0.600051
6 81 2 19 23.6722 54 271 1.77423
6 81 3 20 46.3533 54 226 0.906084
6 82 1 18 53.6533 54 2446 0.782803
6 83 1 18 15.0321 54 99 2.79401
6 84 1 18 42.9603 54 1173 0.977646
6 85 2 19 28.3392 54 451 1.48205
6 85 3 20 39.9374 54 152 1.05165
6 87 3 20 45.388 54 99.9998 0.925355
6 88 2 19 32.368 54 472.805 1.29758
6 88 3 20 16.3265 54 249.615 2.57251
6 89 2 19 62.4023 54 535.445 0.673052
6 89 3 20 84.6422 54 166.957 0.496206
6 90 1 18 36.8195 54 38 1.1407
6 90 2 19 113.604 54 679.387 0.369706
6 91 1 18 49.2866 54 927 0.852159
6 91 2 19 2.84998 54 66.3381 14.7369
6 92 1 18 66.4967 54 51 0.631611
6 93 1 18 29.8563 54 254 1.40674
6 93 2 19 21.8507 54 620 1.92213
6 93 3 20 10.0248 54 406 4.18959
6 94 1 18 49.6545 54 850 0.845844
6 94 2 19 44.2377 54 2188.42 0.949415
6 94 3 20 33.2133 54 1074 1.26455
6 95 2 19 43.5016 54 1232 0.965481
6 95 3 20 1.5607 54 1211.82 26.911
6 96 1 18 22.0989 54 1049 1.90055
6 96 2 19 17.2355 54 485.282 2.43683
6 96 3 20 26.7472 54 1096.2 1.57026
6 96 4 21 12.1862 54 6 3.44653
6 97 2 19 18.1683 54 1787.28 2.31172
6 97 3 20 12.4499 54 524 3.37351
6 98 1 18 42.1082 54 3397 0.997431
6 98 2 19 32.1765 54 737.792 1.3053
6 98 3 20 21.6613 54 825.838 1.93894
6 98 4 21 8.63487 54 21 4.864
6 99 2 19 41.3939 54 1047.07 1.01464
6 99 3 20 29.0351 54 37.7751 1.44652
6 100 1 18 11.7239 54 121 3.58244
6 100 2 19 27.8163 54 1351.26 1.5099
6 101 2 19 27.334 54 1761.99 1.53655
6 101 3 20 22.8627 54 1603.07 1.83705
6 101 4 21 15.8529 54 5 2.64937
6 102 2 19 39.7616 54 616.063 1.0563
6 103 2 19 41.5574 54 579.289 1.01065
6 104 2 19 25.0797 54 583.834 1.67466
6 104 3 20 11.7261 54 63.454 3.58177
6 104 4 21 5.49183 54 2 7.64772
6 105 2 19 45.5294 54 1073.68 0.922481
6 106 1 18 62.1133 54 1470 0.676183
6 106 2 19 69.5014 54 3198.44 0.604305
6 106 3 20 47.3817 54 962.696 0.886419
6 107 1 18 91.874 54 14620 0.457148
6 107 2 19 64.6696 54 847.895 0.649455
6 108 1 18 41.6235 54 2238 1.00904
6 108 2 19 37.6065 54 322.241 1.11683
6 109 2 19 43.091 54 790.034 0.974681
6 109 3 20 42.7676 54 508.258 0.982052
6 110 1 18 61.2476 54 13270 0.685741
6 110 2 19 33.652 54 1586.18 1.24807
6 110 3 20 22.9274 54 58.55 1.83187
6 111 2 19 32.4881 54 1047.24 1.29278
6 111 3 20 16.4937 54 37.0275 2.54642
6 112 1 18 56.5824 54 3398 0.742281
6 112 2 19 7.14933 54 69.6155 5.87468
6 112 4 21 6.72289 54 2 6.24731
6 113 1 18 121.047 54 3384 0.346972
6 113 2 19 29.6118 54 2295.88 1.41835
6 113 3 20 33.4925 54 1323.83 1.25401
6 114 1 18 96.0289 54 3013 0.437368
6 114 2 19 51.1324 54 1826.58 0.821397
6 114 3 20 11.879 54 1024.6 3.53566
6 114 4 21 26.8736 54 29 1.56287
6 115 1 19 17.1625 54 105.274 2.44719
6 115 2 20 14.0012 54 327.704 2.99974
6 116 1 19 29.83 54 122.88 1.40798
6 116 3 21 5.80012 54 2 7.24123
6 117 2 19 45.2003 54 944.658 0.929197
6 117 3 20 53.176 54 380.999 0.78983
6 118 2 19 80.627 54 995.299 0.520918
6 118 4 21 12.5979 54 7 3.33388
6 119 2 19 79.6397 54 2139.63 0.527375
6 119 4 21 5.8349 54 6 7.19806
6 120 2 19 110.763 54 2379.96 0.379188
6 120 3 20 94.3511 54 2951.55 0.445146
6 120 4 21 8.31795 54 6 5.04932
6 121 1 18 117.61 54 4368 0.357113
6 121 2 19 50.9626 54 3748.78 0.824133
6 121 3 20 27.9173 54 384.839 1.50444
6 121 4 21 5.65465 54 2 7.42751
6 122 1 18 64.637 54 16024 0.649783
6 122 2 19 75.5616 54 3453.88 0.555838
6 122 3 20 25.3529 54 1141.42 1.65661
6 122 4 21 24.9239 54 9 1.68513
6 123 1 18 48.5468 54 7216 0.865145
6 123 2 19 71.3709 54 3000 0.588475
6 123 3 20 18.2313 54 630.412 2.30373
6 123 4 21 23.8126 54 16 1.76377
6 124 1 18 85.2556 54 9210 0.492636
6 124 2 19 114.676 54 4437.27 0.36625
6 124 3 20 45.6965 54 605.348 0.919108
6 124 4 21 82.8793 54 30 0.506761
6 125 1 18 41.7849 54 12042 1.00515
6 125 2 19 127.861 54 5283.51 0.328482
6 125 3 20 21.5293 54 2420.23 1.95083
6 125 4 21 1.71057 54 15 24.5533
6 126 1 18 94.517 54 5489 0.444365
6 126 2 19 151.877 54 2788.3 0.276539
6 126 3 20 106.153 54 2152 0.395656
6 126 4 21 23.8006 54 13 1.76466
6 127 1 18 82.1667 54 20238 0.511156
6 127 2 19 25.3468 54 2174.77 1.65701
6 127 3 20 57.3029 54 199.336 0.732947
6 127 4 21 77.5514 54 34 0.541576
6 128 2 19 33.4602 54 1651.18 1.25522
6 128 3 20 44.2472 54 498.421 0.949213
6 128 4 21 7.43026e-05 54 54 565256
6 129 2 19 44.2896 54 4000 0.948303
6 129 3 20 15.2188 54 675.047 2.75975
6 129 4 21 7.88617 54 3 5.32578
6 130 2 19 52.9386 54 3865.4 0.793372
6 130 3 20 4.98925 54 402.887 8.41811
6 130 4 21 22.49 54 70 1.86749
6 131 2 19 81.381 54 2947.03 0.516091
6 131 3 20 28.0071 54 819.233 1.49962
6 131 4 21 36.2792 54 43 1.15769
6 132 2 19 53.7213 54 4134.58 0.781812
6 132 3 20 32.0743 54 2486.48 1.30946
6 132 4 21 2.80474 54 6 14.9747
6 133 1 18 38.1643 54 784 1.10051
6 133 2 19 44.6365 54 3579.6 0.940934
6 133 3 20 47.7242 54 2168.15 0.880056
6 133 4 21 1.86983e-08 54 1 2.24619e+09
6 134 2 19 57.6816 54 4000 0.728136
6 134 3 20 41.8745 54 704.236 1.003
6 134 4 21 4.03227 54 3 10.416
6 135 2 19 104.153 54 3675.5 0.403251
6 135 3 20 56.3293 54 2143.76 0.745615
6 135 4 21 39.6518 54 105 1.05922
6 136 2 19 91.321 54 4516.86 0.459916
6 136 3 20 23.3734 54 2764.69 1.79691
6 136 4 21 28.4798 54 77 1.47473
6 137 2 19 42.5562 54 4954.12 0.98693
6 137 3 20 19.9694 54 2340.49 2.10321
6 137 4 21 1.45666 54 9 28.8332
6 138 2 19 129.654 54 4827.01 0.323938
6 138 3 20 44.4252 54 2978.39 0.94541
6 138 4 21 1.84713e-05 54 233 2.2738e+06
6 139 1 18 41.8306 54 3107 1.00405
6 139 2 19 45.5494 54 3000 0.922076
6 139 3 20 34.5764 54 550.041 1.2147
6 139 4 21 13.75 54 4 3.05455
6 140 2 19 75.3152 54 4128.69 0.557656
6 140 3 20 39.7259 54 2629.92 1.05724
6 140 4 21 63.2435 54 71 0.6641
6 141 2 19 85.4785 54 4231.28 0.491352
6 141 3 20 75.5659 54 3839.53 0.555806
6 141 4 21 25.6784 54 45 1.63562
6 142 2 19 54.3542 54 3561.66 0.77271
6 142 3 20 76.9534 54 3205.2 0.545785
6 142 4 21 45.8721 54 22 0.91559
6 143 2 19 63.3213 54 3637.14 0.663284
6 143 3 20 49.3259 54 1043.96 0.851479
6 144 2 19 139.896 54 3262 0.300222
6 144 3 20 76.586 54 2953.01 0.548403
6 144 4 21 3.37461 54 3 12.4459
6 145 2 19 93.2494 54 3488.12 0.450405
6 145 3 20 47.7132 54 2716.3 0.88026
6 146 2 19 90.9538 54 4653.01 0.461773
6 146 3 20 94.2742 54 3565.18 0.445509
6 146 4 21 9.43272e-05 54 89 445259
6 147 2 19 65.4298 54 3225.09 0.641909
6 147 3 20 11.2033 54 1001.38 3.74889
6 147 4 21 14.2581 54 10 2.9457
6 148 2 19 98.3642 54 3999.04 0.426985
6 148 3 20 23.8384 54 3119.29 1.76186
6 148 4 21 17.4114 54 24 2.41221
6 149 2 19 47.2146 54 4967.21 0.889555
6 149 3 20 88.4717 54 2584.74 0.474728
6 149 4 21 15.8994 54 26 2.64161
6 150 1 19 63.4718 54 4732.4 0.661711
6 150 2 20 45.637 54 3480.33 0.920306
6 151 1 19 35.2208 54 3000 1.19248
6 151 2 20 14.5812 54 1745.17 2.88042
6 151 3 21 13.5107 54 22 3.10866
6 152 1 19 66.8854 54 3761.93 0.62794
6 152 2 20 42.3395 54 2943.72 0.991981
6 152 3 21 19.2932 54 63 2.17693
6 153 1 19 83.1495 54 5208.12 0.505114
6 153 2 20 81.0327 54 5732.16 0.518309
6 153 3 21 7.45026 54 7 5.63739
6 154 1 19 94.4809 54 4114.28 0.444534
6 154 2 20 80.1974 54 4180.52 0.523707
6 155 1 19 75.3499 54 2513.3 0.5574
6 155 2 20 133.92 54 3979.96 0.31362
6 155 3 21 16.8597 54 27 2.49115
6 156 1 19 224.695 54 5959.58 0.18692
6 156 2 20 265.832 54 5935.76 0.157994
6 156 3 21 12.6014 54 29 3.33295
6 157 2 19 291.762 54 5593.17 0.143953
6 157 3 20 240.875 54 5211.89 0.174365
6 157 4 21 33.192 54 71 1.26536
6 158 2 19 93.4705 54 5050.8 0.449339
6 158 3 20 84.6081 54 3447.67 0.496406
6 158 4 21 11.3436 54 22 3.70254
6 159 2 19 58.9087 54 3988.31 0.712967
6 159 3 20 65.9783 54 3788.58 0.636573
6 159 4 21 6.46665e-05 54 32 649487
6 160 2 19 274.471 54 6950.19 0.153022
6 160 3 20 195.304 54 6812.19 0.21505
6 160 4 21 8.9797 54 127 4.67722
6 161 2 19 83.881 54 5346.6 0.50071
6 161 3 20 193.051 54 5294.54 0.217559
6 161 4 21 27.4175 54 16 1.53187
6 162 2 19 114.627 54 5000 0.366407
6 162 3 20 86.9755 54 3641.54 0.482894
6 162 4 21 0.00409719 54 249 10250.9
6 163 2 19 378.833 54 4125.7 0.110867
6 163 3 20 143.027 54 3039.44 0.29365
6 163 4 21 19.2329 54 74 2.18376
6 164 2 19 100.423 54 5858.86 0.418231
6 164 3 20 110.336 54 6910.93 0.380657
6 164 4 21 22.3365 54 48 1.88033
6 165 2 19 214.193 54 5897.44 0.196085
6 165 3 20 83.0902 54 6180.41 0.505475
6 165 4 21 27.9949 54 17 1.50028
6 166 2 19 116.342 54 5175.96 0.361006
6 166 3 20 152.756 54 5347.97 0.274949
6 166 4 21 42.589 54 38 0.986169
6 167 2 19 139.419 54 3098.1 0.301251
6 167 3 20 126.79 54 4184.01 0.331257
6 167 4 21 20.9013 54 17 2.00944
6 168 2 19 152.317 54 6301.58 0.275741
6 168 3 20 115.492 54 6070.58 0.36366
6 168 4 21 18.7465 54 24 2.24042
6 169 2 19 135.421 54 5502.62 0.310144
6 169 3 20 79.1622 54 4988.62 0.530556
6 169 4 21 6.56134 54 9 6.40113
6 170 1 19 144.78 54 4090.92 0.290096
6 170 2 20 59.7585 54 3892.31 0.702829
6 170 3 21 69.1804 54 106 0.607109
6 171 2 19 122.341 54 4086.56 0.343302
6 171 3 20 88.2593 54 3406.5 0.475871
6 171 4 21 30.06 54 23 1.3972
6 172 1 19 87.1764 54 5781.62 0.481782
6 172 2 20 68.5774 54 5715.14 0.612447
6 172 3 21 0.848066 54 6 49.5244
6 173 2 19 62.647 54 4789.42 0.670423
6 173 3 20 102.894 54 4321.26 0.408187
6 173 4 21 4.77914 54 11 8.7882
6 174 1 19 73.964 54 3907.32 0.567843
6 174 2 20 50.1127 54 2761.29 0.838111
6 174 3 21 23.4639 54 42 1.78998
6 175 1 19 42.5739 54 4080.87 0.98652
6 175 2 20 73.0595 54 2345.61 0.574874
6 175 3 21 25.8701 54 21 1.6235
6 176 2 19 38.5537 54 5326.48 1.08939
6 176 3 20 23.6087 54 3275.48 1.77901
6 176 4 21 38.8115 54 200 1.08215
6 177 2 19 50.6891 54 5323.72 0.82858
6 177 3 20 19.5263 54 4772.61 2.15094
6 177 4 21 35.0157 54 59 1.19946
6 178 2 19 57.9467 54 4460.91 0.724804
6 178 3 20 92.4205 54 6490 0.454444
6 178 4 21 23.4948 54 75 1.78763
6 179 2 19 129.214 54 3658.27 0.325042
6 179 3 20 86.8769 54 3701.89 0.483443
6 179 4 21 41.7353 54 83 1.00634
6 180 2 19 151.261 54 5475.84 0.277666
6 180 3 20 227.09 54 6069.82 0.184949
6 180 4 21 48.4625 54 162 0.866649
6 181 2 19 166.668 54 5102.25 0.251998
6 181 3 20 223.706 54 5343.1 0.187746
6 181 4 21 0.000112847 54 59 372187
6 182 2 19 123.861 54 5054.68 0.339091
6 182 3 20 117.375 54 4633.23 0.357828
6 182 4 21 56.2873 54 226 0.746172
6 183 2 19 96.7481 54 3424.97 0.434117
6 183 3 20 99.1429 54 3157.2 0.423631
6 183 4 21 27.6215 54 415 1.52056
6 184 2 19 183.799 54 4458.81 0.228511
6 184 3 20 185.327 54 6044.87 0.226626
6 184 4 21 4.66602 54 14 9.00125
6 185 2 19 216.826 54 5101.91 0.193704
6 185 3 20 76.8464 54 5263.77 0.546545
6 185 4 21 0.336039 54 12 124.986
6 186 2 19 138.339 54 3412.66 0.303602
6 186 3 20 105.498 54 2824.51 0.398111
6 186 4 21 23.1286 54 132 1.81593
6 187 2 19 163.322 54 1629.17 0.257161
6 187 3 20 164.89 54 2705.03 0.254715
6 187 4 21 12.0533 54 18 3.48454
6 188 2 19 90.1693 54 2372.39 0.46579
6 188 3 20 143.597 54 2733.06 0.292485
7 1 1 24 20.1676 54 1345 2.08254
7 1 3 27 57.034 54 322 0.736402
7 2 1 24 6.59751 54 347 6.36604
7 2 2 27 34.8701 54 23 1.20447
7 3 2 27 1.31145 54 24 32.0257
7 4 1 24 16.1258 54 1968 2.60453
7 4 4 27 19.7307 54 80 2.12866
7 5 1 24 49.6842 54 1620 0.845339
7 5 4 27 7.58 54 34 5.5409
7 6 1 24 21.305 54 540 1.97137
7 6 4 27 47.8316 54 124 0.878081
7 7 1 24 18.3092 54 1045 2.29393
7 7 2 27 28.8931 54 326 1.45364
7 8 1 24 13.1855 54 2775 3.18532
7 8 4 27 80.5893 54 630 0.521161
7 9 1 24 36.9423 54 1358 1.13691
7 9 4 27 82.4243 54 207 0.509558
7 10 2 27 28.0501 54 66 1.49732
7 11 1 24 12.1594 54 360 3.45412
7 11 4 27 18.4712 54 84 2.27382
7 12 1 24 11.4383 54 30 3.67187
7 12 4 27 15.7095 54 147 2.67354
7 13 1 24 13.9343 54 230 3.01415
7 13 4 27 18.0494 54 52 2.32695
7 14 4 27 13.3722 54 50 3.14085
7 15 1 24 11.8698 54 654 3.53839
7 15 4 27 8.88759 54 23 4.72569
7 16 1 24 17.9507 54 878 2.33974
7 16 4 27 18.4242 54 124 2.27961
7 17 1 24 44.4741 54 1424 0.94437
7 17 4 27 26.6337 54 45 1.57695
7 18 1 24 110.708 54 419 0.379377
7 18 3 27 22.2832 54 40 1.88483
7 19 1 24 48.8945 54 492 0.858992
7 19 4 27 21.4422 54 13 1.95875
7 20 4 27 19.7769 54 76 2.12369
7 21 1 24 27.6392 54 25 1.51958
7 21 4 27 12.126 54 8 3.46363
7 22 4 27 9.2914 54 31 4.52031
7 23 4 27 16.0078 54 11 2.62371
7 24 1 24 15.0023 54 3282 2.79956
7 24 4 27 3.19125 54 36 13.161
7 25 1 24 19.9349 54 3138 2.10685
7 25 4 27 35.6631 54 18 1.17769
7 26 1 24 32.5401 54 612 1.29071
7 26 4 27 145.856 54 253 0.287955
7 27 1 24 21.0052 54 2025 1.9995
7 27 4 27 35.7839 54 83 1.17371
7 28 1 24 55.6629 54 4367 0.754543
7 28 4 27 35.0469 54 130 1.19839
7 29 1 24 41.6086 54 2511 1.00941
7 29 4 27 4.4937 54 7 9.34642
7 31 1 24 20.1749 54 626 2.0818
7 31 4 27 11.7062 54 26 3.58785
7 32 1 24 17.0327 54 3601 2.46584
7 32 4 27 22.4695 54 27 1.8692
7 33 1 24 86.6618 54 29 0.484642
7 33 4 27 13.2894 54 4 3.16042
7 34 1 24 61.4185 54 1352 0.683833
7 35 1 24 19.1443 54 3995 2.19387
7 35 4 27 20.9316 54 26 2.00654
7 36 1 24 13.7513 54 35 3.05426
7 36 4 27 28.2155 54 83 1.48854
7 37 1 24 3.43134 54 25 12.2401
7 39 4 27 13.5818 54 6 3.09237
7 44 1 24 12.377 54 27 3.3934
7 49 1 24 13.4551 54 23 3.12149
7 53 1 24 0.98795 54 55 42.5123
7 53 4 27 1.05591 54 1 39.776
7 55 1 24 9.83516 54 25 4.27039
7 56 1 24 30.3145 54 695 1.38548
7 57 1 24 142.079 54 492 0.29561
7 60 1 24 22.1772 54 205 1.89383
7 61 1 24 95.7942 54 717 0.43844
7 61 4 27 5.65683 54 2 7.42465
7 62 1 24 79.6756 54 289 0.527138
7 64 1 24 49.8896 54 190 0.84186
7 65 1 24 22.8076 54 380 1.84149
7 66 1 24 79.4792 54 800 0.52844
7 66 2 25 26.8932 54 271 1.56173
7 66 3 26 57.0577 54 768 0.736097
7 67 1 24 72.082 54 384 0.58267
7 67 2 25 63.0491 54 1560 0.666148
7 67 3 26 155.553 54 2480 0.270004
7 67 4 27 12.6739 54 15 3.31388
7 68 1 24 72.3352 54 1058 0.58063
7 68 2 25 38.2169 54 996 1.09899
7 68 3 26 152.461 54 2119 0.27548
7 68 4 27 17.5462 54 6 2.39368
7 69 1 24 160.753 54 1836 0.26127
7 69 2 25 23.2215 54 994 1.80867
7 69 3 26 66.5172 54 357 0.631416
7 70 1 24 31.2073 54 175 1.34584
7 70 2 25 16.8033 54 896 2.4995
7 70 3 26 32.696 54 1414 1.28456
7 71 3 26 21.6584 54 429 1.9392
7 72 2 25 27.8774 54 829 1.5066
7 72 3 26 16.1596 54 1567 2.59907
7 73 1 24 31.0835 54 202 1.3512
7 73 2 25 28.2673 54 2993 1.48582
7 73 3 26 19.8135 54 563 2.11977
7 74 1 24 52.58 54 2088 0.798783
7 74 2 25 46.9131 54 1702 0.895272
7 74 3 26 38.7885 54 301 1.08279
7 75 1 24 36.5265 54 3096 1.14985
7 75 2 25 32.5069 54 493 1.29203
7 75 3 26 14.1923 54 72 2.95936
7 75 4 27 2.29123 54 1 18.3308
7 76 1 24 9.78838 54 6 4.2908
7 76 2 25 34.0111 54 648 1.23489
7 76 3 26 46.2734 54 1163 0.907649
7 77 1 24 26.3794 54 1297 1.59215
7 77 2 25 80.7207 54 894 0.520313
7 77 3 26 103.385 54 3477 0.406247
7 78 1 24 60.9183 54 2500 0.689448
7 78 2 25 42.012 54 449 0.999715
7 78 3 26 47.1156 54 1040 0.891424
7 79 1 24 94.1217 54 5257 0.446231
7 79 2 25 17.0835 54 1012 2.45852
7 79 3 26 78.1939 54 897 0.537127
7 79 4 27 3.64347 54 1 11.5275
7 80 1 24 45.7303 54 243 0.918428
7 80 2 25 8.40423 54 825 4.99749
7 80 3 26 15.6754 54 897 2.67936
7 80 4 27 16.5793 54 4 2.53328
7 81 1 24 83.0799 54 551 0.505537
7 81 2 25 6.32664 54 292 6.63859
7 81 3 26 26.7442 54 769 1.57043
7 82 1 24 25.9514 54 75 1.61841
7 82 4 27 2.21304 54 1 18.9784
7 83 1 24 18.6166 54 1962 2.25605
7 83 2 25 66.0105 54 2307 0.636263
7 83 3 26 30.3005 54 2044 1.38612
7 83 4 27 8.81211 54 3 4.76617
7 84 1 24 78.1628 54 799 0.53734
7 84 2 25 28.1143 54 2077 1.4939
7 84 3 26 26.5907 54 1719 1.5795
7 85 1 24 65.4485 54 311 0.641726
7 85 2 25 25.9615 54 708.479 1.61778
7 85 3 26 80.6283 54 745 0.520909
7 86 2 25 22.4386 54 1003.85 1.87177
7 86 3 26 30.3038 54 583.442 1.38597
7 86 4 27 16.337 54 10 2.57085
7 87 2 25 20.746 54 255.604 2.02449
7 87 3 26 60.995 54 438.24 0.688581
7 87 4 27 4.33825 54 2 9.68131
7 88 1 24 4.3329 54 110 9.69329
7 88 2 25 62.3885 54 991.627 0.673201
7 88 3 26 66.5807 54 926.974 0.630813
7 89 1 24 15.4838 54 75 2.71251
7 89 2 25 101.756 54 5108.62 0.412752
7 89 3 26 68.5233 54 497 0.61293
7 89 4 27 1.21154 54 1 34.6667
7 90 2 25 112.057 54 1495 0.37481
7 90 3 26 115.847 54 329.295 0.362546
7 90 4 27 32.2161 54 12 1.3037
7 91 1 24 31.5381 54 442 1.33172
7 91 2 25 11.7677 54 1138.65 3.5691
7 91 3 26 111.444 54 954.628 0.376871
7 91 4 27 59.8867 54 34 0.701324
7 92 1 24 16.5696 54 159 2.53476
7 92 2 25 12.7833 54 2336.89 3.28553
7 92 3 26 22.9256 54 519.123 1.83201
7 92 4 27 8.6069 54 4 4.8798
7 93 1 24 90.9664 54 171 0.461709
7 93 2 25 56.7579 54 1130.4 0.739985
7 93 3 26 0.342924 54 2065.77 122.476
7 94 1 24 207.904 54 101 0.202016
7 94 2 25 59.7983 54 2998.07 0.702361
7 94 3 26 105.59 54 2316.56 0.397764
7 94 4 27 33.8344 54 31 1.24134
7 95 2 25 34.4895 54 1149.92 1.21776
7 95 3 26 56.5081 54 2433 0.743257
7 95 4 27 30.8398 54 36 1.36188
7 96 1 24 8.20534 54 20 5.11862
7 96 2 25 21.75 54 864.706 1.93104
7 96 3 26 33.6425 54 4132 1.24842
7 96 4 27 31.9679 54 50 1.31382
7 97 1 24 25.1118 54 60 1.67252
7 97 2 25 53.7321 54 5218.62 0.781656
7 97 3 26 58.4068 54 3934.93 0.719094
7 97 4 27 1.61529 54 1 26.0015
7 98 1 24 132.845 54 221 0.316157
7 98 2 25 49.6615 54 1769.31 0.845725
7 98 3 26 43.0473 54 1757 0.975672
7 98 4 27 8.05894 54 5 5.21161
7 99 2 25 73.7507 54 2663.19 0.569486
7 99 3 26 43.1128 54 2340.91 0.974188
7 99 4 27 20.9875 54 33 2.00119
7 100 1 24 3.35333 54 20 12.5249
7 100 2 25 56.7688 54 2601.75 0.739843
7 100 3 26 60.8801 54 1157.84 0.68988
7 100 4 27 52.1618 54 93 0.805186
7 101 1 24 40.692 54 127 1.03214
7 101 2 25 123.063 54 3089.87 0.341288
7 101 3 26 59.675 54 856.097 0.703812
7 101 4 27 16.4379 54 72 2.55507
7 102 2 25 59.5446 54 859.005 0.705353
7 102 3 26 19.2607 54 307.323 2.1806
7 102 4 27 23.9918 54 33 1.7506
7 103 2 25 47.4129 54 319.048 0.885834
7 103 4 27 28.7405 54 18 1.46135
7 104 1 24 24.2256 54 171 1.73371
7 104 2 25 36.2058 54 1388.94 1.16003
7 104 3 26 30.8277 54 32.9999 1.36241
7 104 4 27 1.11492 54 4 37.6707
7 105 2 25 51.4191 54 3564.06 0.816817
7 105 3 26 84.511 54 1133.86 0.496977
7 105 4 27 0.0500041 54 5 839.932
7 106 2 25 99.3059 54 4105.76 0.422935
7 106 3 26 60.738 54 3370.62 0.691495
7 106 4 27 3.47868e-05 54 50 1.20735e+06
7 107 2 25 106.547 54 1510.7 0.394193
7 107 3 26 109.129 54 972.648 0.384867
7 107 4 27 19.3678 54 20 2.16855
7 108 1 24 10.4397 54 25 4.02311
7 108 2 25 101.905 54 2756.1 0.412147
7 108 3 26 76.6 54 1883.87 0.548303
7 108 4 27 1.49895 54 4 28.0195
7 109 1 24 19.5728 54 1485 2.14584
7 109 2 25 61.5168 54 2861.61 0.68274
7 109 3 26 195.015 54 1320.81 0.215368
7 109 4 27 1.61456 54 2 26.0133
7 110 2 25 53.0065 54 3051.41 0.792356
7 110 3 26 2.5378 54 471.208 16.5497
7 110 4 27 14.2289 54 18 2.95174
7 111 2 25 26.6405 54 3757.86 1.57655
7 111 3 26 25.0529 54 1777.25 1.67645
7 111 4 27 12.4906 54 5 3.36252
7 112 1 24 44.432 54 207 0.945264
7 112 2 25 42.8096 54 1158.59 0.981089
7 112 3 26 3.41468 54 2050.63 12.2998
7 112 4 27 22.0521 54 11 1.90458
7 113 1 24 18.5721 54 2134 2.26145
7 113 2 25 113.419 54 3655.57 0.37031
7 113 3 26 76.0675 54 1898.43 0.552141
7 113 4 27 10.9807 54 6 3.82489
7 114 1 24 21.5887 54 40 1.94546
7 114 2 25 93.0152 54 4208.85 0.451539
7 114 3 26 44.3271 54 1677 0.947502
7 114 4 27 12.0794 54 4 3.47699
7 115 1 25 54.4127 54 1689.01 0.771879
7 115 2 26 66.0785 54 637.029 0.635608
7 115 3 27 36.4631 54 53 1.15185
7 116 2 25 65.8658 54 1798.13 0.63766
7 116 3 26 73.9467 54 1261.62 0.567977
7 116 4 27 24.5758 54 12 1.709
7 117 2 25 103.276 54 2890.21 0.406677
7 117 3 26 145.452 54 2566.56 0.288755
7 117 4 27 25.2861 54 19 1.66099
7 118 2 25 105.776 54 3547.26 0.397065
7 118 3 26 134.164 54 3016.77 0.31305
7 119 1 25 44.4488 54 1380.11 0.944907
7 119 2 26 79.8688 54 816.63 0.525862
7 119 3 27 25.3924 54 46 1.65404
7 120 2 25 26.2907 54 1484.91 1.59752
7 120 3 26 83.1935 54 555.694 0.504847
7 120 4 27 44.9278 54 36 0.934834
7 121 1 24 7.20002 54 380 5.83331
7 121 2 25 157.819 54 3420.93 0.266127
7 121 3 26 86.881 54 1572.81 0.48342
7 121 4 27 60.1723 54 33 0.697995
7 122 1 24 6.98519 54 6 6.01272
7 122 2 25 75.0612 54 1507.87 0.559544
7 122 3 26 43.0532 54 1271.79 0.975536
7 122 4 27 0.33015 54 26 127.215
7 123 2 25 67.8315 54 2923.99 0.619181
7 123 3 26 45.9557 54 568.736 0.913923
7 123 4 27 58.2708 54 53 0.720772
7 124 2 25 268.364 54 1603.97 0.156504
7 124 3 26 242.43 54 2764.12 0.173246
7 124 4 27 10.7647 54 52 3.90164
7 125 1 24 74.5982 54 2518 0.563017
7 125 2 25 180.004 54 3374.75 0.233328
7 125 3 26 222.542 54 3329.01 0.188728
7 125 4 27 5.46051e-05 54 290 769159
7 126 1 24 45.1408 54 3466 0.930422
7 126 2 25 96.6266 54 1882.13 0.434663
7 126 3 26 95.8115 54 2313.82 0.438361
7 126 4 27 116.659 54 73 0.360024
7 127 2 25 30.403 54 2302.67 1.38144
7 127 3 26 49.3668 54 2274.82 0.850774
7 127 4 27 3.2148 54 6 13.0646
7 128 2 25 43.0833 54 1389.78 0.974856
7 128 3 26 36.2072 54 532.657 1.15999
7 128 4 27 4.60995 54 40 9.11072
7 129 1 24 42.0069 54 97 0.999836
7 129 2 25 34.9348 54 2737.52 1.20224
7 129 3 26 48.542 54 1751.46 0.865231
7 129 4 27 16.6768 54 44 2.51847
7 130 2 25 52.4519 54 3842.75 0.800733
7 130 3 26 39.6543 54 4056.05 1.05915
7 130 4 27 39.2817 54 80 1.0692
7 131 2 25 142.619 54 4673 0.294491
7 131 3 26 92.5436 54 2021 0.45384
7 131 4 27 0.0025953 54 198 16183.1
7 132 2 25 197.776 54 6544.27 0.212361
7 132 3 26 146.473 54 2697.59 0.286742
7 132 4 27 54.4054 54 37 0.771982
7 133 1 24 74.3315 54 1263 0.565036
7 133 2 25 95.0765 54 3162.58 0.44175
7 133 3 26 154.663 54 4051.43 0.271558
7 133 4 27 31.5945 54 59 1.32934
7 134 2 25 120.875 54 4969.41 0.347467
7 134 3 26 119.884 54 4078.81 0.350337
7 134 4 27 0.0358192 54 870 1172.56
7 135 2 25 87.2994 54 3827.76 0.481103
7 135 3 26 69.0357 54 3762.76 0.608381
7 135 4 27 67.8663 54 83 0.618864
7 136 2 25 136.908 54 5107.1 0.306776
7 136 3 26 89.3306 54 1569.72 0.470163
7 136 4 27 47.6393 54 77 0.881624
7 137 2 25 57.3599 54 5907.93 0.732219
7 137 3 26 62.3665 54 2378.36 0.673438
7 137 4 27 77.4227 54 73 0.542476
7 138 2 25 126.252 54 6697.24 0.332669
7 138 3 26 108.777 54 4520.66 0.38611
7 138 4 27 0.000173254 54 108 242418
7 139 2 25 61.8361 54 2305.87 0.679215
7 139 3 26 64.5012 54 1398.61 0.651151
7 139 4 27 0.00844034 54 525 4976.1
7 140 1 24 4.31448 54 239 9.73467
7 140 2 25 101.008 54 5389.2 0.415809
7 140 3 26 45.0849 54 2125.14 0.931576
7 140 4 27 95.9898 54 169 0.437546
7 141 2 25 105.086 54 9052.2 0.399672
7 141 3 26 45.1327 54 3550.04 0.930588
7 141 4 27 21.2753 54 183 1.97412
7 142 2 25 85.7416 54 7702.18 0.489844
7 142 3 26 64.9358 54 4862.3 0.646792
7 142 4 27 0.000244755 54 49 171601
7 143 2 25 51.0188 54 3795.72 0.823227
7 143 3 26 77.3293 54 4844.64 0.543132
7 143 4 27 50.5883 54 88 0.830231
7 144 2 25 171.643 54 8442.57 0.244694
7 144 3 26 239.019 54 5727.26 0.175718
7 144 4 27 62.0671 54 67 0.676687
7 145 2 25 162.443 54 9102.91 0.258553
7 145 3 26 169.593 54 4000.84 0.247652
7 145 4 27 58.9957 54 43 0.711917
7 146 2 25 94.5839 54 6620.91 0.44405
7 146 3 26 68.4696 54 3706.81 0.613411
7 146 4 27 8.09419 54 140 5.18891
7 147 2 25 86.8885 54 6599.04 0.483378
7 147 3 26 34.5378 54 3656.77 1.21606
7 147 4 27 10.2881 54 343 4.08237
7 148 2 25 104.972 54 5961.81 0.400107
7 148 3 26 56.5187 54 2208.36 0.743117
7 148 4 27 59.5235 54 172 0.705603
7 149 2 25 83.3343 54 5444.18 0.503994
7 149 3 26 109.865 54 3733.77 0.382287
7 149 4 27 0.000822087 54 273 51089.5
7 150 2 25 91.3563 54 8675.98 0.459738
7 150 3 26 69.1349 54 7005.29 0.607508
7 150 4 27 21.7851 54 176 1.92792
7 151 2 25 116.152 54 5833.38 0.361597
7 151 3 26 130.079 54 5552.48 0.322882
7 151 4 27 8.57682 54 206 4.89692
7 152 2 25 145.927 54 6578.46 0.287815
7 152 3 26 53.6037 54 1478.57 0.783528
7 152 4 27 0.491255 54 24 85.4952
7 153 2 25 65.5819 54 9791.04 0.640421
7 153 3 26 110.626 54 8227.69 0.379657
7 153 4 27 23.5943 54 69 1.78009
7 154 2 25 36.6652 54 11676.3 1.1455
7 154 3 26 77.3671 54 12449.9 0.542866
7 154 4 27 33.5927 54 18 1.25027
7 155 1 25 13.5067 54 3103.43 3.10958
7 155 2 26 52.4706 54 10147.5 0.800448
7 155 3 27 16.603 54 122 2.52966
7 156 2 25 112.182 54 14011.2 0.374393
7 156 3 26 77.6415 54 8600.41 0.540948
7 156 4 27 6.57524 54 20 6.3876
7 157 2 25 206.059 54 13918.5 0.203825
7 157 3 26 188.06 54 7651.18 0.223333
7 157 4 27 6.6368 54 5 6.32835
7 158 2 25 99.9136 54 13576.9 0.420363
7 158 3 26 47.5639 54 7490.41 0.883023
7 158 4 27 3.26228 54 10 12.8744
7 159 2 25 26.5713 54 5298.67 1.58066
7 159 3 26 70.5706 54 9867.98 0.595149
7 160 2 25 69.6225 54 12636.1 0.603253
7 160 3 26 54.4549 54 7162.9 0.771281
7 160 4 27 0.00726736 54 393 5779.27
7 161 2 25 248.719 54 10949.2 0.168865
7 161 3 26 152.493 54 7971.38 0.275423
7 161 4 27 32.6263 54 37 1.2873
7 162 2 25 122.438 54 17265 0.343031
7 162 3 26 56.7663 54 9993.42 0.739876
7 162 4 27 0.00363806 54 193 11544.6
7 163 1 25 52.1791 54 6965.7 0.804919
7 163 2 26 114.678 54 5138.19 0.366242
7 163 3 27 0.00422078 54 308 9950.77
7 164 2 25 178.501 54 12145.3 0.235293
7 164 3 26 81.9528 54 7861.46 0.51249
7 164 4 27 4.06356 54 81 10.3358
7 165 2 25 292.943 54 11790 0.143372
7 165 3 26 85.7184 54 11336.1 0.489977
7 165 4 27 70.7245 54 93 0.593853
7 166 2 25 173.281 54 13063.8 0.242381
7 166 3 26 69.6154 54 13092.2 0.603315
7 166 4 27 0.00729836 54 576 5754.72
7 167 2 25 98.0035 54 5407.31 0.428556
7 167 3 26 205.929 54 10068.9 0.203954
7 167 4 27 72.7068 54 25 0.577662
7 168 2 25 114.135 54 10500 0.367984
7 168 3 26 208.245 54 9811.34 0.201686
7 168 4 27 0.0133859 54 376 3137.64
7 169 2 25 204.869 54 11913.1 0.205009
7 169 3 26 82.5182 54 9061.35 0.508979
7 169 4 27 14.0487 54 278 2.98961
7 170 2 25 220.065 54 11921.7 0.190853
7 170 3 26 145.382 54 10182.9 0.288894
7 170 4 27 0.00468588 54 468 8963.09
7 171 2 25 72.7951 54 5593.99 0.576962
7 171 3 26 169.094 54 9733.32 0.248383
7 171 4 27 46.5191 54 298 0.902855
7 172 2 25 230.259 54 9859.74 0.182404
7 172 3 26 181.127 54 7247.14 0.231881
7 172 4 27 0.0010926 54 152 38440.5
7 173 2 25 177.433 54 11593.6 0.236709
7 173 3 26 65.0344 54 9966.52 0.645812
7 173 4 27 45.9018 54 55 0.914996
7 174 2 25 192.015 54 9355.71 0.218732
7 174 3 26 202.26 54 9327.86 0.207654
7 174 4 27 48.6139 54 131 0.86395
7 175 1 25 94.495 54 1355.31 0.444468
7 175 2 26 56.5179 54 8211.84 0.743127
7 175 3 27 19.6215 54 75 2.14051
7 176 2 25 78.0985 54 9262 0.537782
7 176 3 26 336.067 54 10714.3 0.124975
7 176 4 27 46.4921 54 149 0.903379
7 177 2 25 50.684 54 10649.2 0.828665
7 177 3 26 147.072 54 12268.5 0.285575
7 177 4 27 21.3263 54 18 1.9694
7 178 2 25 87.2098 54 15459.7 0.481597
7 178 3 26 94.2179 54 16272.8 0.445775
7 178 4 27 2.19027 54 2 19.1757
7 179 2 25 64.2694 54 3866.55 0.653499
7 179 3 26 86.7177 54 10166 0.48433
7 179 4 27 63.9761 54 138 0.656495
7 180 2 25 280.627 54 12704.7 0.149665
7 180 3 26 156.131 54 13658.2 0.269006
7 180 4 27 51.6664 54 81 0.812908
7 181 2 25 272.968 54 13424.5 0.153864
7 181 3 26 158.756 54 15552.3 0.264558
7 181 4 27 4.39703 54 2 9.55191
7 182 1 25 100.054 54 15156.1 0.419775
7 182 2 26 59.078 54 10432.4 0.710924
7 182 3 27 43.1876 54 66 0.972501
7 183 1 25 106.001 54 3755.43 0.396223
7 183 2 26 81.5781 54 10780.4 0.514844
7 183 3 27 39.9212 54 297 1.05207
7 184 2 25 162.94 54 11873.6 0.257763
7 184 3 26 163.173 54 7919.02 0.257395
7 184 4 27 0.000123211 54 126 340879
7 185 2 25 217.486 54 13192.4 0.193116
7 185 3 26 117.654 54 13219.4 0.356978
7 185 4 27 0.000347409 54 88 120895
7 186 2 25 191.076 54 12341.9 0.219808
7 186 3 26 86.49 54 11408.3 0.485605
7 186 4 27 52.8729 54 197 0.794358
7 187 1 25 77.7863 54 3131.97 0.539941
7 187 2 26 73.067 54 10577.6 0.574815
7 187 3 27 8.89462 54 81 4.72196
7 188 2 25 153.217 54 9478.26 0.274121
7 188 3 26 149.761 54 4923.4 0.280446
7 188 4 27 4.06884 54 61 10.3224
8 1 2 31 10.2719 54 398 4.08882
8 2 2 31 29.865 54 1517 1.40633
8 3 2 31 0.00966988 54 996 4343.38
8 4 2 31 57.2645 54 125 0.733438
8 5 2 31 0.00141514 54 335 29679
8 6 1 31 59.7041 54 694 0.703469
8 7 2 31 0.00994843 54 900 4221.77
8 8 2 31 39.9008 54 485 1.05261
8 9 2 31 51.3556 54 210 0.817827
8 10 1 28 55.4309 54 180 0.7577
8 10 2 31 68.6508 54 1173 0.611791
8 11 2 31 47.3061 54 801 0.887835
8 12 2 31 35.3756 54 77 1.18726
8 13 2 31 16.4604 54 7 2.55157
8 14 2 31 10.6492 54 103 3.94396
8 15 1 28 25.4553 54 284 1.64995
8 15 2 31 32.5298 54 78 1.29112
8 17 1 28 33.2267 54 310 1.26404
8 17 2 31 63.0432 54 154 0.66621
8 18 4 31 46.6623 54 319 0.900083
8 19 2 31 39.1822 54 758 1.07192
8 20 2 31 94.8239 54 131 0.442926
8 21 1 28 10.6655 54 30 3.93794
8 21 2 31 28.4376 54 193 1.47692
8 22 2 31 56.1189 54 127 0.748411
8 23 2 31 113.16 54 261 0.371157
8 24 1 28 9.70686 54 3 4.32684
8 24 2 31 78.842 54 878 0.532711
8 25 1 28 31.2393 54 4714 1.34446
8 25 2 31 200.527 54 1386 0.209448
8 26 1 28 33.8151 54 24364 1.24205
8 26 2 31 56.5266 54 85 0.743013
8 27 1 28 25.8838 54 7520 1.62264
8 27 3 31 3.79333 54 66 11.0721
8 28 1 28 29.9507 54 2236 1.40231
8 28 2 31 40.9966 54 316 1.02448
8 29 1 28 24.607 54 2885 1.70683
8 29 2 31 56.1792 54 288 0.747608
8 30 2 31 76.341 54 192 0.550163
8 31 1 28 49.17 54 1007 0.854179
8 31 2 31 41.2361 54 287 1.01853
8 32 1 28 36.1727 54 1173 1.1611
8 32 2 31 65.4142 54 590 0.642063
8 33 1 28 42.7165 54 1761 0.983226
8 33 2 31 71.0603 54 193 0.591048
8 34 1 28 52.0838 54 15382 0.806393
8 35 1 28 6.2286 54 356 6.74309
8 35 2 31 45.0568 54 83 0.932157
8 36 1 28 1.35766 54 56 30.9357
8 36 2 31 37.6795 54 296 1.11466
8 37 2 31 23.5046 54 71 1.78689
8 39 3 31 20.4341 54 103 2.05539
8 40 1 28 45.6581 54 205 0.91988
8 40 4 31 24.619 54 284 1.706
8 41 1 28 12.3294 54 8 3.40648
8 41 4 31 25.4709 54 168 1.64894
8 42 4 31 17.4702 54 22 2.40409
8 43 4 31 31.7622 54 84 1.32233
8 44 1 28 26.8343 54 40 1.56516
8 44 4 31 31.6644 54 524 1.32641
8 45 1 28 5.36322 54 46 7.83111
8 45 4 31 64.9994 54 240 0.64616
8 46 4 31 6.49271 54 11 6.46879
8 47 4 31 25.9001 54 40 1.62162
8 48 1 28 52.1104 54 47 0.805981
8 48 4 31 58.4862 54 979 0.718118
8 49 1 28 3.47204 54 51 12.0966
8 49 4 31 43.5723 54 1037 0.963916
8 50 4 31 18.939 54 5 2.21764
8 51 4 31 29.7711 54 33 1.41077
8 52 1 28 24.9124 54 34 1.68591
8 52 4 31 52.9364 54 181 0.793404
8 53 4 31 59.5963 54 168 0.704742
8 54 4 31 36.6367 54 23 1.14639
8 55 4 31 36.9823 54 110 1.13568
8 56 1 28 12.4855 54 205 3.3639
8 56 4 31 99.9281 54 104 0.420302
8 57 4 31 86.9596 54 968 0.482983
8 58 4 31 4.04443 54 5 10.3847
8 59 4 31 66.1235 54 152 0.635175
8 60 1 28 44.5687 54 476 0.942365
8 60 4 31 68.6216 54 158 0.612052
8 61 1 28 32.6591 54 141 1.28601
8 61 4 31 67.9857 54 73 0.617777
8 62 1 28 18.3595 54 137 2.28765
8 62 4 31 92.2484 54 53 0.455292
8 63 4 31 11.9008 54 15 3.52918
8 64 4 31 38.9437 54 21 1.07848
8 65 4 31 50.9997 54 215 0.823534
8 66 1 28 21.331 54 371 1.96897
8 66 2 29 34.9234 54 324 1.20263
8 66 3 30 27.2107 54 186 1.54351
8 67 4 31 27.9182 54 37 1.5044
8 68 1 28 7.98713 54 157 5.25846
8 68 4 31 32.9887 54 143 1.27316
8 69 4 31 30.9111 54 351 1.35874
8 70 4 31 16.6264 54 16 2.52611
8 71 4 31 25.8186 54 25 1.62673
8 72 1 28 25.4194 54 137 1.65228
8 72 2 29 6.4742 54 241 6.48729
8 72 3 30 18.7674 54 150 2.23792
8 72 4 31 43.1737 54 183 0.972814
8 73 2 29 39.9916 54 1796 1.05022
8 73 3 30 48.6476 54 1849 0.863352
8 73 4 31 27.927 54 24 1.50392
8 74 2 29 35.7607 54 168 1.17447
8 74 3 30 55.4841 54 1652 0.756973
8 74 4 31 25.5366 54 19 1.6447
8 75 2 29 40.5122 54 1943 1.03672
8 75 3 30 44.7094 54 5116 0.939399
8 75 4 31 10.533 54 5 3.98747
8 76 1 28 100.841 54 921 0.416496
8 76 2 29 42.9706 54 1096 0.977413
8 76 3 30 133.493 54 6260 0.314623
8 76 4 31 136.953 54 137 0.306674
8 77 1 28 19.3225 54 8 2.17363
8 77 3 30 36.629 54 82.5 1.14663
8 77 4 31 72.3244 54 793 0.580717
8 78 2 29 16.5171 54 50 2.54282
8 78 3 30 56.6583 54 2631 0.741286
8 79 1 28 31.8827 54 9065 1.31733
8 79 2 29 30.5517 54 86 1.37472
8 79 3 30 50.9759 54 4541 0.823919
8 79 4 31 26.0151 54 26 1.61445
8 80 1 28 32.5549 54 346 1.29013
8 80 2 29 34.2936 54 629 1.22472
8 80 3 30 40.6337 54 3988 1.03362
8 80 4 31 82.8181 54 127 0.507136
8 81 1 28 16.7513 54 3535 2.50727
8 81 2 29 45.0021 54 3240 0.93329
8 81 3 30 43.4608 54 2855 0.966387
8 81 4 31 18.1091 54 19 2.31927
8 82 1 28 16.8309 54 2879 2.49541
8 82 2 29 40.6458 54 2631 1.03332
8 82 3 30 28.69 54 3579 1.46393
8 82 4 31 10.3609 54 9 4.05371
8 83 1 28 11.5759 54 655 3.62822
8 83 2 29 50.816 54 1114 0.826511
8 83 3 30 32.7225 54 1269 1.28352
8 83 4 31 1.7069e-06 54 15 2.4606e+07
8 84 1 28 15.7147 54 100 2.67266
8 84 2 29 28.7145 54 1250 1.46268
8 84 3 30 39.5171 54 900 1.06283
8 84 4 31 20.6426 54 111 2.03462
8 85 2 29 25.8008 54 3006 1.62786
8 85 3 30 31.9428 54 1366 1.31485
8 85 4 31 22.6267 54 71 1.85621
8 86 2 29 21.759 54 1527 1.93023
8 86 3 30 64.1105 54 4683 0.655119
8 86 4 31 13.7228 54 11 3.06059
8 87 2 29 20.5286 54 3075 2.04592
8 87 3 30 35.8498 54 4635 1.17156
8 87 4 31 55.7227 54 26 0.753732
8 88 1 28 5.85336 54 60 7.17537
8 88 2 29 50.4236 54 1370 0.832943
8 88 3 30 24.2756 54 2638 1.73013
8 88 4 31 7.89302 54 60 5.32116
8 89 1 28 54.9233 54 297 0.764703
8 89 2 29 53.2002 54 3325.79 0.78947
8 89 3 30 60.7995 54 1912 0.690795
8 89 4 31 9.60809 54 8 4.37132
8 90 1 28 47.0676 54 257 0.892334
8 90 2 29 31.3824 54 764 1.33833
8 90 3 30 59.7998 54 4179 0.702343
8 91 2 29 45.853 54 582 0.915971
8 91 3 30 65.8172 54 4010 0.638131
8 92 1 28 62.0952 54 553 0.676381
8 92 2 29 34.7683 54 1623 1.208
8 92 3 30 133.461 54 5898 0.314699
8 92 4 31 66.5236 54 167 0.631355
8 93 1 28 146.46 54 656 0.286768
8 93 2 29 61.1093 54 668 0.687293
8 93 3 30 98.8256 54 2243 0.424991
8 93 4 31 19.2447 54 155 2.18242
8 94 1 28 64.6316 54 413 0.649837
8 94 3 31 30.1322 54 20 1.39386
8 95 1 28 31.0709 54 51 1.35175
8 95 2 29 17.4891 54 70 2.40149
8 95 3 30 28.1586 54 150 1.49155
8 95 4 31 2.61207 54 1 16.0792
8 96 1 28 15.7898 54 180 2.65995
8 96 2 29 17.0293 54 82 2.46633
8 96 4 31 12.3881 54 6 3.39035
8 97 2 29 26.354 54 1686 1.59368
8 97 3 30 20.3611 54 385 2.06276
8 97 4 31 1.04934 54 1 40.025
8 98 1 28 51.6214 54 845 0.813616
8 98 2 29 50.7907 54 1135 0.826924
8 98 3 30 50.9623 54 2655 0.824139
8 98 4 31 29.3692 54 32 1.43007
8 99 1 28 92.4284 54 271 0.454406
8 99 2 29 32.7938 54 1757 1.28073
8 99 3 30 65.7598 54 3614 0.638688
8 99 4 31 2.79938 54 58 15.0033
8 100 1 28 24.6891 54 300 1.70115
8 100 2 29 44.5214 54 3307 0.943367
8 100 4 31 27.1133 54 27 1.54905
8 101 2 29 50.9678 54 3248 0.82405
8 101 3 30 9.82258 54 55 4.27586
8 101 4 31 5.80822 54 2 7.23113
8 102 2 29 33.0784 54 5388 1.26971
8 102 3 30 21.1092 54 1577 1.98965
8 102 4 31 27.2328 54 7 1.54226
8 103 2 29 18.7949 54 1750 2.23465
8 103 3 30 40.5037 54 3660 1.03694
8 103 4 31 27.1089 54 41 1.54931
8 104 2 29 32.2133 54 1670.94 1.30381
8 104 3 30 18.7236 54 175 2.24316
8 104 4 31 2.55318 54 4 16.4501
8 105 2 29 48.7517 54 6393 0.861509
8 105 3 30 17.0143 54 219.685 2.46851
8 106 2 29 30.9159 54 5246.55 1.35852
8 106 3 30 67.1215 54 788.062 0.625731
8 106 4 31 4.6699 54 5 8.99377
8 107 2 29 50.6174 54 6318.22 0.829754
8 107 3 30 46.8238 54 5854.41 0.896979
8 107 4 31 5.61975 54 4 7.47365
8 108 1 28 13.6207 54 50 3.08353
8 108 2 29 54.806 54 6036.8 0.76634
8 108 3 30 63.5675 54 2544 0.660715
8 108 4 31 14.1889 54 110 2.96006
8 109 1 28 44.3556 54 548 0.946892
8 109 2 29 54.2489 54 5739.48 0.77421
8 109 3 30 17.9516 54 69 2.33963
8 109 4 31 12.1601 54 107 3.45393
8 110 2 29 29.9777 54 8470.21 1.40104
8 110 4 31 171.194 54 87 0.245336
8 111 2 29 25.3127 54 8208.14 1.65925
8 111 4 31 17.3002 54 49 2.42771
8 112 1 28 30.3517 54 765 1.38378
8 112 2 29 26.9216 54 5583.05 1.56008
8 112 3 30 3.79531 54 280.802 11.0663
8 112 4 31 22.7314 54 9 1.84766
8 113 2 29 115.095 54 8509.18 0.364918
8 113 3 30 42.413 54 443.825 0.990262
8 113 4 31 21.963 54 14 1.9123
8 114 2 29 34.9348 54 8426.35 1.20224
8 114 3 30 30.1147 54 335 1.39467
8 114 4 31 34.1294 54 30 1.23061
8 115 2 29 83.2789 54 8858.42 0.504329
8 115 3 30 44.1095 54 2637.78 0.952175
8 115 4 31 27.959 54 65 1.5022
8 116 1 28 41.7162 54 58 1.0068
8 116 2 29 69.8362 54 5049.14 0.601407
8 116 3 30 24.2683 54 945.806 1.73066
8 116 4 31 27.6512 54 63 1.51892
8 117 2 29 42.6973 54 4125.88 0.983669
8 117 3 30 12.1258 54 67 3.4637
8 117 4 31 35.9365 54 69 1.16873
8 118 2 29 73.959 54 4883.05 0.567882
8 118 3 30 132.833 54 3155.87 0.316187
8 118 4 31 104.565 54 94 0.401663
8 119 2 29 89.9115 54 6853.64 0.467126
8 119 3 30 150.132 54 3676.13 0.279753
8 119 4 31 27.0397 54 229 1.55327
8 120 1 28 8.55877 54 54 4.90725
8 120 2 29 168.72 54 5362.6 0.248933
8 120 3 30 59.9743 54 752 0.7003
8 120 4 31 36.3147 54 65 1.15656
8 121 2 29 167.19 54 6169.53 0.251211
8 121 3 30 35.6161 54 3125.3 1.17924
8 121 4 31 0.000783009 54 509 53639.3
8 122 2 29 62.5859 54 4266.49 0.671078
8 122 3 30 37.9261 54 5594.71 1.10742
8 122 4 31 0.0887234 54 1998 473.382
8 123 2 29 103.592 54 1392.32 0.405436
8 123 3 30 42.8493 54 5295.14 0.980179
8 123 4 31 103.54 54 3617 0.40564
8 124 1 28 33.7147 54 75 1.24575
8 124 2 29 160.39 54 1048.08 0.261861
8 124 3 30 68.9287 54 5271.49 0.609325
8 124 4 31 0.00558863 54 2075 7515.25
8 125 4 31 178.413 54 1166 0.235409
8 126 3 31 154.583 54 2107 0.271699
8 127 1 29 36.2368 54 1271.68 1.15904
8 127 3 31 362.862 54 2298 0.115746
8 128 2 29 66.7788 54 4164.44 0.628942
8 128 3 30 32.0322 54 1317 1.31118
8 128 4 31 119.778 54 649 0.350649
8 129 2 29 80.0868 54 3050.49 0.524431
8 129 3 30 31.8043 54 635.023 1.32058
8 129 4 31 0.0284373 54 1197 1476.93
8 130 2 29 45.3095 54 4267.5 0.926957
8 130 3 30 16.0673 54 2716.11 2.614
8 130 4 31 0.018971 54 1108 2213.91
8 131 1 29 83.044 54 3217.4 0.505756
8 131 2 30 106.704 54 1275 0.393612
8 131 3 31 0.0350621 54 3233 1197.87
8 132 2 29 49.3364 54 1848.44 0.851298
8 132 3 30 52.957 54 463 0.793096
8 132 4 31 0.00717501 54 673 5853.65
8 133 2 29 9.99873 54 2144.41 4.20053
8 133 3 30 50.3731 54 671 0.833778
8 133 4 31 109.621 54 359 0.383138
8 134 2 29 93.1724 54 2022.88 0.450777
8 134 3 30 95.1214 54 2165.67 0.441541
8 134 4 31 0.0701843 54 2521 598.424
8 135 1 29 67.5898 54 2197.53 0.621396
8 135 2 30 195.775 54 3693.73 0.214532
8 135 3 31 237.317 54 1422 0.176978
8 136 2 29 23.2552 54 1783.28 1.80605
8 136 3 30 152.224 54 5401.5 0.275909
8 136 4 31 71.5212 54 1021 0.587238
8 137 2 29 32.8315 54 309 1.27926
8 137 3 30 24.0899 54 52 1.74347
8 137 4 31 0.0105991 54 900 3962.61
8 138 2 29 125.257 54 3620.86 0.335311
8 138 4 31 193.454 54 2822 0.217106
8 139 1 29 78.7716 54 5414.93 0.533187
8 139 2 30 136.585 54 2610.71 0.307501
8 139 3 31 129.32 54 3927 0.324775
8 140 1 29 136.497 54 7444.51 0.307699
8 140 2 30 73.2755 54 1096.2 0.57318
8 140 3 31 0.00102067 54 647 41149.3
8 141 2 29 24.7461 54 1865.35 1.69724
8 141 3 30 15.0121 54 129.083 2.79775
8 141 4 31 173.662 54 710 0.241849
8 142 2 29 114.533 54 6310.57 0.366707
8 142 3 30 45.2138 54 2010.38 0.928921
8 142 4 31 72.7258 54 1524 0.577512
8 143 1 29 84.6703 54 6610.51 0.496042
8 143 2 30 130.588 54 4502 0.321622
8 143 3 31 140.774 54 955 0.298351
8 144 2 29 88.0029 54 4550 0.477257
8 144 3 30 55.4326 54 3884 0.757677
8 144 4 31 175.165 54 777 0.239774
8 145 2 29 115.946 54 2809.96 0.362238
8 145 3 30 43.9059 54 1107.47 0.956591
8 145 4 31 150.027 54 499 0.279949
8 146 1 29 71.4837 54 8413.96 0.587547
8 146 2 30 82.6482 54 3773.08 0.508178
8 146 3 31 44.3447 54 872 0.947127
8 147 1 29 60.6224 54 3661.7 0.692814
8 147 2 30 103.525 54 3284.95 0.4057
8 147 3 31 22.5576 54 1447 1.8619
8 148 2 29 181.288 54 6341.68 0.231676
8 148 3 30 68.0698 54 3233.36 0.617014
8 148 4 31 53.0091 54 746 0.792317
8 149 2 29 121.808 54 5725.53 0.344804
8 149 3 30 42.4824 54 489.906 0.988644
8 149 4 31 59.1074 54 378 0.710571
8 150 2 29 89.4662 54 8816.42 0.469451
8 150 3 30 43.0658 54 2988.54 0.975252
8 150 4 31 110.278 54 2057 0.380856
8 151 2 29 86.0204 54 7706.29 0.488256
8 151 3 30 525.457 54 9967.38 0.0799305
8 151 4 31 0.196754 54 3591 213.465
8 152 2 29 187.43 54 9598.51 0.224084
8 152 3 30 295.442 54 5869.61 0.14216
8 152 4 31 133.441 54 2042 0.314747
8 153 2 29 193.579 54 15411 0.216965
8 153 3 30 105.171 54 9741.19 0.399349
8 153 4 31 87.525 54 855 0.479863
8 154 1 29 182.699 54 8803.33 0.229886
8 154 2 30 8.11738 54 8242.96 5.17408
8 154 3 31 194.301 54 2502 0.21616
8 155 2 30 56.0345 54 8077.36 0.749539
8 155 3 31 247.892 54 2370 0.169429
8 156 2 29 122.938 54 10095.4 0.341635
8 156 3 30 76.2321 54 6163 0.550949
8 156 4 31 152.606 54 2465 0.275218
8 157 2 29 229.761 54 12535.8 0.182799
8 157 3 30 44.3739 54 465 0.946503
8 157 4 31 79.8205 54 2603 0.52618
8 158 2 29 98.767 54 22550.9 0.425243
8 158 3 30 15.723 54 397.087 2.67125
8 158 4 31 0.0108791 54 2155 3860.63
8 159 1 29 18.2285 54 308.068 2.30409
8 159 2 30 27.9535 54 2315.69 1.50249
8 159 3 31 200.786 54 1349 0.209178
8 160 2 29 38.6519 54 13473.2 1.08662
8 160 3 30 26.7757 54 7541.16 1.56859
8 160 4 31 26.3004 54 780 1.59693
8 161 2 29 72.2232 54 13969.8 0.581531
8 161 3 30 97.4148 54 9822.73 0.431146
8 161 4 31 74.5632 54 317 0.56328
8 162 1 29 84.6063 54 18282.1 0.496417
8 162 2 30 103.763 54 11579.5 0.404769
8 162 3 31 62.1421 54 420 0.67587
8 163 1 29 42.3573 54 3267.9 0.991565
8 163 2 30 72.3158 54 15021 0.580786
8 163 3 31 149.782 54 453 0.280407
8 164 2 29 179.749 54 14673.8 0.233659
8 164 3 30 221.078 54 7390.17 0.189978
8 164 4 31 0.0699089 54 2244 600.782
8 165 2 29 61.5895 54 15849.6 0.681935
8 165 3 30 118.448 54 1634.68 0.354585
8 165 4 31 0.000403843 54 681 104001
8 166 2 29 150.9 54 11372.6 0.278329
8 166 3 30 172.146 54 5219.65 0.243979
8 166 4 31 299.919 54 1424 0.140038
8 167 2 29 60.7637 54 2653.12 0.691202
8 167 3 30 35.5075 54 12221.4 1.18285
8 167 4 31 111.087 54 1076 0.378084
8 168 2 29 52.4147 54 17007.1 0.801301
8 168 3 30 152.131 54 10654.8 0.276078
8 168 4 31 201.661 54 1082 0.208271
8 169 2 29 88.1848 54 20371.6 0.476273
8 169 3 30 131.58 54 9879.64 0.319197
8 169 4 31 125.235 54 291 0.33537
8 170 2 29 157.98 54 20714.6 0.265857
8 170 3 30 235.882 54 10414.4 0.178055
8 170 4 31 0.00264105 54 1074 15902.8
8 171 2 29 132.836 54 6015.41 0.31618
8 171 3 30 132.835 54 17709 0.316181
8 171 4 31 0.0380881 54 3535 1102.71
8 172 2 29 146.056 54 16758.6 0.287562
8 172 3 30 111.223 54 18353.5 0.37762
8 172 4 31 81.233 54 1205 0.517031
8 173 2 29 138.915 54 21563.7 0.302344
8 173 3 30 33.1355 54 14876.8 1.26752
8 173 4 31 63.1332 54 496 0.66526
8 174 2 29 226.499 54 19494.1 0.185431
8 174 3 30 69.2438 54 15075.7 0.606552
8 174 4 31 177.347 54 2648 0.236823
8 175 1 29 132.58 54 8391.33 0.31679
8 175 2 30 270.324 54 20375 0.155369
8 175 3 31 83.9933 54 999 0.50004
8 176 2 29 103.677 54 22358.5 0.405105
8 176 3 30 88.2627 54 20914.7 0.475852
8 176 4 31 0.0368788 54 2715 1138.86
8 177 2 29 85.9132 54 19338.8 0.488866
8 177 3 30 104.283 54 11623.9 0.402751
8 177 4 31 59.0494 54 1175 0.711269
8 178 1 29 249.521 54 23115.1 0.168323
8 178 2 30 86.5641 54 12713 0.48519
8 178 3 31 256.381 54 1780 0.163819
8 179 1 29 120.556 54 4536.64 0.348386
8 179 2 30 62.8261 54 11720.5 0.668512
8 179 3 31 0.00847649 54 1905 4954.88
8 180 2 29 303.684 54 23938.1 0.138302
8 180 3 30 83.9974 54 7359.08 0.500016
8 180 4 31 1.13219e-05 54 1392 3.70962e+06
8 181 2 29 121.714 54 23157.7 0.345072
8 181 3 30 130.702 54 4587 0.321341
8 181 4 31 3.53294e-05 54 406 1.18881e+06
8 182 1 29 221.991 54 20944 0.189197
8 182 2 30 50.2373 54 8286.79 0.836032
8 182 3 31 152.608 54 1159 0.275215
8 183 1 29 99.6643 54 9289.17 0.421415
8 183 2 30 107.052 54 9372.63 0.392331
8 183 3 31 64.7154 54 1528 0.648995
8 184 2 29 117.541 54 15218.2 0.357322
8 184 3 30 105.052 54 6362.4 0.399801
8 184 4 31 0.00483755 54 1029 8682.07
8 185 2 29 103.731 54 20837.9 0.404892
8 185 3 30 52.6903 54 5508.26 0.797111
8 185 4 31 238.953 54 1170 0.175767
8 186 2 29 177.066 54 19978.4 0.2372
8 186 3 30 56.5861 54 8434.86 0.742232
8 186 4 31 43.1859 54 1132 0.972541
8 187 1 29 61.9997 54 6973.46 0.677423
8 187 2 30 28.9132 54 13774.6 1.45263
8 187 3 31 0.0621375 54 1665 675.92
8 188 1 29 113.916 54 25815.1 0.368693
8 188 2 30 178.977 54 9103.48 0.234667
8 188 3 31 0.0747301 54 1957 562.022
