263564 263564 0.000253586 0.00265074 0.0244276 0.0305304 0.0211235 0.0157512 0.0140696 0.0136294 0.0135711 0.0135827 0.013554 0.0134716 0.0133643 0.0132611 0.0131827 0.0131525  4.78845e+07 2.85773e+07 4.43656e+06 1.5942e+06 546487 221102 74500.3 64753.1 50850.3 32603.5 14190.6 10627.6 7573.49 4779.08 2132.18 425.79
7.23897e+06 7.23897e+06 0.0038449 0.0393559 0.303436 0.362962 0.270828 0.210935 0.19109 0.185798 0.185036 0.185058 0.184548 0.183371 0.181911 0.180537 0.179509 0.179115  6.17673e+06 2.58038e+07 1.53035e+07 2.70362e+06 1.18334e+06 591448 306341 113188 92683.6 72747.4 47577.1 21186.3 15400.4 10749.3 6762.37 3966.37
2.13669e+06 2.13669e+06 0.00363791 0.0372709 0.289561 0.346769 0.257881 0.200506 0.181553 0.176515 0.17581 0.175853 0.175384 0.174275 0.172891 0.171585 0.170607 0.170232  1.61014e+06 1.12033e+06 4.36062e+06 1.88146e+06 338657 193487 117916 67098.5 25606.3 20304.7 15627.9 10089 4425.36 3120.58 2134.54 2124.84
554300 554300 0.00165288 0.0171347 0.146897 0.180237 0.128665 0.0976656 0.0877407 0.0851248 0.0847698 0.0848196 0.0846198 0.0840958 0.0834262 0.0827876 0.0823057 0.0821202  6.42167e+06 856283 599754 1.70322e+06 733770 170348 110965 70033.3 39611 14746.6 11308.5 8384.32 5216.09 2216.11 1525.65 2046.62
340199 340199 0.000590728 0.00616274 0.0558126 0.0694482 0.0484198 0.0362627 0.0324384 0.0314363 0.031303 0.0313276 0.0312593 0.0310681 0.0308205 0.030583 0.0304029 0.0303335  3.9866e+07 9.57334e+06 2.49533e+06 473518 1.01138e+06 531939 171390 131052 96488.6 61623.2 27570.1 20898.8 14966.8 9546.58 4313.06 6897.99
6.40227e+06 6.40227e+06 0.00530595 0.0538654 0.388733 0.458195 0.35105 0.277724 0.252849 0.246138 0.245114 0.245057 0.244312 0.242724 0.24079 0.238986 0.237645 0.237133  7.15131e+07 2.49675e+07 7.68642e+06 2.16457e+06 423633 917332 535912 197937 154074 117145 77296.1 35439.4 25964 18108.8 11487.7 13524.6
2.56476e+06 2.56476e+06 0.00464373 0.0472437 0.347253 0.409613 0.311185 0.245379 0.223375 0.217594 0.216857 0.216944 0.216375 0.21502 0.213331 0.211739 0.210549 0.210093  2.04399e+06 1.15e+07 4.23702e+06 883011 244350 65827.1 164454 103536 39980.6 30574.3 22879.1 14867.9 6690.41 4748.4 3239.87 4437.91
631961 631961 0.00074792 0.0077964 0.0701061 0.0870987 0.0609183 0.0456946 0.0408883 0.0396238 0.0394522 0.0394801 0.039392 0.0391501 0.0388378 0.0385386 0.0383121 0.0382247  5.81898e+07 1.08492e+06 6.04971e+06 1.42197e+06 285142 107902 34314.1 89894.9 56490.3 21301.5 15751.5 11349.4 7104.61 3095.81 2144.79 3406.88
185860 185860 0.000223693 0.00233952 0.0216548 0.0271176 0.0187309 0.0139489 0.0124526 0.0120596 0.0120061 0.0120151 0.011989 0.0119156 0.0118203 0.0117289 0.0116595 0.0116328  1.54488e+07 2.11319e+07 528512 3.21212e+06 1.11854e+06 467438 231305 53934.8 114557 73519.2 31977.6 23915.2 17016.3 10825.3 4890.51 8721.62
9.26783e+06 9.26783e+06 0.00780836 0.0781073 0.503814 0.579198 0.462762 0.375948 0.345377 0.337051 0.335732 0.335537 0.334412 0.332201 0.329573 0.327152 0.325367 0.324688  3.26204e+07 1.05142e+07 1.18348e+07 402075 2.4783e+06 1.09271e+06 579189 304205 68569.7 135572 87779.5 39403.3 28706.3 19973.1 12632.1 15904.2
1.56866e+06 1.56866e+06 0.00531705 0.0538607 0.382793 0.447785 0.344569 0.273954 0.250132 0.243895 0.243124 0.24322 0.242575 0.241056 0.239171 0.237398 0.236074 0.235568  3.61272e+06 5.31516e+06 1.73404e+06 921111 34274.2 285694 167906 102753 55228.8 12134.1 22860.3 14497.9 6422.15 4541.56 3094.46 4389.1
919872 919872 0.00232713 0.0240395 0.199927 0.24369 0.176266 0.134746 0.121291 0.117709 0.117196 0.117233 0.116933 0.116197 0.115269 0.114389 0.113727 0.113472  4.41434e+07 1.91546e+06 2.76611e+06 529502 264855 13983.3 140533 87235.8 53400.8 28036.8 5954.42 10797 6593.83 2827.79 1951.82 3159.33
207323 207323 0.000400792 0.0041882 0.0384708 0.0481023 0.0333422 0.0248728 0.0222138 0.021513 0.0214155 0.0214296 0.0213814 0.0212497 0.0210795 0.0209164 0.0207929 0.0207452  1.58646e+07 1.51957e+07 1.03687e+06 1.1522e+06 569469 401128 35354.7 242601 132520 93330.8 51793 10465.1 17441.6 10733.6 4805.41 8692.07
6.46674e+06 6.46674e+06 0.00682597 0.0687094 0.464218 0.539553 0.424001 0.340627 0.31164 0.303717 0.302428 0.30225 0.301246 0.29925 0.296867 0.294663 0.293035 0.292416  4.0533e+07 1.02953e+07 8.72288e+06 884530 870349 622712 469136 50875.7 299205 162281 119347 65698.1 12903.1 20497.7 12509.1 15803.6
1.61145e+06 1.61145e+06 0.00547024 0.0554029 0.392994 0.460163 0.354538 0.281859 0.257213 0.250675 0.249793 0.24983 0.249129 0.247547 0.245599 0.243774 0.242415 0.241895  8.33297e+06 6.67895e+06 1.73809e+06 796072 92269.2 110583 106566 85076.6 10013.3 54738 28971.3 21133.2 11309.1 2154.23 3324.25 4557.13
817990 817990 0.00138988 0.0144426 0.126284 0.155996 0.110483 0.083399 0.0747415 0.0724349 0.0720991 0.0721263 0.0719484 0.0714976 0.0709244 0.0703785 0.0699669 0.0698085  1.35862e+08 4.41823e+06 3.47457e+06 527984 228253 37655.3 54402.2 55306.8 44118 5067.96 26764.8 13629.2 9571.37 4958.07 921.766 3312.79
233159 233159 0.000252896 0.00264459 0.0244491 0.0306099 0.0211547 0.0157575 0.0140673 0.0136228 0.0135619 0.0135719 0.0135422 0.0134591 0.0133516 0.0132482 0.0131699 0.0131397  6.75949e+07 3.81731e+07 2.30313e+06 1.29442e+06 428972 265734 83718.1 77426.2 95398.9 70453.2 9798.19 44783.4 21735.7 15782.6 8335.72 7015.32
1.77545e+07 1.77545e+07 0.0120516 0.117032 0.617579 0.677487 0.576299 0.491189 0.460174 0.452419 0.451813 0.451931 0.450597 0.447801 0.44446 0.441385 0.439124 0.438267  2.86141e+07 3.11136e+07 1.84557e+07 1.80568e+06 937980 438693 314904 119532 92927.5 121294 86390.5 12780.8 53371 25293.2 18328.8 17742.8
3.90013e+06 3.90013e+06 0.00873951 0.086523 0.52001 0.584203 0.476647 0.394605 0.365824 0.358574 0.357989 0.358235 0.357309 0.35513 0.352447 0.349941 0.348079 0.347369  6.01094e+07 4.93948e+06 4.55061e+06 767529 93696.1 70672 50340.9 42592.5 17960.4 12575.3 16610.2 11339.4 1687.53 6672.05 3094.35 4396.25
1.00628e+06 1.00628e+06 0.00147952 0.0153629 0.13351 0.164592 0.116852 0.0883337 0.0791897 0.0767491 0.0763956 0.0764265 0.0762398 0.0757637 0.0751577 0.0745805 0.0741451 0.0739775  2.32524e+07 3.16802e+07 2.42648e+06 840312 118417 24922.5 25391.7 19870.9 17026.3 7030.26 4753.54 6032.51 3959.72 569.932 2198.25 2423.95
435913 435913 0.000337196 0.00352516 0.032503 0.0406852 0.0281549 0.0209819 0.0187312 0.0181374 0.0180543 0.0180661 0.0180255 0.0179144 0.0177709 0.0176333 0.0175291 0.0174889  1.21256e+07 9.66867e+06 9.88628e+06 1.17707e+06 605425 244761 114864 65520.5 51452.1 43010.2 20211.2 12374.8 15886.9 10150.7 1638.2 12263.6
1.08731e+07 1.08731e+07 0.0120828 0.117727 0.633287 0.700934 0.594371 0.503553 0.469785 0.460667 0.459311 0.458972 0.457333 0.454319 0.450826 0.447651 0.445335 0.444461  5.43132e+07 8.33483e+06 6.51754e+06 5.43903e+06 1.03505e+06 624743 312716 169331 90589.9 69250.9 57488.1 27263.8 15680.6 19785.8 12380.4 16949.5
1.53259e+06 1.53259e+06 0.00493131 0.0501629 0.367848 0.435003 0.331132 0.260936 0.237212 0.230808 0.229843 0.229813 0.229135 0.227656 0.225845 0.224152 0.22289 0.222408  6.01648e+07 8.8747e+06 1.33274e+06 374505 207751 94982.2 76373.6 44159.4 25824.4 13225 9766.98 7912.01 3686.71 2021.33 2508.1 3672.8
1.65458e+06 1.65458e+06 0.00167159 0.0173438 0.149672 0.184334 0.131302 0.0994176 0.0891698 0.0864273 0.0860197 0.086043 0.0858242 0.0852832 0.0845987 0.0839483 0.0834586 0.0832703  1.68693e+08 3.19376e+07 4.6677e+06 444638 120964 92184.1 49670.9 41753.5 24035.6 13701.2 6776.47 4815.02 3755.54 1694.1 906.566 2723.01
1.71657e+06 1.71657e+06 0.000997052 0.0103825 0.0924786 0.114724 0.080598 0.0605821 0.0542355 0.0525566 0.0523197 0.0523474 0.052224 0.0518995 0.0514839 0.051087 0.0507871 0.0506716  2.31351e+07 4.57211e+07 1.02795e+07 1.71784e+06 397979 223516 161821 117377 82677.8 47898.3 29597.8 14020.6 9746.29 7458.68 3393.05 7239.87
1.86581e+07 1.86581e+07 0.0102606 0.101284 0.593766 0.670617 0.554267 0.460006 0.425443 0.415762 0.414007 0.413503 0.411922 0.409115 0.405879 0.40294 0.400795 0.399985  1.16803e+07 1.11925e+07 2.11812e+07 5.39249e+06 1.15953e+06 423888 285440 195010 161190 106434 60818.7 37896.2 17345.7 11648.6 8738.4 12359.2
2.58332e+06 2.58332e+06 0.0100128 0.099039 0.588591 0.667236 0.549157 0.454097 0.41919 0.409287 0.407409 0.406851 0.405264 0.402482 0.399282 0.396378 0.39426 0.39346  3.07457e+07 1.91611e+06 1.70976e+06 1.18002e+06 285124 113963 61361.8 46464 30788 26673.1 16727.2 9248.77 5650.53 2496.88 1636.08 2925.75
2.30615e+06 2.30615e+06 0.00589221 0.0596092 0.418676 0.490407 0.379608 0.302149 0.275525 0.268269 0.267133 0.267042 0.266211 0.264476 0.262375 0.26042 0.258969 0.258416  1.14185e+08 1.62097e+07 939658 305515 180529 76957.1 41396.9 24238.9 18417.9 11866.2 9877.79 5931.83 3147.07 1857.44 800.276 1435.47
1.24648e+06 1.24648e+06 0.00129101 0.0134247 0.118091 0.146139 0.103247 0.0778238 0.0697167 0.0675589 0.0672437 0.0672685 0.0671022 0.0666811 0.0661457 0.0656359 0.0652514 0.0651034  5.04501e+07 3.34601e+07 5.02408e+06 453826 225935 232333 183038 85645.8 60635.1 43303.3 26898.7 24995.3 14373.1 7659.44 4636.83 5475.44
1.67574e+07 1.67574e+07 0.0122505 0.119742 0.655826 0.733161 0.620213 0.522186 0.4849 0.474055 0.471755 0.470839 0.468803 0.465498 0.461795 0.45848 0.456083 0.455183  3.21887e+07 2.43815e+07 1.62785e+07 2.67601e+06 429512 244529 275821 237799 111433 81813.3 56647.6 33456 31375.7 17364.3 9110.31 11950.8
1.99835e+06 1.99835e+06 0.0046807 0.0476373 0.350998 0.414735 0.31489 0.248015 0.225559 0.219587 0.218768 0.218812 0.218214 0.216834 0.215122 0.213514 0.212312 0.211853  1.84903e+07 5.26306e+06 3.60924e+06 746173 123531 45705.8 31860.6 39469.7 35664.1 16523.1 12012.1 8019.65 4511.86 4183.26 2251.84 2699.29
1.06316e+06 1.06316e+06 0.00180631 0.0187284 0.160637 0.197573 0.141107 0.10699 0.0959947 0.0930446 0.0926011 0.0926209 0.0923816 0.0917974 0.0910602 0.0903605 0.0898339 0.0896316  7.91399e+07 9.81571e+06 2.77135e+06 1.21974e+06 243659 55051.8 23976.2 17488.3 21594.9 19040.1 8526.08 5966.81 3836.84 2090.12 1891.61 2199.75
593922 593922 0.000637114 0.00664828 0.0603107 0.0751637 0.0523841 0.0391978 0.0350406 0.0339431 0.0337897 0.0338104 0.0337331 0.0335247 0.0332563 0.0329994 0.032805 0.0327301  4.92486e+07 2.74507e+07 4.11798e+06 1.01682e+06 621439 255242 125862 75803.2 39220.5 41206.2 40003.6 17036.6 12483.6 7776.31 4104.49 8315.51
1.65648e+07 1.65648e+07 0.0129253 0.125454 0.657842 0.726024 0.620923 0.528711 0.493841 0.484204 0.482575 0.482029 0.48018 0.476953 0.473268 0.469942 0.467528 0.466618  2.07755e+07 2.59441e+07 1.49938e+07 2.82504e+06 729228 549388 289359 173578 109890 53093.4 52793.5 51129 20976.3 15285.6 9248.93 14572.8
1.53262e+06 1.53262e+06 0.00370323 0.0378538 0.289162 0.34359 0.256906 0.200805 0.18233 0.177539 0.176989 0.17713 0.176718 0.175638 0.174266 0.172963 0.171984 0.171607  722941 3.48647e+06 3.78342e+06 656805 139350 58522.2 61627.1 39057.8 25921.8 16468.9 7504.56 7101.29 6726.64 2670.71 1917.52 2937.52
912880 912880 0.00211323 0.0218652 0.184295 0.225552 0.162261 0.123587 0.111071 0.107721 0.107225 0.107251 0.106973 0.106298 0.105446 0.104638 0.104031 0.103798  8.67046e+07 384149 1.85562e+06 1.4109e+06 240023 66698.8 32351.1 35505.7 22441 14556.4 8953.18 3932.42 3587.09 3291.71 1276.02 2278.63
582793 582793 0.00112794 0.0117364 0.103836 0.128593 0.0906044 0.0682156 0.0611006 0.0592167 0.05895 0.0589797 0.0588393 0.0584731 0.0580049 0.0575581 0.0572206 0.0570907  1.16455e+07 2.54298e+07 226057 1.00957e+06 787632 339309 145414 64860.2 59957.6 42662 30834 19231.2 8465.08 7084.58 6690.95 7013.01
7.09922e+06 7.09922e+06 0.00680048 0.0676179 0.421327 0.47089 0.377535 0.311383 0.289619 0.285039 0.285517 0.286387 0.286078 0.284578 0.282545 0.280575 0.279078 0.278501  1.70078e+07 7.77955e+06 1.32859e+07 174944 807047 676703 401526 198337 86721.9 75289.1 53933.1 39045 23828.7 10283.5 8290.61 15879.6
1.32179e+06 1.32179e+06 0.00553992 0.0561012 0.397451 0.465499 0.358884 0.285327 0.260315 0.253642 0.25271 0.252722 0.251997 0.250389 0.248415 0.246568 0.245193 0.244667  1.78271e+07 3.20694e+06 1.27006e+06 957666 13289.3 89004.7 91489.6 66157.1 35005.1 15119.9 12556.8 8826.78 6252.87 3713.12 1568.53 3613.52
1.02776e+06 1.02776e+06 0.00248034 0.0256052 0.211717 0.257819 0.186962 0.143079 0.128795 0.124968 0.124402 0.124428 0.124101 0.123316 0.122329 0.121395 0.120693 0.120424  1.0507e+08 9.45202e+06 1.66784e+06 384489 273805 5417.4 43743.8 47411 34237.9 17674.9 7373.75 5890.85 3986.25 2733.36 1584.12 2170.46
513611 513611 0.000641362 0.00669218 0.0606772 0.0756038 0.0527013 0.0394411 0.0352604 0.034157 0.0340032 0.0340244 0.0339469 0.0337373 0.0334673 0.0332089 0.0330132 0.0329378  2.46678e+07 3.06234e+07 3.04829e+06 881225 358242 275660 15819.9 102371 77718.4 64248.9 33784.6 14533.4 10544.9 7395.01 5014.12 6998.56
1.21431e+07 1.21431e+07 0.00926038 0.0917995 0.555021 0.628991 0.513863 0.42387 0.391557 0.382776 0.381416 0.381177 0.37987 0.377361 0.374405 0.371693 0.369701 0.368946  2.8365e+07 1.58273e+07 1.53396e+07 1.69412e+06 766840 383854 325960 23039.3 136837 94226.9 81535 42807.6 17973 12471.5 8652.02 13933.4
2.32026e+06 2.32026e+06 0.00690543 0.0695424 0.471187 0.548956 0.431192 0.34587 0.315991 0.307665 0.306193 0.305918 0.304846 0.302795 0.300367 0.29813 0.296481 0.295854  3.10841e+06 5.46575e+06 2.65393e+06 982149 100710 86869.9 56933.2 53708 4059.12 23148.4 14902.5 12873.6 6599.58 2692.66 1811.92 3250.82
875781 875781 0.00235354 0.0243172 0.202518 0.247117 0.178674 0.13648 0.122767 0.119087 0.118539 0.118562 0.118251 0.117502 0.116561 0.115669 0.115 0.114743  1.25748e+07 1.64617e+06 2.80407e+06 707335 243531 37586.9 40015.7 27757.3 26106.3 1919.59 10545.8 6518.1 5413.26 2684.09 1068.4 1972.51
247691 247691 0.000515218 0.00537973 0.049082 0.0612484 0.0425771 0.031816 0.0284301 0.0275374 0.0274137 0.0274319 0.0273702 0.0272016 0.0269841 0.0267755 0.0266176 0.0265568  2.91523e+07 9.62561e+06 1.18792e+06 1.40938e+06 463804 251552 63246.7 78120.6 58220.6 47951.2 4224.87 22223.6 12422.8 10785.1 5375.23 6091.47
8.37452e+06 8.37452e+06 0.00961 0.0951663 0.570744 0.64688 0.530333 0.438006 0.404548 0.395289 0.393708 0.393329 0.391894 0.389258 0.386187 0.383384 0.381331 0.380555  2.04307e+07 1.97087e+07 7.68689e+06 1.12291e+06 1.28616e+06 508209 305873 85177.8 106853 78809.8 63084.2 5722.07 28146.8 15031.4 13013.5 13746.9
1.62967e+06 1.62967e+06 0.00447726 0.045549 0.335016 0.394455 0.299366 0.23616 0.21512 0.209669 0.209053 0.209203 0.208699 0.207418 0.205802 0.204273 0.203126 0.202686  4.36602e+06 3.73596e+06 3.30139e+06 587957 89809.7 146662 76118.8 49799.5 14353.3 17814 12774 9856.16 875.229 4145.57 2145.51 3793.48
1.06337e+06 1.06337e+06 0.0023103 0.0238788 0.19944 0.243586 0.175923 0.134284 0.120765 0.117139 0.116597 0.116617 0.116309 0.115572 0.114645 0.113768 0.113108 0.112855  1.239e+08 2.31721e+06 1.96508e+06 1.10956e+06 189285 39452.3 76138.4 41498.9 27132.9 7644.18 9180.31 6341.66 4714.82 405.49 1874.96 2638.03
252378 252378 0.000295134 0.00308305 0.0282606 0.0352413 0.0244337 0.0182501 0.0163154 0.0158117 0.0157476 0.015763 0.0157307 0.0156357 0.0155115 0.015392 0.0153012 0.0152662  2.31576e+07 4.21449e+07 1.2586e+06 1.42264e+06 722308 327037 89394.9 132085 68452.5 45917.9 14263.6 16988.9 11816.5 8388.8 754.34 8154.99
1.51118e+07 1.51118e+07 0.00906709 0.089335 0.520314 0.578227 0.47577 0.397432 0.370354 0.364032 0.363972 0.364516 0.363746 0.361637 0.358974 0.356463 0.354588 0.353871  1.2536e+07 1.53137e+07 2.25836e+07 1.01323e+06 1.29402e+06 792260 447486 132743 182190 92130.5 60733 18814.5 21605.7 14634.3 10142.7 10664.8
1.59098e+06 1.59098e+06 0.00405249 0.0412468 0.305009 0.358126 0.270833 0.213689 0.194928 0.190241 0.189871 0.190138 0.189764 0.188648 0.187203 0.185821 0.184779 0.184378  5.80477e+07 2.08386e+06 2.32609e+06 1.29159e+06 67646.4 127926 111757 72739.6 22505.9 29743 14609.9 9308.75 2807.69 3127.67 2072.77 2901.48
1.22737e+06 1.22737e+06 0.00196184 0.020287 0.170371 0.207669 0.149476 0.114085 0.102707 0.0997263 0.0993431 0.0994153 0.0991883 0.0985795 0.0977994 0.0970548 0.0964927 0.0962764  8.33793e+07 3.08061e+07 1.09717e+06 792904 418913 29681.1 66362.7 61075.3 39844.6 12077.6 15469.5 7327.84 4501.83 1315.55 1430.86 2235.66
1.48248e+06 1.48248e+06 0.00113843 0.0118413 0.104466 0.129195 0.0911234 0.0686721 0.0615423 0.0596623 0.0594032 0.0594386 0.0593003 0.0589332 0.0584626 0.0580128 0.057673 0.0575421  1.96449e+07 2.29049e+07 9.35803e+06 813700 505159 479693 69697.6 128234 103593 73946.7 22545.2 27844.6 12920.9 7879.58 2357.86 6484.58
8.87323e+06 8.87323e+06 0.00753621 0.0742554 0.435466 0.477389 0.389347 0.326353 0.306087 0.302525 0.303706 0.305004 0.3049 0.303448 0.301379 0.29934 0.297779 0.297174  3.32608e+07 1.02766e+07 1.11851e+07 4.66645e+06 643844 466653 570798 100824 168827 137500 97614.5 29260.3 34638.3 15595.2 9356.59 10379.3
1.20512e+06 1.20512e+06 0.00454025 0.0460549 0.331708 0.386782 0.295413 0.234616 0.214543 0.209566 0.209214 0.209523 0.209114 0.20789 0.206307 0.204794 0.203652 0.203213  3.33607e+06 5.447e+06 1.65016e+06 671988 226707 57065.9 59211.1 88631 17086.5 27497.5 22236.3 15398.2 4478.26 5130.13 2257.73 2816.82
831309 831309 0.00165939 0.0171879 0.146416 0.179054 0.128091 0.0974288 0.0876173 0.0850524 0.0847279 0.0847974 0.0846102 0.0840941 0.0834293 0.0827933 0.0823126 0.0821274  1.46677e+08 1.76895e+06 2.84363e+06 522552 198866 93374.2 28259.8 31074.3 46712.8 8826.46 13765.8 10733 7164.91 2018.61 2257.68 2194.25
419001 419001 0.000454082 0.00473803 0.043002 0.0534626 0.0372233 0.0278757 0.024945 0.0241834 0.0240882 0.0241124 0.0240634 0.0239182 0.0237287 0.0235462 0.0234076 0.0233541  4.82201e+07 4.66507e+07 1.736e+06 1.23383e+06 448849 273353 147526 66655.9 59305.4 92988.3 18201.4 26612.3 20584.9 13698.8 3759.26 8305.54
1.51935e+07 1.51935e+07 0.00690422 0.0689558 0.442075 0.501338 0.399407 0.326311 0.301607 0.295695 0.295486 0.295948 0.295357 0.293642 0.291448 0.289364 0.287799 0.287199  7.07137e+07 2.77014e+07 2.54938e+07 1.33077e+06 1.0195e+06 530611 357851 182925 83645.9 75440.6 121026 23896.5 32830.6 25022.4 16357.3 14201
2.20621e+06 2.20621e+06 0.00323697 0.03315 0.257317 0.306364 0.227469 0.177243 0.160882 0.156713 0.156296 0.156476 0.156149 0.155215 0.154011 0.15286 0.151992 0.151658  4.90307e+06 1.1422e+07 4.33841e+06 1.99543e+06 97164.5 126157 88922.7 64547.1 31912.5 14353.8 12892.6 20459.1 3947.55 5216.93 3906.17 4700.29
1.07377e+06 1.07377e+06 0.00115585 0.0120155 0.105513 0.130199 0.0919819 0.0694182 0.062253 0.0603726 0.0601235 0.0601676 0.060033 0.0596647 0.0591902 0.0587361 0.0583926 0.0582603  7.9159e+07 2.60637e+06 6.1071e+06 1.68882e+06 764945 47906.3 71289.8 52323 37907.4 18336.9 7992.06 6923.87 10596.5 1981.23 2556.73 4144.65
445861 445861 0.000484117 0.00505434 0.0460744 0.0574433 0.0399392 0.0298604 0.0266949 0.0258646 0.0257531 0.0257729 0.0257167 0.0255592 0.0253553 0.0251596 0.0250113 0.0249541  3.93176e+07 2.51608e+07 1.34296e+06 2.7328e+06 1.14651e+06 741242 107184 139983 100480 65951.1 28351.2 12672.1 10884.1 17045.2 3217.41 10670.3
5.97759e+06 5.97759e+06 0.00367342 0.0374945 0.283466 0.334921 0.251197 0.197109 0.179448 0.175014 0.174629 0.174858 0.174505 0.17347 0.172133 0.170855 0.169891 0.16952  2.13057e+07 1.96719e+07 1.34915e+07 950319 2.16281e+06 1.04866e+06 862604 137336 195081 137625 86589.9 34975.1 15182.2 12849.4 19991.3 16169.9
1.8e+06 1.8e+06 0.00364463 0.0372612 0.285071 0.338735 0.253107 0.197827 0.179686 0.175016 0.1745 0.174653 0.174254 0.173193 0.171841 0.170556 0.169589 0.169218  2.89347e+06 3.47446e+06 3.22785e+06 1.61423e+06 117609 362236 196561 183682 29582.5 43000.3 29517.3 17858.7 6884.87 2900.83 2413.66 6729.14
659725 659725 0.001538 0.0159524 0.137405 0.168737 0.120203 0.0911518 0.081874 0.0794364 0.0791115 0.0791636 0.0789808 0.0784937 0.0778694 0.0772732 0.076823 0.0766497  3.97135e+07 1.53755e+06 1.85e+06 1.20863e+06 592346 56429.2 200697 113585 105919 16678.3 23474.6 15533.8 9060.49 3384.03 1392.12 4307.26
261647 261647 0.000385529 0.00402097 0.0363818 0.0451124 0.0314341 0.0235749 0.0211192 0.0204889 0.0204173 0.0204435 0.0204054 0.0202845 0.0201248 0.0199706 0.0198533 0.0198079  2.62525e+07 2.1377e+07 1.3385e+06 1.52847e+06 634879 552133 78224 276470 132892 136798 23977.4 34750.9 21990.8 12278.3 4418.8 7571.14
6.98272e+06 6.98272e+06 0.00463531 0.0470512 0.340356 0.398216 0.303927 0.240978 0.220122 0.214861 0.214387 0.214623 0.214153 0.212867 0.211227 0.209669 0.208497 0.208047  1.77883e+07 1.60138e+07 1.41728e+07 1.18474e+06 1.26776e+06 540949 648861 100016 355007 154345 167436 28946.4 41999.2 25693.5 13987.9 13457.6
1.54861e+06 1.54861e+06 0.0033512 0.0342818 0.263807 0.313179 0.233276 0.182213 0.165584 0.16138 0.16099 0.161194 0.160867 0.159912 0.158676 0.157493 0.156601 0.156257  3.83678e+07 3.06758e+06 2.63268e+06 1.55474e+06 145502 185345 94444 133123 20752.7 73014.7 29863.6 32210.7 5395.1 7676.67 4583.62 4809.27
941369 941369 0.00159626 0.0165168 0.13963 0.16992 0.121838 0.0929565 0.0837687 0.0814207 0.0811719 0.0812755 0.0811185 0.080637 0.0800071 0.0794009 0.0789412 0.0787638  6.39818e+07 2.0389e+07 1.63561e+06 1.00101e+06 578094 70189.6 103089 54843.1 77246.5 11787.8 40195.4 15858.2 16496.3 2677.43 3720.09 4473.48
768777 768777 0.000662778 0.00691156 0.0623685 0.0775367 0.0541452 0.0405866 0.0363167 0.0351974 0.035048 0.0350749 0.0349979 0.0347836 0.0345064 0.0342405 0.034039 0.0339614  2.51269e+07 2.45279e+07 6.56653e+06 1.20354e+06 638979 578091 151419 151941 62392.8 113207 17933.8 58215.7 21084.1 22693.8 3719.2 11357.4
3.4841e+06 3.4841e+06 0.00159893 0.0165447 0.139886 0.170252 0.122077 0.0931447 0.0839501 0.0816048 0.0813573 0.081461 0.0813031 0.08082 0.0801882 0.0795804 0.0791195 0.0789417  9.46645e+07 1.52037e+07 1.53133e+07 3.69903e+06 1.06986e+06 614847 680849 219637 190811 74120.7 145796 22870.8 70901.8 24490.3 26406.5 17389.6
1.93281e+06 1.93281e+06 0.00272771 0.0280723 0.226536 0.273303 0.199998 0.154184 0.139308 0.135422 0.134933 0.135024 0.134704 0.133874 0.132817 0.131812 0.131055 0.130764  4.23088e+06 1.54629e+07 2.58808e+06 2.48347e+06 607719 220317 137930 164840 55847.2 45723.6 17166.4 33651.1 5116.62 15367.5 5160.05 9144.92
905321 905321 0.000811477 0.00845512 0.0757366 0.0939865 0.0658449 0.0494439 0.044265 0.0429052 0.0427224 0.0427533 0.042658 0.0423961 0.042058 0.0417342 0.041489 0.0413945  5.01556e+07 2.25213e+06 8.3702e+06 1.11791e+06 1.08962e+06 330048 133679 86234.5 102409 33882.9 26861.2 9724.59 18383.6 2708.62 7943.93 7262.91
384222 384222 0.000457466 0.00477666 0.0435903 0.0543568 0.0377744 0.0282356 0.0252415 0.0244568 0.0243519 0.0243711 0.0243182 0.0241695 0.0239767 0.0237917 0.0236514 0.0235973  4.1554e+07 1.80916e+07 1.0873e+06 2.99003e+06 762121 764004 236319 163480 94910.6 122065 47238.4 33642.6 11263.7 22159.3 3345.95 17905.7
3.99156e+06 3.99156e+06 0.00246797 0.0253738 0.203507 0.243874 0.178601 0.138159 0.125183 0.121928 0.121643 0.121825 0.1216 0.120887 0.119953 0.119055 0.118374 0.118111  1.17443e+08 2.40697e+07 1.10745e+07 800499 1.94662e+06 671448 781537 243390 197574 110834 145532 58095.7 38750.9 12492.2 24639.5 23379.6
3.60608e+06 3.60608e+06 0.00509519 0.0516776 0.370885 0.434763 0.333282 0.264387 0.241237 0.235192 0.234455 0.234561 0.233949 0.232488 0.230669 0.228957 0.227678 0.227188  2.09764e+07 1.89539e+07 4.28729e+06 1.57798e+06 118525 335205 133631 171136 53443.4 44172.7 23974.8 30955.5 12141.6 7782.7 2446.82 9324.13
1.08342e+06 1.08342e+06 0.000832788 0.0086774 0.0777348 0.0965007 0.0676099 0.0507605 0.0454351 0.0440332 0.0438418 0.0438712 0.0437719 0.0435024 0.0431551 0.0428226 0.042571 0.0424741  4.21477e+07 1.11251e+07 9.89453e+06 1.34575e+06 468998 49438.1 167599 70454 90227.8 27526.8 21997.8 11493.7 14292.7 5427.85 3396.01 5040.35
776746 776746 0.000641194 0.00668686 0.0603752 0.075058 0.0523987 0.039274 0.0351427 0.0340608 0.0339174 0.0339443 0.0338704 0.0336633 0.0333951 0.0331378 0.0329429 0.0328677  3.29484e+07 2.05602e+07 4.45724e+06 3.572e+06 873982 438780 68567.3 149930 83747.5 104787 33408.1 31300.5 15447.9 19498.3 7677.47 11549.2
5.94554e+06 5.94554e+06 0.0031508 0.0323383 0.255194 0.306083 0.22602 0.175231 0.158651 0.154332 0.1538 0.153903 0.153535 0.152588 0.151386 0.150244 0.149386 0.149056  1.00165e+08 2.10836e+07 1.24643e+07 3.04305e+06 2.26325e+06 866799 499928 89023.9 162731 94974.5 123101 39073.6 37236.1 17869.4 22261.2 21896.2
1.44256e+06 1.44256e+06 0.00199178 0.0205551 0.169978 0.205606 0.148771 0.114147 0.103079 0.100262 0.0999748 0.100104 0.0999097 0.0993171 0.0985433 0.0977996 0.0972361 0.0970188  5.11066e+06 1.61672e+07 3.60777e+06 1.62753e+06 440562 383492 183264 111626 20447.2 34970.5 20058.5 25774.4 7961.58 7449.85 3491.23 8535.3
780008 780008 0.00066986 0.00698383 0.0629064 0.0781371 0.0546004 0.0409512 0.0366533 0.0355288 0.0353812 0.0354102 0.0353337 0.0351181 0.0348386 0.0345704 0.0343672 0.0342888  1.03442e+07 2.72192e+06 8.81002e+06 1.66021e+06 765171 249435 239888 117968 71494.3 12811.7 21249.6 11766.6 14591.8 4369.6 3993.42 6329.95
404862 404862 0.000487136 0.00508731 0.0464789 0.0580202 0.0403092 0.0301134 0.0269092 0.0260657 0.0259493 0.0259669 0.0259087 0.0257491 0.0255432 0.0253457 0.0251962 0.0251385  5.70534e+07 7.44003e+06 1.52401e+06 3.18717e+06 1.12891e+06 640911 234692 192193 119305 78489.4 16582.8 22755.4 13286.4 16312.6 4988.49 12214.2
4.01038e+06 4.01038e+06 0.00334806 0.0342633 0.264438 0.314388 0.233971 0.182598 0.165865 0.161619 0.161204 0.161391 0.161052 0.160088 0.158846 0.15766 0.156765 0.156421  7.82245e+07 2.89802e+07 5.41349e+06 1.29302e+06 2.05402e+06 1.06666e+06 668217 282913 202789 139594 92783.8 20377.5 25456.2 14670.5 17897.2 19044.7
1.86301e+06 1.86301e+06 0.00283074 0.0291043 0.233045 0.280416 0.205808 0.159005 0.143798 0.139844 0.139365 0.139471 0.139149 0.138296 0.137207 0.136171 0.135391 0.135091  3.37113e+06 1.28383e+07 4.79397e+06 710828 183994 326514 210129 139692 62172.3 42099.7 29187.1 18921.2 4082.43 4867.04 2752.93 6879.83
794869 794869 0.000799064 0.00832983 0.0749044 0.093131 0.0651535 0.0488613 0.0437126 0.0423533 0.0421636 0.0421888 0.0420915 0.0418311 0.0414964 0.0411763 0.0409341 0.0408408  3.17892e+07 1.79399e+06 6.93254e+06 2.02847e+06 303662 98038.3 195360 129819 85834.6 37320.8 24473.8 16362.1 10229.2 2138.66 2489.74 4838.03
198392 198392 0.000236335 0.0024698 0.0227172 0.0283568 0.0196317 0.0146509 0.0130945 0.0126894 0.0126378 0.0126501 0.0126242 0.0125479 0.0124483 0.0123523 0.0122794 0.0122512  3.80608e+07 2.05797e+07 828387 2.96944e+06 1.12759e+06 341756 127322 163149 151169 102392 45788.4 27734.6 19345 12270.9 2734.91 8805.45
6.14654e+06 6.14654e+06 0.00371728 0.0376752 0.270835 0.31223 0.237701 0.189624 0.174317 0.170966 0.171159 0.171729 0.171595 0.170708 0.16947 0.168254 0.167323 0.166962  1.33575e+08 2.52265e+07 1.31996e+07 633074 2.27103e+06 972395 403190 167972 171912 179089 120947 55273.9 31318.1 21795.3 13712.7 12876.7
2.85264e+06 2.85264e+06 0.00402918 0.0411731 0.31332 0.373179 0.279796 0.218684 0.198396 0.193019 0.192282 0.192333 0.191818 0.190606 0.189096 0.187674 0.186609 0.186202  5.59514e+06 2.14014e+07 4.09875e+06 1.33808e+06 68673.2 322295 162319 78603.3 34393.5 32471.5 34376.5 22654.1 10176.8 5540.49 3802.3 4587.53
826822 826822 0.000592399 0.00617922 0.0558945 0.0695066 0.0484805 0.0363214 0.0324961 0.0314948 0.031363 0.0313889 0.0313214 0.0311304 0.0308826 0.0306447 0.0304644 0.0303949  4.99426e+07 2.97327e+06 1.13835e+07 1.51364e+06 486978 32946.3 178546 93542.3 45089.4 19251.6 17575 17919.3 11377.7 4950.13 2630.89 3914.44
121134 121134 0.000109381 0.0011443 0.0106223 0.0133002 0.00917273 0.00682827 0.0060967 0.00590565 0.00588061 0.00588592 0.00587368 0.00583803 0.00579153 0.00574677 0.00571278 0.00569966  4.59497e+07 2.12519e+07 1.40879e+06 4.39907e+06 1.19407e+06 581877 51482.6 244902 108236 64766.1 28624.3 21694.1 24160.2 15372 6780.68 8853.87
4.12859e+06 4.12859e+06 0.00222188 0.0229202 0.188722 0.228496 0.165744 0.127224 0.114843 0.11165 0.111282 0.111389 0.111149 0.110476 0.109608 0.108778 0.108151 0.107909  2.82623e+07 2.76697e+07 1.26648e+07 1.07245e+06 2.9845e+06 1.14173e+06 659728 72492.8 319177 128382 82235.6 36412.8 25104.5 28134.8 17690.4 17993.7
1.74946e+06 1.74946e+06 0.00230543 0.0237954 0.19667 0.238866 0.173117 0.132649 0.119583 0.116157 0.115711 0.115784 0.115509 0.114795 0.113885 0.113019 0.112366 0.112115  1.42651e+07 5.02363e+06 5.01427e+06 1.85275e+06 175336 543262 243731 151526 17727.7 75472.8 28798.2 18302.1 7898.63 5198.92 5748.07 7203.56
587981 587981 0.000717113 0.00747408 0.0671359 0.0833239 0.0582937 0.0437531 0.0391719 0.0379739 0.0378172 0.0378484 0.0377666 0.0375361 0.0372375 0.036951 0.0367339 0.0366501  1.01477e+08 7.5991e+06 2.73902e+06 2.30593e+06 878638 100464 342843 157696 97262.3 11108.5 45797 16854.1 10331.3 4321.08 2777.45 6798.89
1.18418e+06 1.18418e+06 0.00106537 0.0110816 0.0978176 0.120881 0.0852162 0.0642343 0.0575871 0.0558453 0.0556149 0.055656 0.0555316 0.0551907 0.0547514 0.0543309 0.0540127 0.0538901  7.19592e+07 3.71838e+07 2.98259e+06 1.73668e+06 1.27694e+06 659519 107884 261630 164134 112339 14396.9 55487.7 18758.3 11945.4 5031.9 10764.9
4.76322e+06 4.76322e+06 0.0017193 0.0178054 0.151431 0.185189 0.1326 0.10091 0.0907802 0.0881373 0.0878012 0.0878689 0.087671 0.0871335 0.0864431 0.0857834 0.0852851 0.0850932  9.72051e+06 3.76407e+07 2.1806e+07 1.81132e+06 1.40018e+06 1.185e+06 658154 134529 261577 183859 130188 17675.7 63770.3 20503.3 13128.3 17169.4
2.25791e+06 2.25791e+06 0.00225913 0.0233016 0.191651 0.232026 0.168392 0.129274 0.116686 0.11343 0.113049 0.113153 0.112906 0.112221 0.111338 0.110495 0.109859 0.109613  1.36959e+06 1.63546e+06 6.44444e+06 3.52868e+06 313531 293332 278303 156413 33631.4 60526.6 42666.4 29705.7 3981.77 13855 4329.32 6336.57
1.06636e+06 1.06636e+06 0.00152647 0.0158264 0.135913 0.166612 0.118805 0.0901933 0.0810712 0.0786914 0.0783892 0.0784524 0.0782783 0.0777997 0.0771833 0.0765936 0.0761479 0.0759762  1.24574e+08 729409 890134 2.92527e+06 1.63982e+06 176699 182885 178381 99624.8 20932.7 36503.9 24827.5 16676.1 2166.53 7362.21 5568.05
681829 681829 0.000915722 0.00954291 0.0855462 0.106365 0.0745333 0.055925 0.0500312 0.0484684 0.0482433 0.0482656 0.0481499 0.0478495 0.0474654 0.0470987 0.0468217 0.0467151  4.03852e+07 3.49378e+07 517457 628511 1.43938e+06 1.02997e+06 154414 181602 168870 101984 25208.2 36175.3 26724.4 18133.1 2492.96 14089
7.67766e+06 7.67766e+06 0.00413305 0.042131 0.314838 0.372032 0.280603 0.220579 0.200756 0.195656 0.195096 0.195253 0.194794 0.193603 0.192093 0.190662 0.189587 0.189174  3.44103e+07 2.41713e+07 1.76464e+07 456660 518170 1.22952e+06 1.04507e+06 180136 212598 198805 117976 30908.7 39757.7 29631.7 19955.1 18271.3
2.20765e+06 2.20765e+06 0.00346978 0.035477 0.271847 0.322532 0.240689 0.188175 0.171037 0.166692 0.166277 0.166474 0.166127 0.165135 0.163856 0.162635 0.161714 0.16136  4.3379e+06 6.25986e+06 4.34521e+06 2.03618e+06 60673.8 81483 226839 212626 38097.2 43982.1 40466.8 23183.8 6009.02 7344.03 5403.82 6904.11
1.08238e+06 1.08238e+06 0.00129684 0.0134857 0.11865 0.146858 0.103751 0.0781956 0.0700442 0.0678728 0.0675539 0.0675773 0.0674094 0.0669859 0.0664478 0.0659355 0.0655492 0.0654005  2.38766e+08 2.30496e+06 3.33358e+06 1.63338e+06 747402 29034.3 45057.9 131025 122721 21519.8 24073.6 21361.9 11801.9 2963.99 3537.17 5824.55
1.25548e+06 1.25548e+06 0.0010074 0.0104879 0.0932499 0.115587 0.0812591 0.0611149 0.0547299 0.0530448 0.0528104 0.052841 0.052718 0.0523914 0.0519724 0.051572 0.0512694 0.0511529  1.07867e+08 6.68958e+07 1.30047e+06 1.6713e+06 889965 511385 50866.5 62469.5 143559 138958 29222.8 31560 26953.9 14924.5 4022.23 11907.3
1.08694e+07 1.08694e+07 0.0032776 0.0334965 0.256062 0.302666 0.225831 0.176869 0.161029 0.157128 0.156862 0.15713 0.156853 0.155947 0.154755 0.15361 0.152741 0.152407  3.31362e+07 5.16172e+07 3.15804e+07 1.02663e+06 1.34375e+06 858742 528964 70340.3 73414.6 160618 160315 35272.2 36536.6 30451.3 16527.6 17695.1
2.35461e+06 2.35461e+06 0.00189798 0.0196305 0.165162 0.201338 0.144795 0.110493 0.0994949 0.0966284 0.09627 0.0963474 0.0961317 0.0955438 0.0947886 0.094067 0.093522 0.0933122  8.99076e+06 5.42876e+06 8.48247e+06 3.6934e+06 142951 231093 175215 112594 15991.3 15583.7 33097.3 32673.9 7096.28 7110.67 5805.85 6435.62
986343 986343 0.000886443 0.00923395 0.0825213 0.10239 0.0718144 0.053949 0.0482987 0.0468108 0.0466069 0.0466371 0.0465307 0.0462437 0.0458743 0.0455209 0.0452536 0.0451506  1.37199e+08 4.79175e+06 2.97498e+06 4.08407e+06 1.84864e+06 84846.3 149648 116027 73945.2 10256.3 9683.91 19845.3 18902.4 3979.34 3894.24 6588.74
1.18601e+06 1.18601e+06 0.00103796 0.0108045 0.0959431 0.118897 0.0836348 0.0629206 0.0563522 0.0546181 0.0543762 0.0544069 0.0542795 0.0539428 0.0535113 0.053099 0.0527875 0.0526675  3.23836e+07 4.76996e+07 2.41241e+06 1.44137e+06 1.75712e+06 912469 97249.8 154136 124059 82735.2 14368 12006.8 22408.9 21464.8 4893.85 12423.8
5.21524e+06 5.21524e+06 0.00179144 0.0185278 0.155922 0.189816 0.136435 0.104168 0.0938653 0.0912105 0.0909049 0.0909991 0.0908085 0.0902607 0.0895512 0.0888711 0.0883565 0.0881581  1.14482e+08 1.99778e+07 2.51728e+07 1.59511e+06 1.01779e+06 1.34227e+06 781331 126527 187167 151569 99197.7 18082.1 13927.6 24819.4 23601 19248.1
2.16473e+06 2.16473e+06 0.00231034 0.0238241 0.195545 0.236654 0.171905 0.13203 0.119185 0.115859 0.115465 0.115569 0.115314 0.114613 0.113711 0.11285 0.1122 0.11195  7.06035e+06 1.84123e+07 3.40164e+06 3.79561e+06 267841 200642 293426 179427 31785.2 45333.6 35936.8 22766 4073.96 3011.84 5226.55 8937.96
1.18472e+06 1.18472e+06 0.000853071 0.00888806 0.0795661 0.0987662 0.0692214 0.0519798 0.0465302 0.0450957 0.0448994 0.0449288 0.0448267 0.0445502 0.0441944 0.0438539 0.0435962 0.043497  5.87312e+07 3.75994e+06 1.00153e+07 1.53585e+06 1.75302e+06 150352 124731 187568 113974 19728.5 27262.5 20850.2 12742.3 2210.04 1595.6 7370.82
1.1172e+06 1.1172e+06 0.00112811 0.0117421 0.104158 0.129172 0.090933 0.0684047 0.0612436 0.0593412 0.0590649 0.0590887 0.0589443 0.0585751 0.0581047 0.0576564 0.057318 0.0571878  3.01123e+07 2.21129e+07 1.39941e+06 3.81798e+06 883454 1.00829e+06 137010 106557 150518 96503.8 23622.5 30212.2 22992.1 14068.8 2595.51 9861.63
5.82989e+06 5.82989e+06 0.00397242 0.0402045 0.285839 0.328806 0.251403 0.201059 0.184972 0.181445 0.181643 0.182234 0.18208 0.181134 0.17982 0.178532 0.177546 0.177164  7.48866e+07 1.82429e+07 1.2146e+07 842116 2.39334e+06 769582 937389 160301 117100 162318 105713 28709.5 34797.9 25909.1 15583.1 13731.5
1.29308e+06 1.29308e+06 0.00231288 0.0238826 0.198031 0.240954 0.174449 0.133512 0.120273 0.116776 0.116298 0.116353 0.116067 0.115343 0.114425 0.113553 0.112896 0.112644  8.71228e+06 1.2048e+07 2.97159e+06 1.19806e+06 85201.1 314782 131872 175658 32429.1 22910 31112.3 19888 5409.23 6323.65 4611.45 5146.45
1.23296e+06 1.23296e+06 0.00112039 0.0116584 0.103189 0.127806 0.0900338 0.0677788 0.0607071 0.0588346 0.0585695 0.058599 0.0584595 0.0580957 0.0576306 0.0571866 0.0568513 0.0567222  2.14882e+08 4.64176e+06 6.57612e+06 1.37833e+06 575386 49305.3 200089 85800 113277 20404.6 13955 18274.9 11266.5 2969.57 3390.07 5140.88
2.48842e+06 2.48842e+06 0.00188533 0.0195406 0.167072 0.205375 0.146902 0.111492 0.100089 0.0970383 0.0965799 0.0965979 0.096345 0.0957334 0.0949634 0.0942332 0.0936841 0.0934732  1.1355e+08 6.15451e+07 1.94627e+06 2.50161e+06 857884 458385 58432.9 197202 100990 125919 26912 16737.8 20907.2 12976.5 3805.96 10509.9
1.19e+07 1.19e+07 0.00367355 0.0375633 0.287698 0.342181 0.255637 0.199717 0.181351 0.176604 0.176058 0.176193 0.175779 0.174701 0.173334 0.172035 0.171059 0.170685  8.80146e+07 5.22106e+07 2.94219e+07 1.20651e+06 1.50279e+06 764752 469636 73246.9 217782 119219 146197 32347.4 18990.4 23016 14136.4 15818.2
3.8336e+06 3.8336e+06 0.00309439 0.0317817 0.252179 0.303093 0.223364 0.172883 0.156389 0.152064 0.151507 0.151591 0.15122 0.150281 0.149094 0.147968 0.147121 0.146796  5.74539e+06 1.41355e+07 8.60266e+06 3.49085e+06 161619 246632 154370 100621 16519.2 46486.4 25337.5 30206.8 6560.28 3711.05 4396.67 5666.34
1.57452e+06 1.57452e+06 0.00123113 0.0127937 0.112009 0.138142 0.0977299 0.0738104 0.0662088 0.064213 0.0639466 0.0639909 0.0638455 0.0634526 0.0629474 0.0624644 0.0620992 0.0619585  1.54353e+07 3.05687e+06 7.61358e+06 3.554e+06 1.4522e+06 84723 145809 94296 61107.8 9795.1 26680.1 14017.9 16112.2 3390.31 1872.61 4989.17
652658 652658 0.000729928 0.00760685 0.0682688 0.084706 0.0592825 0.0445066 0.0398513 0.0386347 0.0384761 0.0385081 0.038425 0.0381906 0.0378868 0.0375953 0.0373745 0.0372893  3.74593e+07 1.18001e+07 2.47825e+06 2.6204e+06 1.47226e+06 828446 100099 140357 113582 73743.9 13356.3 32339.9 17698.1 19593.2 4328.74 8388.51
4.19985e+06 4.19985e+06 0.00308596 0.031651 0.24859 0.297171 0.219699 0.170658 0.154716 0.150631 0.150191 0.150343 0.150015 0.149108 0.147944 0.146834 0.145997 0.145675  6.17186e+07 2.00479e+07 8.06479e+06 1.95072e+06 1.6634e+06 1.19798e+06 805396 131181 163760 141502 90776.4 16912.5 38064.5 20724.1 22409.7 14518.8
1.48605e+06 1.48605e+06 0.00263822 0.0271132 0.216623 0.259676 0.19055 0.147464 0.133569 0.130043 0.129698 0.129864 0.129605 0.128836 0.127835 0.126876 0.126151 0.125871  7.33658e+06 1.00511e+07 3.4559e+06 1.06889e+06 280500 281072 242126 174882 30445.8 36184.8 31059.7 19333.2 3530.98 7632.73 4085.06 7172.34
962168 962168 0.00123376 0.0128258 0.112612 0.139104 0.0983148 0.074177 0.0664985 0.064472 0.0641916 0.0642283 0.0640777 0.0636805 0.0631718 0.0626862 0.0623193 0.0621781  9.64313e+06 3.90332e+06 5.42103e+06 1.45295e+06 449749 147237 166332 148464 106913 18213.9 20986.9 17384.1 10439.6 1848.02 3901.24 5651.56
572122 572122 0.000856326 0.00892188 0.0798609 0.0991316 0.0694812 0.0521762 0.0467066 0.0452669 0.0450697 0.0450991 0.0449965 0.0447189 0.0443617 0.0440199 0.0437613 0.0436616  6.88804e+07 7.77552e+06 1.66281e+06 1.99224e+06 875552 413269 200919 138591 137092 110700 23651.9 24692.3 21034.9 12516.7 2336.08 11391.1
2.48756e+06 2.48756e+06 0.00209608 0.0216692 0.181469 0.221291 0.159538 0.121825 0.109683 0.10649 0.106061 0.106121 0.105866 0.105208 0.104371 0.103575 0.102975 0.102744  2.75413e+07 3.34757e+07 5.58367e+06 1.08524e+06 1.29766e+06 881008 464227 260275 152324 157113 129339 29059.6 28436.8 23914.5 14018.2 15284.2
1.89117e+06 1.89117e+06 0.00264184 0.0272119 0.221098 0.267382 0.195159 0.150164 0.135559 0.131725 0.131224 0.1313 0.130983 0.130171 0.12914 0.128161 0.127423 0.12714  4.48197e+07 4.60158e+06 5.75657e+06 877393 180983 251041 206229 111191 64102.7 35434.7 36062.3 28985.2 6399.09 6031.66 4975.76 6013.3
1.18862e+06 1.18862e+06 0.00136015 0.0141289 0.123233 0.151961 0.107707 0.0813962 0.0730093 0.0707947 0.0704881 0.0705271 0.0703604 0.0699238 0.0693654 0.0688326 0.0684304 0.0682755  5.54942e+07 2.38635e+07 2.49623e+06 2.53185e+06 394121 99964.5 154214 130285 69743 39251.3 21006.2 20613.7 15977.6 3418.11 3146.09 5632.32
1.09147e+06 1.09147e+06 0.000841344 0.00876738 0.078596 0.0976189 0.0683805 0.0513266 0.0459363 0.0445158 0.0443197 0.0443474 0.0442458 0.0439725 0.043621 0.0432847 0.0430303 0.0429322  4.01387e+07 2.46546e+07 7.54792e+06 1.24687e+06 1.24356e+06 321475 94316.6 117293 147884 78986.6 48452.8 22487.7 22179.8 17445.2 3958.03 9817.26
5.2249e+06 5.2249e+06 0.00258053 0.0265742 0.215611 0.260334 0.190052 0.14636 0.132223 0.128549 0.128102 0.128201 0.127907 0.127123 0.126121 0.125167 0.124447 0.12417  2.72287e+07 2.08735e+07 1.4255e+07 3.97617e+06 1.0353e+06 1.12433e+06 353915 113057 123091 180876 93396.4 57568.4 25058.3 24291 18890.7 14952.3
1.83005e+06 1.83005e+06 0.00283821 0.029228 0.236841 0.28679 0.209695 0.161343 0.145561 0.14136 0.140759 0.140795 0.140426 0.139539 0.138425 0.137372 0.136581 0.136277  2.76566e+07 4.57184e+06 3.51721e+06 1.96827e+06 571368 205024 245832 81763.3 26639.5 27416.9 41033.8 20395.5 12255.7 5134.39 4879.69 6719.25
1.53377e+06 1.53377e+06 0.00205912 0.021298 0.179094 0.218753 0.157465 0.120087 0.108044 0.10486 0.10442 0.104469 0.104213 0.103562 0.102737 0.101952 0.10136 0.101133  1.06715e+08 1.47256e+07 2.47891e+06 1.53657e+06 880854 315699 125979 155137 51164.1 16257 16186.9 23348.5 11188 6513.55 2664.41 5913.5
1.10756e+06 1.10756e+06 0.00111942 0.0116503 0.10325 0.127969 0.0901098 0.0678088 0.0607227 0.058844 0.0585749 0.0586017 0.0584605 0.0580956 0.0576297 0.0571854 0.0568499 0.0567207  2.90882e+07 3.05786e+07 4.63694e+06 807122 659078 564382 198220 149922 161243 56997.7 19699.7 16760.2 27275.2 12737.2 7463.53 9656.42
4.9833e+06 4.9833e+06 0.00259409 0.0266065 0.209507 0.249126 0.183613 0.142834 0.129792 0.126609 0.126418 0.126667 0.126469 0.125751 0.124793 0.123867 0.123163 0.122891  5.1522e+07 2.4011e+07 1.55162e+07 2.44274e+06 551499 554478 568689 203969 194081 196094 68992.1 24007.2 18888.8 31078.5 14185.6 18901.8
2.17e+06 2.17e+06 0.00294147 0.0302984 0.245812 0.298266 0.218104 0.167656 0.151124 0.146671 0.145985 0.145982 0.145574 0.144639 0.143477 0.142381 0.14156 0.141246  2.7221e+06 8.88034e+06 4.62103e+06 2.04805e+06 321997 97216.2 111544 123884 45019.1 44638.2 43433.6 14835 5037.4 3801.62 6179.89 6472.7
1.33736e+06 1.33736e+06 0.00171102 0.0177436 0.152479 0.187477 0.133763 0.101426 0.09105 0.0882912 0.0878933 0.0879255 0.087706 0.0871554 0.0864573 0.0857935 0.0852934 0.0851011  1.65386e+07 1.44956e+06 4.81816e+06 2.02581e+06 924092 179354 60087.3 70671.6 77723.6 27519.9 26383 24731.7 8141.79 2678.21 1973.4 6454.78
773497 773497 0.00106435 0.0110809 0.0984901 0.122162 0.0859129 0.064603 0.0578372 0.0560434 0.0557864 0.0558123 0.0556782 0.0553309 0.0548872 0.0544638 0.0541441 0.054021  3.87521e+07 2.01887e+07 765634 2.05944e+06 1.45331e+06 491625 124007 50483.8 67810.5 86445 29316.4 33515.7 29273.6 9599.58 3249.64 9804.94
4.93279e+06 4.93279e+06 0.00274701 0.0282901 0.22943 0.277589 0.202834 0.156101 0.140899 0.136887 0.136341 0.1364 0.136057 0.135205 0.134131 0.133111 0.132345 0.132051  3.02438e+07 2.43419e+07 1.42731e+07 604910 1.56545e+06 1.68456e+06 488719 134536 58740.3 79004.8 103500 34343.2 40143.7 33583.8 10855 14609.4
1.17855e+06 1.17855e+06 0.00165988 0.017224 0.148762 0.183267 0.130508 0.0988138 0.0886474 0.0859353 0.0855346 0.0855585 0.0853405 0.084802 0.0841208 0.0834737 0.0829864 0.0827991  7.87069e+06 4.95896e+06 4.12009e+06 2.01893e+06 100348 301397 395645 112290 31153.6 13534.9 17696.8 22694.9 7292.19 8371.68 6821.5 5097.62
735335 735335 0.00107798 0.0112217 0.0996601 0.123584 0.0869423 0.0653909 0.0585469 0.0567325 0.0564728 0.0564991 0.0563634 0.0560118 0.0555627 0.0551342 0.0548106 0.0546861  1.56141e+07 4.19878e+06 2.73987e+06 2.12242e+06 1.10632e+06 63659.5 204946 272884 76513.8 20691.8 8701.78 10973.3 13574.6 4227.47 4739.71 6635.13
363353 363353 0.000539414 0.00563244 0.0513847 0.0641432 0.0445964 0.033324 0.0297773 0.0288415 0.0287105 0.0287282 0.0286626 0.0284855 0.0282573 0.0280388 0.0278734 0.0278096  1.65839e+07 1.68726e+07 1.70088e+06 1.13352e+06 1.14914e+06 836595 69350.1 175160 310431 70673.7 21219.4 9144.67 11685.5 14698.6 4504.75 12375.4
3.04144e+06 3.04144e+06 0.00195969 0.0202588 0.169758 0.206679 0.148882 0.113743 0.102479 0.0995516 0.0991919 0.0992749 0.099054 0.0984491 0.0976716 0.0969286 0.0963675 0.0961515  1.62533e+07 1.02618e+07 1.25825e+07 1.20982e+06 837041 1.01512e+06 887238 92012 201523 394965 82544.1 24919.1 10557.4 13164 16379.1 18719.2
769994 769994 0.00163039 0.0169174 0.146099 0.1799 0.128098 0.0970073 0.0870439 0.0843935 0.0840089 0.0840382 0.0838278 0.083301 0.0826331 0.0819979 0.0815193 0.0813353  2.93977e+06 2.77832e+06 1.80041e+06 1.99233e+06 209430 165735 223518 209284 22899.9 47491.1 93164.2 18567.8 5453.6 2248.94 2742.3 7218.03
556643 556643 0.00121077 0.0125828 0.110215 0.135926 0.0961374 0.0726033 0.0651281 0.0631676 0.0629079 0.0629531 0.0628111 0.0624252 0.0619285 0.0614534 0.0610941 0.0609557  7.71964e+07 1.56826e+06 1.5349e+06 927144 1.09022e+06 132651 112568 154053 142547 15207 30531.7 57771.9 11107.3 3162.08 1273.47 5537.41
540674 540674 0.000844594 0.00880218 0.0789719 0.0981333 0.0687226 0.0515683 0.0461448 0.0447134 0.0445136 0.0445398 0.0444367 0.0441615 0.0438081 0.0434701 0.0432146 0.0431161  5.56551e+07 2.56793e+07 1.15365e+06 737150 508238 811097 116131 90520.8 134189 142093 17631.6 30480.8 61117.8 11031.8 3223.45 6982.02
3.90471e+06 3.90471e+06 0.00249564 0.025278 0.181992 0.206753 0.156446 0.125403 0.116026 0.114388 0.114947 0.115624 0.115722 0.115235 0.114458 0.113663 0.113039 0.112794  5.07536e+07 2.87229e+07 1.37753e+07 967132 605160 496629 911560 144898 103372 152085 167034 21727.2 34590.2 69052.6 12104.4 11176.9
1.64815e+06 1.64815e+06 0.00244065 0.0251809 0.207345 0.251809 0.18283 0.14017 0.126347 0.122696 0.1222 0.122258 0.121956 0.121195 0.120232 0.119317 0.118628 0.118363  4.92638e+06 8.28322e+06 4.75034e+06 1.42948e+06 109435 87095.9 88874.9 180406 30105.6 20743.5 29935 32508.5 4181.93 6386.57 12548.1 4160.93
829337 829337 0.000959726 0.00998364 0.0882384 0.108951 0.0767332 0.0578412 0.0518691 0.0503138 0.0501181 0.0501641 0.050058 0.0497543 0.0493602 0.0489819 0.0486952 0.0485846  1.02764e+08 2.62414e+06 4.51185e+06 2.16374e+06 671347 62367.4 54741.6 57253.8 115236 18764 12515.5 17415.2 18238.7 2273.63 3390.66 8729.92
529472 529472 0.000603664 0.00630133 0.057324 0.0715148 0.0497852 0.0372246 0.033267 0.0322212 0.0320737 0.0320923 0.0320183 0.03182 0.031565 0.031321 0.0311363 0.0310651  4.89539e+07 3.362e+07 1.20594e+06 1.88047e+06 1.02699e+06 480568 96146.6 64927.4 71667.6 146889 24811.6 15068.5 20537.2 21699.7 2879.6 14377.3
3.31997e+06 3.31997e+06 0.00156016 0.0161588 0.137637 0.168079 0.1202 0.0914974 0.082364 0.0800103 0.0797385 0.0798233 0.0796583 0.0791788 0.0785559 0.0779583 0.0775058 0.0773313  2.2081e+07 2.35359e+07 1.74974e+07 894717 1.39175e+06 931704 540498 137434 85964.8 93557.7 187318 31611.4 18146.9 23809.3 24831.1 19663.3
1.2278e+06 1.2278e+06 0.00164304 0.0170108 0.144413 0.176248 0.126227 0.0961494 0.0865575 0.084078 0.0837862 0.0838706 0.0836944 0.083189 0.0825342 0.0819064 0.0814312 0.0812481  9.01409e+06 3.62811e+06 4.03464e+06 2.71805e+06 161072 282685 214510 132913 35106.2 21177.2 22483.5 43572.6 7148.61 3958.82 5068.79 9349.68
673128 673128 0.00103291 0.0107522 0.0954954 0.118345 0.0832382 0.062618 0.0560782 0.054351 0.0541099 0.0541405 0.0540139 0.0536789 0.0532496 0.0528394 0.0525294 0.05241  4.44785e+07 4.80513e+06 1.99305e+06 1.98754e+06 1.39535e+06 97096 185152 143590 88270.1 22782 13321.9 13652.5 25534.2 4061.24 2196.67 7858.07
417045 417045 0.000735546 0.00767146 0.0692745 0.0862464 0.0602322 0.0451209 0.0403504 0.0390902 0.038913 0.0389354 0.0388452 0.0386046 0.0382954 0.0379996 0.0377759 0.0376897  2.52807e+07 1.40552e+07 1.84448e+06 742591 786567 681385 81623.2 140937 121218 89211.8 26484.8 14159.4 14546.6 26539.4 4312.69 10246.8
3.2648e+06 3.2648e+06 0.00382146 0.0382645 0.253043 0.28076 0.218735 0.179142 0.167291 0.165584 0.166676 0.167786 0.167997 0.167341 0.166254 0.165131 0.164247 0.1639  2.67704e+07 1.27953e+07 7.55563e+06 1.20158e+06 511383 612607 601399 98828.9 156136 137819 105770 32120 16370.3 16305.5 28996.3 15788
1.56563e+06 1.56563e+06 0.00543602 0.0550799 0.391938 0.459455 0.353618 0.280866 0.256181 0.249608 0.248698 0.248719 0.248012 0.246431 0.244488 0.24267 0.241315 0.240797  1.74023e+07 4.40807e+06 2.06889e+06 637913 97076.8 56994.6 88257 98545.7 18370 28082.4 24679.3 18742.7 5584.92 2751.18 2681.63 7251.04
1.05144e+06 1.05144e+06 0.00238734 0.0246631 0.205154 0.250297 0.181076 0.138358 0.124473 0.120749 0.120192 0.120213 0.119895 0.119134 0.118179 0.117275 0.116596 0.116336  5.60333e+07 9.22803e+06 2.2957e+06 634168 185113 39965.4 28217.2 46042.4 51339.4 9338.18 13789.7 11658.8 8524.15 2458.72 1182.09 4189.2
619846 619846 0.000832104 0.00866799 0.0774911 0.0960909 0.0673698 0.0506147 0.0453207 0.043931 0.0437455 0.0437783 0.0436815 0.0434138 0.0430681 0.0427367 0.0424859 0.0423891  5.27208e+07 2.06964e+07 3.52532e+06 830046 319840 180781 64077 37115.5 51896.2 64149.6 14968.2 20135.3 17109.7 12966.6 3857.45 8179.47
3.44925e+06 3.44925e+06 0.00209372 0.0216348 0.180553 0.219763 0.158614 0.121261 0.109245 0.106103 0.1057 0.105775 0.10553 0.10488 0.10405 0.103258 0.10266 0.10243  3.34164e+07 2.73311e+07 1.16116e+07 2.23209e+06 614593 320248 227159 90418.5 49091.8 64729.2 79948.7 19426.1 24780 20421.6 15298.6 14094
1.25234e+06 1.25234e+06 0.00175782 0.0182042 0.154774 0.189348 0.135608 0.103174 0.0927794 0.0900512 0.0896934 0.089755 0.0895486 0.0889974 0.0882913 0.0876172 0.0871083 0.0869124  1.1003e+07 5.59581e+06 4.62659e+06 1.75214e+06 373682 124230 74497.8 56157.3 22679.1 11895.3 15141.8 18196 4333.87 5336.99 4301.51 6108.35
753872 753872 0.00102281 0.0106435 0.0942841 0.116664 0.0821241 0.0618357 0.0554051 0.053714 0.0534858 0.0535225 0.0534015 0.0530729 0.0526499 0.0522452 0.051939 0.051821  3.29637e+07 5.86621e+06 3.07631e+06 2.28861e+06 908075 227347 81904.4 50077.2 37389.2 14738.7 7488.55 9197.43 10663.9 2461.97 2960.99 5674.28
292179 292179 0.000438339 0.00458017 0.0420342 0.0525618 0.0364506 0.0271943 0.0242853 0.0235169 0.0234086 0.0234228 0.0233694 0.023225 0.0230388 0.0228605 0.0227255 0.0226734  3.97088e+07 1.3252e+07 2.0756e+06 1.22781e+06 1.03491e+06 533257 203708 71170.8 48586.6 40692.7 17170.7 8387.85 9777.91 11451 2742.88 9416.57
3.72014e+06 3.72014e+06 0.00343676 0.0351353 0.26905 0.318967 0.238045 0.186188 0.1693 0.165046 0.164663 0.164875 0.164542 0.163565 0.162302 0.161094 0.160182 0.159831  1.12084e+07 1.88105e+07 7.59249e+06 1.3214e+06 931818 863919 529354 249956 84432.3 58894.1 50069.9 21112.3 9929.18 11087.8 12783.9 13574.3
1.48694e+06 1.48694e+06 0.00364841 0.0374193 0.293035 0.352431 0.261461 0.202733 0.183271 0.178016 0.177203 0.177185 0.176674 0.175533 0.174125 0.172803 0.171815 0.171436  9.14928e+06 1.84638e+06 3.13549e+06 912077 167834 154956 163957 110321 55140.4 18093.5 12387.2 10273.4 4210.85 1917.13 2086.74 4897.32
711177 711177 0.00182125 0.0188677 0.1608 0.197146 0.141123 0.107249 0.0963646 0.0934802 0.0930751 0.0931171 0.0928891 0.0923091 0.0915721 0.0908708 0.0903422 0.090139  6.7196e+07 4.86693e+06 991193 1.25162e+06 367204 86552.5 90510 98814.9 65952.3 32118.9 10185.2 6714.25 5365 2129.71 946.578 3385.63
610506 610506 0.00104944 0.0109273 0.0972481 0.120678 0.0848247 0.0637595 0.0570699 0.055294 0.0550379 0.0550624 0.0549296 0.0545866 0.0541486 0.0537308 0.0534154 0.0532939  7.50638e+07 2.04901e+07 1.82436e+06 387559 502128 284186 85620.5 88838.2 92702.8 71059.6 40856.8 12314.6 8057.05 6490.58 2601.59 5217.1
3.59015e+06 3.59015e+06 0.0026077 0.0265246 0.196642 0.226909 0.170334 0.135173 0.124274 0.122049 0.122357 0.122899 0.122892 0.122307 0.121444 0.120579 0.119909 0.119647  4.82935e+07 3.4731e+07 1.05502e+07 1.15337e+06 304510 419846 303681 106748 106614 105790 84162.3 49860.8 14493.2 9216.41 7318.99 8734.2
1.33394e+06 1.33394e+06 0.0017279 0.0178548 0.149298 0.180977 0.130312 0.0997245 0.0899836 0.0875113 0.087268 0.087392 0.0872306 0.0867178 0.0860439 0.0853945 0.0849015 0.0847113  4.36565e+07 8.6066e+06 5.67839e+06 1.18183e+06 134014 48286.6 75743.5 60876 22837.6 22342 21430.9 16875.4 9824.97 2769.59 1722.69 2958.95
1.05543e+06 1.05543e+06 0.000990899 0.0103171 0.0918063 0.11382 0.0799849 0.0601387 0.0538443 0.0521804 0.0519481 0.0519781 0.0518572 0.0515361 0.0511242 0.0507304 0.0504327 0.050318  1.76393e+07 2.3258e+07 4.70485e+06 2.68901e+06 574492 77528 30678 49432 39517.8 14506.6 13767.8 12753.2 9693.69 5471.98 1506.65 2501.68
449731 449731 0.000365723 0.00382299 0.0352139 0.0440734 0.0305145 0.0227452 0.0203064 0.0196625 0.019572 0.0195843 0.01954 0.0194193 0.0192637 0.0191145 0.0190016 0.018958  2.50375e+07 1.01004e+07 7.44231e+06 1.97593e+06 1.2059e+06 434488 98847.4 40302.6 48629.5 48062.1 19001.9 17130 14855.9 11589 6642.6 4841.18
4.3596e+06 4.3596e+06 0.00331158 0.0337959 0.255673 0.300751 0.225144 0.176918 0.161373 0.157626 0.157454 0.157779 0.157536 0.156647 0.155463 0.154319 0.15345 0.153115  2.46851e+07 1.32921e+07 7.30464e+06 4.22645e+06 1.62789e+06 1.03583e+06 489358 132179 54087.1 57512.3 58821.2 23719.7 20420.4 16941.7 13119.5 12990.8
1.48881e+06 1.48881e+06 0.00388345 0.0397286 0.305023 0.364254 0.272184 0.21224 0.192369 0.187085 0.186344 0.186382 0.185879 0.1847 0.183234 0.181852 0.180818 0.180422  6.88088e+06 4.00373e+06 2.28168e+06 944487 487870 272768 196188 104163 29326.8 11826 11894.5 11943.6 4727.24 3935.67 3176.79 4847.48
757096 757096 0.00179758 0.0186359 0.159718 0.196339 0.140267 0.106408 0.0955214 0.0926165 0.0921889 0.0922147 0.0919793 0.091399 0.0906656 0.0899691 0.0894448 0.0892433  3.80447e+07 3.6576e+06 2.13558e+06 863206 354379 239102 153489 114592 60511.3 16620 6480.19 6277.3 6073.31 2328.12 1892.23 3789.66
271475 271475 0.000582233 0.00607862 0.0553759 0.0691154 0.0480862 0.0359404 0.0321144 0.0311029 0.0309598 0.0309775 0.030906 0.0307146 0.0304683 0.0302327 0.0300544 0.0299856  1.66462e+07 1.24984e+07 1.48498e+06 727472 451580 360951 190546 152772 117068 77109.8 22706.2 8646.44 7448.07 7554.19 3004.31 7118.79
2.54657e+06 2.54657e+06 0.0029335 0.0299587 0.228236 0.268091 0.19992 0.157002 0.143316 0.140113 0.140062 0.140426 0.140257 0.139494 0.138453 0.13744 0.136666 0.136366  2.81211e+07 9.6944e+06 6.81606e+06 1.03221e+06 518875 460512 454617 217695 190028 141687 97391.5 28581.1 10573.1 8581.61 8650.25 11556
1.07027e+06 1.07027e+06 0.00361644 0.0371133 0.291952 0.351801 0.260587 0.201771 0.182265 0.176968 0.176122 0.176082 0.175562 0.174421 0.173018 0.171701 0.170718 0.170341  2.66226e+06 4.5588e+06 1.67039e+06 828664 132876 83094.4 92436.4 99279.4 46602.7 41074.2 29740.7 20133.5 5745.07 2063.37 1625.17 3785.65
795650 795650 0.00230132 0.0237933 0.199198 0.243568 0.175771 0.134076 0.120544 0.116908 0.116355 0.116367 0.116055 0.115315 0.114388 0.113511 0.112853 0.1126  4.8997e+06 1.41644e+06 2.45098e+06 674954 339221 69380.3 48976.4 56121.8 59738.4 27310.8 23256.8 16212.9 10573.9 2922.08 1024.52 2637.78
184299 184299 0.000522679 0.00545893 0.0498954 0.0623318 0.0433039 0.0323376 0.028885 0.0279717 0.0278421 0.027858 0.0277939 0.0276218 0.0274003 0.0271883 0.0270279 0.026966  1.20121e+07 8.52293e+06 750916 936429 387594 266829 83054.4 47032.9 62458.9 73581.7 31500.9 27642.1 19384.3 13052.6 3582.39 4423.87
2.59778e+06 2.59778e+06 0.00348439 0.0356523 0.274617 0.326753 0.243471 0.190009 0.17252 0.168032 0.167547 0.167705 0.16733 0.166315 0.165018 0.163783 0.162853 0.162496  9.82497e+06 8.89263e+06 6.15817e+06 557506 680189 402893 318547 111480 58031 78482 91821.1 37581 32447.3 22171.7 14794 8973.7
620686 620686 0.00235667 0.0243614 0.203631 0.248971 0.179809 0.13719 0.123338 0.119606 0.119031 0.119036 0.118712 0.117953 0.117004 0.116107 0.115434 0.115175  3.09679e+06 1.8861e+06 1.57213e+06 758495 73990.6 110603 82915 70519.6 25213.7 12611.3 16711.6 18967.7 7467.09 6280.42 4194.89 4441.11
570527 570527 0.00220811 0.0228385 0.19186 0.234713 0.169115 0.128903 0.115874 0.11238 0.111856 0.111875 0.11158 0.110872 0.109982 0.109139 0.108506 0.108263  2.93421e+07 1.65055e+06 1.03239e+06 744873 376159 43928.8 71619.2 54715.9 46004.7 16024.8 7752.54 9901.47 10835.4 4133.11 3394.44 4587.26
262515 262515 0.000660962 0.00689766 0.0626031 0.0780681 0.0544047 0.0406974 0.036372 0.0352266 0.0350634 0.0350823 0.0350005 0.0347833 0.0345044 0.0342376 0.0340358 0.0339581  2.4118e+07 1.05268e+07 1.07054e+06 603850 638442 353179 51856.5 64855.6 62415.8 56726.9 20585.4 9206.87 11595.3 12625.2 4729.79 9184.97
1.47651e+06 1.47651e+06 0.0014663 0.0152117 0.131279 0.161216 0.114736 0.0869839 0.0781404 0.0758269 0.0755264 0.0755826 0.0754122 0.0749493 0.0743542 0.0737853 0.0733553 0.0731897  1.78988e+07 1.50958e+07 6.61961e+06 1.02767e+06 553050 731517 395807 67584.9 74249.6 78286.6 71317.2 25582.3 10932.9 13350.2 14240.2 15490.7
880297 880297 0.00201047 0.0207967 0.175042 0.213763 0.153788 0.117268 0.10551 0.102407 0.101985 0.10204 0.101794 0.101162 0.100357 0.0995907 0.0990132 0.0987911  2.01385e+06 3.09022e+06 2.74549e+06 1.15347e+06 209895 122611 181878 97621.4 17305.4 18012.9 19022.3 16878.2 5871.98 2426.31 2895.87 6346.97
586297 586297 0.00141622 0.0147167 0.128693 0.159041 0.112653 0.0850306 0.0762008 0.0738461 0.0734992 0.0735228 0.0733386 0.0728772 0.0722919 0.071735 0.0713152 0.0711538  2.99183e+07 1.07341e+06 1.6941e+06 1.32358e+06 580407 125322 79736.6 120739 64187.5 11102.4 11190.2 11398.3 9755.69 3289.5 1327.39 4965.45
410861 410861 0.00102259 0.010648 0.0947977 0.117615 0.0826517 0.0621278 0.0556158 0.0538906 0.0536448 0.0536712 0.0535433 0.0532099 0.0527834 0.0523763 0.0520688 0.0519504  2.15601e+07 1.25739e+07 547742 800072 746369 357420 112783 74388.1 146085 71132.3 13177.1 11742.1 12403.2 10594.8 3561.62 6661.86
2.56639e+06 2.56639e+06 0.00284934 0.0289489 0.212597 0.244946 0.184589 0.146784 0.135018 0.132603 0.132922 0.133493 0.133474 0.132833 0.131892 0.130953 0.130227 0.129944  8.53309e+06 1.06934e+07 8.39114e+06 432644 613658 713725 373190 139067 86956.3 182632 83778.1 15835.5 13172.1 13859.5 11657.5 11114.9
929842 929842 0.00318066 0.0327097 0.261904 0.316642 0.232768 0.179517 0.161998 0.15728 0.156559 0.156558 0.15612 0.155118 0.153874 0.152703 0.151825 0.151489  3.63365e+06 1.54745e+06 1.78143e+06 1.01445e+06 53427.4 91452.9 132364 75167.7 29571.1 17938.5 37727.9 16601.3 3082.92 2464.21 2553.8 4138.13
709015 709015 0.00297323 0.0306034 0.246909 0.298852 0.218947 0.168585 0.15208 0.147658 0.147003 0.147023 0.146626 0.145693 0.144528 0.143427 0.142603 0.142286  2.70036e+07 1.9342e+06 836255 754316 438488 28893.9 55307 82263.9 46294.3 17747.2 10408.3 21086.7 8942.24 1608.58 1255.3 3348.43
285899 285899 0.000640508 0.00668352 0.0606164 0.075539 0.0526505 0.0393992 0.035221 0.0341178 0.0339637 0.0339845 0.0339069 0.0336974 0.0334277 0.0331695 0.0329741 0.0328988  2.42441e+07 1.24714e+07 1.89897e+06 384992 346175 348780 37404.7 59287 93632.9 49795.1 21430.2 12471 26697.9 10861.4 1991.92 5487.28
3.54359e+06 3.54359e+06 0.00290199 0.0297984 0.236249 0.283088 0.20849 0.161566 0.146342 0.142434 0.142009 0.142154 0.141846 0.14099 0.139889 0.138838 0.138044 0.137739  3.72778e+07 2.1828e+07 8.39943e+06 1.92868e+06 370402 354986 431817 52426.1 73949.6 118868 61871.8 26830.6 15021.4 31773.6 12579.5 8605.69
752165 752165 0.00111041 0.0115509 0.101989 0.126137 0.0889276 0.067004 0.0600427 0.0582075 0.0579558 0.0579918 0.057858 0.0575006 0.0570417 0.056603 0.0562715 0.0561438  3.40793e+07 6.23317e+06 4.33525e+06 1.19989e+06 319769 72595.2 77160.5 100076 12438.5 16696 26405.1 13322.9 5631.63 3050.82 6333.93 4153.5
725476 725476 0.000803135 0.00836829 0.0749685 0.0930282 0.0651672 0.0489329 0.0438061 0.0424597 0.042279 0.04231 0.0422161 0.0419571 0.0416228 0.0413023 0.0410597 0.0409662  3.49891e+07 1.81901e+07 3.46468e+06 2.36041e+06 700506 211180 50834.6 54670.2 70059.3 8494.98 11047.3 16862.7 8211.18 3365.02 1780.51 6019.34
