1 2 1 1 11.6243 54 3970 3.61312
1 3 1 1 22.0181 54 859 1.90752
1 5 1 1 7.23974 54 194 5.80132
1 6 1 1 10.3368 54 5686 4.06315
1 7 1 1 51.9089 54 751 0.80911
1 10 1 1 46.6605 54 9560 0.900118
1 11 1 1 2.169 54 828 19.3638
1 14 1 1 30.1383 54 5977 1.39358
1 15 1 1 2.69256 54 266 15.5985
1 18 1 1 36.3457 54 2823 1.15557
1 19 1 1 28.3005 54 666 1.48407
1 22 1 1 15.4644 54 3124 2.71592
1 23 1 1 5.69753 54 50 7.37161
1 26 1 1 38.289 54 1955 1.09692
1 27 1 1 5.41342 54 145 7.7585
1 30 1 1 20.9362 54 2521 2.00609
1 31 1 1 11.6875 54 311 3.59358
1 34 1 1 13.9438 54 2694 3.01209
1 35 1 1 14.9638 54 170 2.80677
1 38 1 1 53.0875 54 1064 0.791147
1 39 1 1 9.45364 54 60 4.44273
1 42 1 1 24.4137 54 2576 1.72034
1 43 1 1 6.36527 54 5 6.59831
1 44 3 3 3.12083 54 1 13.458
1 46 1 1 9.12943 54 3633 4.60051
1 47 1 1 7.26172 54 5 5.78376
1 50 1 1 54.0788 54 6266 0.776645
1 51 1 1 12.7745 54 68 3.2878
1 53 1 1 11.4974 54 276 3.65301
1 54 1 1 57.8956 54 2185 0.725444
1 58 1 1 21.4167 54 7160 1.96108
1 62 1 1 17.9355 54 2846 2.34173
1 66 1 1 24.9365 54 1159 1.68428
1 70 1 1 25.5087 54 194 1.6465
1 71 1 1 5.83646 54 15 7.19614
1 74 1 1 9.51622 54 1758 4.41352
1 76 1 1 32.5314 54 139 1.29106
1 78 1 1 16.1289 54 5394 2.60402
1 78 3 3 2.25454 54 1 18.6291
1 79 1 1 11.4078 54 284 3.68168
1 82 1 1 40.2737 54 4172 1.04287
1 83 1 1 32.5489 54 734 1.29037
1 83 2 2 51.0509 54 100 0.822709
1 84 1 1 1.17892 54 3 35.6259
1 85 3 3 0.0780402 54 2 538.184
1 86 1 1 24.0464 54 1680 1.74663
1 86 2 2 22.4792 54 158 1.86839
1 86 3 3 0.369168 54 1 113.769
1 87 1 1 8.61894 54 40 4.87299
1 90 1 1 11.9121 54 2030 3.52583
1 90 2 2 9.40523 54 100 4.4656
1 91 1 1 35.8289 54 569 1.17224
1 94 1 1 26.4683 54 2326 1.5868
1 94 3 3 3.90517 54 1 10.755
1 95 1 1 18.0006 54 20 2.33326
1 98 1 1 38.3732 54 5174 1.09451
1 99 1 1 96.8605 54 3563 0.433613
1 102 1 1 49.2931 54 17275 0.852047
1 103 1 1 78.8834 54 3730 0.532431
1 106 1 1 53.8871 54 5314 0.779408
1 107 1 1 47.8998 54 32 0.87683
1 110 1 1 67.3678 54 4552 0.623443
1 111 1 1 58.7523 54 692 0.714866
1 113 1 1 8.18381 54 4 5.13209
1 114 1 1 35.7299 54 21772 1.17549
1 114 2 2 74.0113 54 418 0.567481
1 114 3 3 2.72944 54 7 15.3878
1 115 1 1 49.9047 54 3886 0.841604
1 118 1 1 45.8138 54 26023 0.916753
1 118 2 2 32.0706 54 207 1.30961
1 119 1 1 142.97 54 1429 0.293768
1 120 3 3 0.943079 54 3 44.535
1 122 1 1 42.7627 54 4936 0.982164
1 123 1 1 92.8842 54 4866 0.452176
1 124 1 1 83.8651 54 1139 0.500804
1 124 3 3 0.159502 54 5 263.319
1 125 3 3 32.776 54 115 1.28143
1 126 1 1 57.8475 54 6555 0.726046
1 126 2 2 28.7064 54 614 1.46309
1 127 1 1 21.4956 54 1194 1.95389
1 128 1 1 11.6647 54 1407 3.60059
1 129 1 1 9.44505 54 100 4.44677
1 129 3 3 0.197837 54 2 212.296
1 130 1 1 46.7606 54 8511 0.898192
1 130 2 2 97.4745 54 606 0.430882
1 131 1 1 13.2498 54 3350 3.16985
1 132 1 1 4.50037 54 1359 9.33257
1 133 1 1 14.3035 54 65 2.93635
1 134 1 1 70.5681 54 8222 0.59517
1 134 2 2 59.7004 54 1170 0.703513
1 135 1 1 345.603 54 5277 0.121527
1 136 1 1 77.2444 54 1455 0.543728
1 137 1 1 2.14832 54 30 19.5502
1 138 1 1 235.326 54 4376 0.178475
1 138 2 2 88.6447 54 1146 0.473801
1 139 1 1 20.1252 54 2091 2.08693
1 140 1 1 2.864 54 137 14.6648
1 141 1 1 9.8364 54 84 4.26986
1 142 1 1 73.9914 54 2700 0.567634
1 142 2 2 62.0753 54 508 0.676597
1 143 1 1 84.2804 54 3778 0.498337
1 144 1 1 3.3031 54 85 12.7153
1 146 1 1 35.2591 54 3632 1.19118
1 146 2 2 29.9147 54 300 1.40399
1 147 1 1 126.128 54 2217 0.332995
1 147 2 2 31.7757 54 224 1.32176
1 148 1 1 18.1516 54 1017 2.31385
1 149 1 1 20.5203 54 41 2.04675
1 150 1 1 74.9364 54 7919 0.560476
1 150 2 2 48.0731 54 3414 0.87367
1 151 1 1 149.244 54 6313 0.281418
1 152 1 1 23.3566 54 3476 1.7982
1 153 1 1 19.4145 54 173 2.16333
1 154 1 1 29.2044 54 17818 1.43814
1 155 1 1 152.902 54 14497 0.274685
1 156 1 1 18.8382 54 3079 2.22951
1 157 1 1 23.5238 54 912 1.78542
1 158 1 1 28.9449 54 12114 1.45103
1 159 1 1 37.6552 54 9998 1.11538
1 160 1 1 6.39656 54 4899 6.56603
1 161 1 1 7.53707 54 67 5.57246
1 162 1 1 22.1491 54 14243 1.89624
1 163 1 1 56.8224 54 16847 0.739145
1 164 1 1 9.27975 54 3786 4.52599
1 165 1 1 23.7737 54 659 1.76666
1 166 1 1 40.3941 54 21464 1.03975
1 167 1 1 53.9108 54 12396 0.779064
1 167 3 3 7.15809 54 3 5.86748
1 168 1 1 30.4077 54 8206 1.38123
1 169 1 1 11.7896 54 16 3.56245
1 170 1 1 64.0821 54 14156 0.65541
1 171 1 1 156.659 54 10871 0.268099
1 172 1 1 31.2441 54 3499 1.34425
1 173 3 3 2.3625 54 1 17.7778
1 174 1 1 62.1443 54 2813 0.675847
1 175 1 1 3.79189 54 25 11.0763
1 176 1 1 26.9385 54 45 1.55911
1 176 3 3 3.98963 54 2 10.5273
1 178 1 1 30.7718 54 6216 1.36489
1 179 1 1 58.3071 54 6464 0.720324
1 180 1 1 53.8336 54 874 0.780181
1 182 1 1 72.8485 54 13509 0.576539
1 183 1 1 43.0667 54 3065 0.975231
1 184 1 1 11.4122 54 760 3.68029
1 185 1 1 10.5361 54 89 3.9863
1 186 1 1 48.7849 54 7777 0.860922
1 187 1 1 24.1113 54 3087 1.74192
1 188 1 1 116.908 54 2704 0.359257
2 2 1 4 18.0227 54 2480 2.3304
2 3 1 4 55.6635 54 5296 0.754534
2 4 1 4 19.7627 54 499 2.12521
2 6 1 4 11.8238 54 4563 3.55216
2 7 1 4 43.4366 54 5642 0.966927
2 8 1 4 35.3698 54 1425 1.18745
2 10 1 4 23.8811 54 5149 1.75872
2 11 1 4 39.3507 54 4944 1.06733
2 12 1 4 17.04 54 1010 2.46479
2 12 3 6 0.906227 54 1 46.346
2 14 1 4 22.7987 54 3782 1.84221
2 15 1 4 26.6698 54 2376 1.57481
2 16 1 4 31.7548 54 450 1.32263
2 16 3 6 15.0867 54 13 2.78391
2 17 2 6 14.9795 54 12 2.80382
2 18 1 4 23.3566 54 192 1.79821
2 19 1 4 30.9451 54 4612 1.35724
2 20 1 4 8.75756 54 326 4.79586
2 20 3 6 0.624741 54 2 67.2279
2 22 1 4 17.8608 54 1749 2.35152
2 23 1 4 28.5242 54 3446 1.47243
2 24 1 4 60.0005 54 1207 0.699995
2 24 3 6 8.17108 54 7 5.14008
2 25 3 6 3.11315 54 1 13.4912
2 26 1 4 34.0089 54 3571 1.23497
2 27 1 4 44.2744 54 5790 0.948629
2 27 3 6 1.66675 54 6 25.1987
2 28 1 4 20.5062 54 1494 2.04816
2 29 2 6 16.4956 54 5 2.54613
2 30 1 4 31.3277 54 1000 1.34067
2 31 1 4 43.3573 54 2944 0.968695
2 32 1 4 14.1525 54 580 2.96768
2 34 1 4 12.9712 54 2396 3.23793
2 35 1 4 37.7266 54 4728 1.11327
2 36 1 4 19.1981 54 948 2.18772
2 38 1 4 52.1713 54 2378 0.805041
2 39 1 4 49.5949 54 4288 0.846861
2 40 1 4 32.4659 54 1850 1.29367
2 42 1 4 22.1393 54 2909 1.89708
2 43 1 4 32.3521 54 12716 1.29822
2 44 1 4 23.0937 54 1285 1.81868
2 46 1 4 20.0841 54 8558 2.0912
2 47 1 4 29.7866 54 13450 1.41003
2 48 1 4 37.6597 54 2416 1.11525
2 50 1 4 44.5443 54 7592 0.942882
2 51 1 4 36.754 54 20669 1.14273
2 52 1 4 18.4598 54 2348 2.27522
2 52 3 6 9.07967 54 11 4.62572
2 54 1 4 33.4534 54 4523 1.25548
2 55 1 4 25.2676 54 11310 1.66221
2 56 1 4 23.1584 54 1729 1.81359
2 56 3 6 35.8533 54 21 1.17144
2 58 1 4 26.4967 54 5222 1.5851
2 59 1 4 43.8566 54 10215 0.957666
2 60 1 4 17.5071 54 2244 2.39902
2 60 3 6 2.6248 54 2 16.0012
2 62 1 4 26.9405 54 6600 1.55899
2 63 1 4 21.3636 54 9644 1.96596
2 63 3 6 4.56948 54 4 9.19143
2 64 1 4 24.2232 54 2075 1.73387
2 66 1 4 30.0179 54 2300 1.39916
2 67 1 4 25.5243 54 7980 1.64549
2 67 3 6 1.90901 54 2 22.0009
2 68 1 4 23.2343 54 962 1.80767
2 68 3 6 0.000137071 54 22 306409
2 70 1 4 26.5446 54 3297 1.58224
2 71 1 4 55.9203 54 8678 0.751069
2 72 1 4 17.4871 54 3388 2.40177
2 74 1 4 61.0102 54 5464 0.68841
2 75 1 4 38.5326 54 5910 1.08998
2 76 1 4 40.7408 54 1646 1.03091
2 78 1 4 20.563 54 7811 2.04251
2 79 1 4 32.8947 54 14481 1.2768
2 79 3 6 12.729 54 7 3.29955
2 80 1 4 17.4769 54 3615 2.40317
2 80 3 6 2.49246 54 7 16.8508
2 82 1 4 26.1997 54 5030 1.60307
2 83 1 4 31.5529 54 20094 1.3311
2 83 2 5 45.8485 54 974 0.916061
2 84 1 4 27.3288 54 5041 1.53684
2 84 3 6 21.0295 54 18 1.9972
2 86 1 4 37.3342 54 9675 1.12497
2 86 2 5 22.0131 54 118 1.90795
2 87 1 4 35.0823 54 15213 1.19719
2 87 2 5 25.4359 54 1107 1.65121
2 88 1 4 18.0596 54 3968 2.32563
2 88 3 6 24.299 54 27 1.72847
2 90 1 4 44.4111 54 8618 0.94571
2 90 2 5 38.4549 54 239 1.09219
2 91 1 4 38.3932 54 13488 1.09394
2 91 2 5 73.2429 54 1047 0.573435
2 92 1 4 81.772 54 6403 0.513623
2 92 2 5 21.9313 54 120 1.91507
2 94 1 4 66.2734 54 8642 0.633738
2 95 1 4 48.8264 54 30146 0.86019
2 96 1 4 18.1378 54 6166 2.3156
2 96 3 6 9.97759 54 3 4.20943
2 98 1 4 30.3661 54 1864 1.38312
2 99 1 4 47.9278 54 32928 0.876317
2 99 3 6 0.845156 54 2 49.695
2 100 1 4 66.4327 54 4554 0.632219
2 100 3 6 17.8768 54 5 2.34941
2 102 1 4 55.6809 54 7520 0.754299
2 103 1 4 48.4391 54 29963 0.867069
2 103 3 6 34.7824 54 25 1.20751
2 104 1 4 21.4803 54 13466 1.95528
2 104 3 6 35.942 54 60 1.16855
2 106 1 4 71.2989 54 10129 0.58907
2 107 1 4 58.7929 54 28715 0.714372
2 107 3 6 11.3814 54 8 3.69025
2 108 1 4 154.127 54 10069 0.272502
2 108 3 6 0.0923403 54 5 454.839
2 110 1 4 41.4559 54 6215 1.01312
2 110 3 6 1.58629 54 1 26.4769
2 111 1 4 116.46 54 25165 0.36064
2 111 3 6 0.0953522 54 2 440.472
2 112 1 4 109.357 54 4621 0.384065
2 112 3 6 11.0144 54 6 3.81319
2 114 1 4 51.5594 54 17686 0.814594
2 114 2 5 41.8732 54 2112 1.00303
2 115 1 4 68.3982 54 15945 0.614051
2 115 3 6 4.91756 54 2 8.54082
2 116 1 4 19.6309 54 7007 2.13949
2 116 3 6 3.02261 54 1 13.8953
2 118 1 4 130.842 54 19854 0.320998
2 118 2 5 143.616 54 2679 0.292447
2 119 1 4 58.7234 54 41459 0.715217
2 119 2 5 64.8827 54 5527 0.647322
2 119 3 6 25.8565 54 24 1.62435
2 120 1 4 24.2173 54 17917 1.7343
2 120 2 5 60.4935 54 105 0.69429
2 120 3 6 26.1629 54 41 1.60533
2 122 1 4 81.0092 54 15179 0.518459
2 122 2 5 39.3204 54 2582 1.06815
2 123 1 4 119.116 54 52821 0.352599
2 123 2 5 45.8864 54 6051 0.915305
2 123 3 6 2.19759 54 1 19.1118
2 124 1 4 64.2548 54 11162 0.653648
2 124 3 6 1.34239 54 1 31.2876
2 126 1 4 73.0338 54 21947 0.575076
2 126 2 5 61.7069 54 2165 0.680637
2 127 1 4 53.9331 54 44291 0.778743
2 127 2 5 72.654 54 7199 0.578083
2 128 1 4 27.3217 54 23050 1.53724
2 128 2 5 29.162 54 421 1.44023
2 130 1 4 75.8956 54 7949 0.553392
2 130 2 5 36.9966 54 742 1.13524
2 131 1 4 111.627 54 35127 0.376252
2 131 2 5 96.5138 54 812 0.435171
2 131 3 6 6.51643 54 11 6.44525
2 132 1 4 53.9179 54 20085 0.778962
2 132 3 6 11.7564 54 7 3.57253
2 134 1 4 95.4154 54 12097 0.44018
2 134 2 5 81.3273 54 3287 0.516432
2 135 1 4 73.751 54 42867 0.569484
2 135 2 5 54.9064 54 5968 0.764938
2 136 1 4 27.4914 54 28832 1.52775
2 136 2 5 36.2818 54 224 1.15761
2 138 1 4 80.0751 54 1117 0.524508
2 138 2 5 70.8919 54 5721 0.592451
2 139 1 4 96.8102 54 35555 0.433838
2 139 2 5 76.2246 54 7736 0.551003
2 139 3 6 3.15821 54 3 13.2987
2 140 1 4 22.2406 54 13854 1.88844
2 140 3 6 12.8944 54 12 3.25722
2 142 1 4 86.3006 54 3483 0.486671
2 142 2 5 27.6587 54 1783 1.51851
2 143 1 4 131.45 54 30624 0.319513
2 143 2 5 38.2978 54 1533 1.09667
2 144 1 4 49.4636 54 11235 0.849109
2 146 1 4 53.3758 54 3611 0.786873
2 146 2 5 31.6023 54 9855 1.32902
2 147 1 4 56.8746 54 31822 0.738467
2 147 2 5 41.1332 54 5176 1.02107
2 148 1 4 34.9772 54 11552 1.20078
2 150 1 4 88.7959 54 1384 0.472995
2 150 2 5 35.7848 54 1940 1.17368
2 151 1 4 33.4204 54 28929 1.25672
2 151 2 5 95.0537 54 2378 0.441855
2 152 1 4 33.7907 54 11518 1.24295
2 154 1 4 30.9237 54 7225 1.35818
2 154 2 5 31.8683 54 101 1.31792
2 155 1 4 74.2581 54 32680 0.565595
2 155 2 5 11.7855 54 399 3.5637
2 156 1 4 39.0757 54 23992 1.07484
2 157 2 6 3.88101 54 2 10.8219
2 158 1 4 39.4007 54 781 1.06597
2 159 1 4 53.0082 54 25078 0.79233
2 159 2 5 94.7726 54 524 0.443166
2 159 3 6 17.8688 54 4 2.35047
2 160 1 4 29.5163 54 19973 1.42294
2 162 1 4 25.2093 54 712 1.66605
2 163 1 4 38.1384 54 29289 1.10125
2 163 3 6 3.54256 54 2 11.8558
2 164 1 4 40.3918 54 16654 1.03981
2 164 3 6 7.83368 54 3 5.36147
2 166 1 4 84.9063 54 3589 0.494663
2 167 1 4 53.2763 54 31787 0.788343
2 167 3 6 38.3603 54 25 1.09488
2 168 1 4 47.4021 54 11536 0.886036
2 168 3 6 7.93835 54 2 5.29078
2 169 2 6 3.75945 54 5 11.1718
2 170 1 4 127.373 54 2375 0.329741
2 170 2 5 62.3456 54 951 0.673665
2 171 1 4 177.328 54 25077 0.236849
2 171 2 5 104.476 54 1933 0.402008
2 171 3 6 20.7509 54 17 2.02401
2 172 1 4 92.3312 54 4010 0.454884
2 172 3 6 51.6969 54 57 0.812429
2 173 2 6 6.95151 54 2 6.04185
2 174 1 4 21.1983 54 9212 1.9813
2 174 2 5 13.6574 54 105 3.07526
2 174 3 6 2.53184 54 4 16.5887
2 175 1 4 105.679 54 27674 0.397429
2 175 3 6 25.1807 54 62 1.66795
2 176 1 4 123.385 54 4015 0.340397
2 176 3 6 0.00610639 54 172 6878.04
2 177 2 6 31.9616 54 18 1.31408
2 178 1 4 50.3702 54 7007 0.833827
2 179 1 4 124.287 54 30797 0.337927
2 179 3 6 17.9954 54 34 2.33393
2 180 1 4 49.6835 54 11795 0.845352
2 180 3 6 45.1423 54 108 0.930392
2 182 1 4 82.4697 54 3167 0.509278
2 182 3 6 0.478005 54 1 87.8651
2 183 1 4 85.0548 54 30403 0.493799
2 183 3 6 13.177 54 11 3.18737
2 184 1 4 15.2578 54 5468 2.75269
2 184 3 6 5.65198 54 76 7.43103
2 186 1 4 76.5409 54 6616 0.548726
2 187 1 4 53.0419 54 33982 0.791826
2 187 3 6 14.9048 54 8 2.81788
2 188 1 4 24.0216 54 10140 1.74843
2 188 3 6 20.0121 54 12 2.09873
3 1 1 7 32.9205 54 4462 1.2758
3 2 1 7 103.984 54 12381 0.403908
3 3 1 7 111.303 54 7817 0.377349
3 4 1 7 27.6494 54 2502 1.51902
3 4 2 9 3.59694 54 2 11.6766
3 5 1 7 30.7502 54 1239 1.36584
3 6 1 7 63.3206 54 3891 0.663291
3 7 1 7 81.9656 54 4667 0.51241
3 7 2 9 8.16212 54 9 5.14572
3 8 1 7 33.7575 54 1744 1.24417
3 8 3 9 12.8182 54 4 3.2766
3 9 1 7 44.6948 54 1802 0.939706
3 9 2 9 5.37828 54 7 7.80919
3 10 1 7 67.3475 54 4405 0.623631
3 10 3 9 4.02747 54 5 10.4284
3 11 1 7 48.9221 54 2573 0.858508
3 12 1 7 11.314 54 6734 3.71223
3 12 2 9 10.5692 54 72 3.9738
3 13 1 7 23.5945 54 1308 1.78008
3 14 1 7 52.2639 54 3073 0.803613
3 15 1 7 39.9654 54 930 1.05091
3 16 1 7 23.0968 54 1072 1.81844
3 17 1 7 31.049 54 944 1.3527
3 18 1 7 42.1352 54 1000 0.996791
3 19 1 7 16.6823 54 514 2.51764
3 20 1 7 10.1822 54 67 4.12484
3 20 3 9 9.9574 54 4 4.21797
3 21 1 7 22.73 54 66 1.84778
3 22 1 7 24.6339 54 548 1.70497
3 23 1 7 17.0574 54 110 2.46228
3 24 1 7 29.6223 54 150 1.41785
3 25 1 7 2.3242 54 10 18.0707
3 26 1 7 13.4201 54 263 3.12964
3 27 1 7 15.7421 54 53 2.66801
3 27 2 9 0.357982 54 1 117.324
3 28 1 7 10.7562 54 255 3.90472
3 28 2 9 1.59782 54 5 26.2858
3 29 1 7 21.4278 54 3576 1.96007
3 30 1 7 54.6291 54 2229 0.76882
3 31 1 7 40.7647 54 1069 1.0303
3 32 1 7 28.6553 54 111 1.4657
3 33 1 7 48.8845 54 411 0.859167
3 34 1 7 22.1806 54 100 1.89355
3 35 1 7 7.29242 54 5 5.7594
3 36 1 7 14.6491 54 113 2.86706
3 37 1 7 26.4434 54 272 1.5883
3 38 1 7 29.7905 54 888 1.40984
3 39 1 7 23.3324 54 145 1.80007
3 40 1 7 26.8085 54 160 1.56667
3 41 1 7 40.6033 54 183 1.0344
3 42 1 7 17.627 54 562 2.38271
3 43 1 7 48.5462 54 35 0.865154
3 44 1 7 29.2177 54 331 1.43748
3 45 1 7 31.2309 54 405 1.34482
3 46 1 7 20.5773 54 600 2.04108
3 47 1 7 24.672 54 70 1.70234
3 48 1 7 23.7023 54 191 1.77198
3 48 3 9 0.30837 54 1 136.2
3 49 1 7 49.1903 54 497 0.853827
3 50 1 7 21.6447 54 132 1.94043
3 50 3 9 0.538786 54 3 77.953
3 51 1 7 11.8817 54 5 3.53486
3 52 1 7 29.6986 54 132 1.41421
3 53 1 7 30.4446 54 205 1.37955
3 54 1 7 40.7531 54 1094 1.0306
3 54 3 9 8.03841 54 2 5.22491
3 55 1 7 26.3481 54 275 1.59404
3 55 3 9 3.17167 54 1 13.2422
3 56 1 7 8.54535 54 100 4.91495
3 57 1 7 12.3995 54 188 3.38723
3 58 1 7 81.6569 54 407 0.514347
3 60 1 7 93.716 54 225 0.448162
3 61 1 7 31.4425 54 518 1.33577
3 62 1 7 7.27637 54 128 5.77211
3 63 1 7 17.2924 54 48 2.42881
3 64 1 7 45.2399 54 150 0.928383
3 65 1 7 29.609 54 223 1.41849
3 66 1 7 36.6041 54 659 1.14741
3 67 1 7 10.1438 54 86 4.14045
3 68 1 7 26.9749 54 154 1.557
3 69 1 7 19.2269 54 738 2.18444
3 70 1 7 54.9583 54 1502 0.764216
3 71 1 7 12.1711 54 25 3.4508
3 71 3 9 2.7283 54 2 15.3942
3 72 1 7 52.9462 54 364 0.793258
3 72 3 9 10.0231 54 6 4.19033
3 73 1 7 66.8715 54 293 0.62807
3 74 1 7 71.8677 54 422 0.584407
3 74 3 9 12.836 54 4 3.27205
3 75 1 7 41.4108 54 435 1.01423
3 76 1 7 11.7035 54 160 3.58866
3 77 1 7 13.6662 54 139 3.07327
3 78 1 7 28.7859 54 192 1.45905
3 78 2 8 23.5281 54 72 1.7851
3 78 3 9 2.40703 54 2 17.4489
3 79 1 7 23.3602 54 15 1.79793
3 79 3 9 3.15178 54 1 13.3258
3 80 1 7 52.707 54 298 0.796857
3 80 3 9 4.45099 54 1 9.43611
3 81 1 7 12.7525 54 92 3.29347
3 81 3 9 22.758 54 4 1.84551
3 82 1 7 50.7709 54 898 0.827246
3 82 3 9 19.674 54 11 2.1348
3 83 1 7 9.06032 54 5 4.6356
3 83 3 9 0.875552 54 3 47.9697
3 84 1 7 65.6924 54 175 0.639343
3 84 3 9 2.88487 54 1 14.5587
3 85 1 7 74.751 54 428 0.561866
3 86 1 7 72.6838 54 720 0.577846
3 86 3 9 28.4043 54 10 1.47865
3 87 1 7 8.6528 54 7 4.85392
3 87 3 9 3.72309 54 1 11.281
3 88 1 7 43.2029 54 90 0.972156
3 88 3 9 15.6409 54 7 2.68527
3 89 1 7 29.9512 54 659 1.40228
3 90 1 7 32.0013 54 1182 1.31245
3 91 1 7 28.6095 54 25 1.46805
3 92 1 7 95.1173 54 304 0.44156
3 92 3 9 11.5417 54 5 3.63898
3 93 1 7 14.5251 54 829 2.89155
3 93 3 9 3.08086 54 1 13.6326
3 94 1 7 34.1242 54 948 1.2308
3 94 2 8 18.2209 54 240 2.30504
3 95 1 7 12.6961 54 15 3.3081
3 95 3 9 0.562787 54 1 74.6286
3 96 1 7 31.6796 54 212 1.32578
3 96 3 9 2.2003 54 1 19.0883
3 97 1 7 37.4068 54 584 1.12279
3 98 1 7 13.9631 54 280 3.00793
3 98 2 8 20.417 54 145 2.05711
3 98 3 9 12.3476 54 4 3.40146
3 99 2 8 75.8409 54 1868 0.553791
3 99 3 9 12.8582 54 10 3.26639
3 100 1 7 50.7203 54 97 0.828071
3 100 2 8 25.7073 54 3345 1.63378
3 100 3 9 6.38622 54 10 6.57666
3 101 1 7 52.7023 54 413 0.796929
3 102 1 7 16.7089 54 103 2.51364
3 103 1 7 9.47458 54 57 4.43292
3 103 3 9 9.25867 54 2 4.53629
3 104 1 7 21.8258 54 41 1.92433
3 104 3 9 7.68151 54 10 5.46767
3 105 1 7 14.758 54 30 2.84591
3 106 1 7 14.6193 54 181 2.87292
3 108 1 7 14.0534 54 60 2.98859
3 109 1 7 42.3562 54 56 0.99159
3 110 1 7 5.31089 54 9 7.90828
3 112 1 7 16.4548 54 99 2.55245
3 113 1 7 9.06186 54 99 4.63481
3 114 1 7 51.6411 54 202 0.813305
3 116 1 7 29.0411 54 48 1.44622
3 116 3 9 4.08211 54 1 10.2888
3 118 1 7 95.7032 54 5977 0.438857
3 119 1 7 11.1277 54 15 3.77438
3 120 1 7 8.64716 54 6 4.85708
3 121 1 7 27.8522 54 4625 1.50796
3 121 3 9 0.0636449 54 1 659.911
3 122 1 7 48.0281 54 4949 0.874487
3 124 1 7 20.9907 54 627 2.00089
3 124 3 9 5.11617e-07 54 4 8.20926e+07
3 125 1 7 33.3207 54 1285 1.26048
3 125 3 9 0.0485026 54 3 865.933
3 126 1 7 56.4555 54 1296 0.743949
3 126 2 8 91.3946 54 780 0.459546
3 128 1 7 52.3573 54 378 0.802181
3 128 3 9 6.81537 54 3 6.16254
3 129 1 7 32.7833 54 3022 1.28114
3 130 1 7 11.5476 54 393 3.63711
3 131 2 8 3.42497 54 282 12.2629
3 132 1 7 21.7176 54 414 1.93391
3 133 1 7 96.8992 54 3098 0.43344
3 134 1 7 16.7246 54 525 2.51127
3 135 1 7 8.17715 54 361 5.13626
3 136 1 7 10.4592 54 313 4.01559
3 137 1 7 35.3441 54 1603 1.18832
3 137 3 9 15.1821 54 20 2.76641
3 138 1 7 123.137 54 1447 0.341083
3 138 3 9 11.0352 54 4 3.80602
3 139 1 7 26.2815 54 76 1.59808
3 140 1 7 17.7928 54 175 2.3605
3 140 2 8 3.55509 54 139 11.8141
3 140 3 9 14.3402 54 7 2.92883
3 141 1 7 77.4028 54 640 0.542616
3 142 1 7 69.9145 54 272 0.600734
3 143 1 7 12.4532 54 282 3.37264
3 144 1 7 17.4775 54 547 2.40309
3 145 1 7 89.2654 54 2342 0.470507
3 146 1 7 109.578 54 630 0.38329
3 147 1 7 15.9531 54 50 2.63272
3 148 1 7 23.6364 54 948 1.77692
3 149 1 7 54.0207 54 7373 0.77748
3 150 1 7 70.0539 54 5092 0.599538
3 151 1 7 51.2311 54 1842 0.819814
3 152 1 7 33.3224 54 166 1.26041
3 153 1 7 44.8229 54 7284 0.937022
3 154 1 7 36.2532 54 2667 1.15852
3 155 1 7 23.5341 54 682 1.78465
3 156 1 7 5.04551 54 243 8.32423
3 157 1 7 54.4263 54 14501 0.771686
3 157 3 9 7.95934 54 7 5.27682
3 158 1 7 17.5793 54 6628 2.38917
3 158 2 8 9.72193 54 8 4.32013
3 159 1 7 12.9711 54 1061 3.23796
3 160 3 9 11.9359 54 53 3.51879
3 161 1 7 32.7672 54 10178 1.28177
3 162 1 7 38.079 54 2135 1.10297
3 162 2 8 12.4807 54 17 3.36519
3 163 1 7 15.2351 54 966 2.75678
3 164 1 7 29.8214 54 1132 1.40838
3 164 2 8 2.98917 54 28 14.0507
3 165 1 7 6.46339 54 10834 6.49814
3 166 1 7 101.063 54 2765 0.415583
3 166 2 8 25.6904 54 35 1.63485
3 166 3 9 15.913 54 4 2.63935
3 168 1 7 23.3413 54 502 1.79939
3 169 1 7 11.6004 54 4864 3.62055
3 169 2 8 28.8076 54 58 1.45795
3 169 3 9 21.0057 54 10 1.99945
3 170 1 7 43.5901 54 5051 0.963521
3 170 2 8 15.4699 54 245 2.71495
3 171 3 9 39.7997 54 28 1.05528
3 172 1 7 36.4523 54 620 1.15219
3 172 3 9 21.9596 54 15 1.9126
3 173 1 7 9.76858 54 9440 4.2995
3 173 3 9 20.8865 54 123 2.01087
3 174 1 7 39.8446 54 3587 1.05409
3 174 2 8 9.04656 54 199 4.64265
3 174 3 9 12.8376 54 144 3.27164
3 175 3 9 6.12626 54 7 6.85574
3 176 1 7 7.86187 54 610 5.34224
3 176 3 9 1.7108 54 1 24.5499
3 177 1 7 20.1503 54 5029 2.08433
3 177 3 9 37.9717 54 63 1.10609
3 178 1 7 52.6988 54 711 0.796983
3 178 2 8 14.9432 54 169 2.81064
3 179 2 8 2.04705 54 104 20.5173
3 179 3 9 11.7302 54 9 3.5805
3 180 1 7 18.767 54 473 2.23797
3 180 3 9 47.8826 54 37 0.877146
3 181 1 7 25.6185 54 2341 1.63944
3 181 2 8 30.0877 54 38 1.39592
3 181 3 9 22.6089 54 54 1.85768
3 182 1 7 14.7495 54 1273 2.84756
3 182 2 8 15.1498 54 97 2.77231
3 182 3 9 18.6689 54 9 2.24973
3 183 2 8 5.74448 54 40 7.31137
3 183 3 9 1.63273 54 7 25.7237
3 184 1 7 20.0574 54 914 2.09399
3 184 2 8 32.1167 54 20 1.30773
3 185 3 9 15.0472 54 8 2.79123
3 186 2 8 13.184 54 30 3.18567
3 187 3 9 4.04337 54 2 10.3874
3 188 3 9 16.3606 54 6 2.56714
4 1 1 22 24.0018 54 579 1.74987
4 1 2 23 97.447 54 195 0.431003
4 2 1 22 20.7299 54 540 2.02606
4 2 2 23 39.338 54 145 1.06767
4 3 1 22 14.5385 54 514 2.88889
4 3 2 23 64.662 54 56 0.649532
4 4 2 23 41.8594 54 83 1.00336
4 5 2 23 169.896 54 267 0.24721
4 6 2 23 48.4144 54 283 0.867511
4 7 1 22 61.3642 54 3002 0.684438
4 7 2 23 12.103 54 90 3.47023
4 8 1 22 1.90743 54 234 22.0192
4 8 2 23 158.182 54 936 0.265518
4 9 2 23 51.0209 54 433 0.823193
4 10 1 22 4.74011 54 68 8.86055
4 10 2 23 71.9569 54 253 0.583682
4 11 1 22 31.7588 54 618 1.32247
4 11 2 23 2.47129e-05 54 73 1.69952e+06
4 12 2 23 16.7387 54 370 2.50915
4 13 2 23 97.9913 54 410 0.428609
4 14 1 22 17.8122 54 81 2.35794
4 14 2 23 19.5689 54 271 2.14626
4 15 1 22 62.1216 54 728 0.676093
4 15 2 23 33.4497 54 165 1.25562
4 16 2 23 93.0065 54 463 0.451582
4 17 1 22 17.0055 54 40 2.46979
4 17 2 23 108.761 54 637 0.386169
4 18 2 23 115.658 54 920 0.363139
4 19 1 22 46.4086 54 172 0.905005
4 19 2 23 49.2313 54 54 0.853116
4 20 2 23 51.7225 54 20 0.812026
4 21 2 23 65.2688 54 44 0.643493
4 22 1 22 24.9687 54 20 1.68211
4 22 2 23 96.1085 54 365 0.437006
4 23 1 22 11.9545 54 29 3.51333
4 23 2 23 13.3111 54 29 3.15526
4 24 2 23 36.0483 54 65 1.1651
4 25 2 23 77.8062 54 416 0.539803
4 26 1 22 49.0601 54 1785 0.856094
4 26 2 23 144.01 54 870 0.291646
4 27 1 22 15.2632 54 29 2.75172
4 27 2 23 32.38 54 227 1.2971
4 28 1 22 5.67469 54 15 7.40129
4 28 2 23 38.0492 54 31 1.10383
4 29 1 22 14.601 54 338 2.87651
4 29 2 23 13.4693 54 105 3.1182
4 30 1 22 42.7833 54 1011 0.981692
4 30 2 23 93.5297 54 520 0.449055
4 31 2 23 38.9293 54 44 1.07888
4 32 1 22 7.41892 54 230 5.6612
4 32 2 23 63.6431 54 130 0.65993
4 33 2 23 156.891 54 325 0.267702
4 34 2 23 154.822 54 236 0.27128
4 35 2 23 28.6254 54 30 1.46723
4 36 2 23 22.1462 54 90 1.89649
4 37 1 22 15.9871 54 5 2.62711
4 37 2 23 17.2882 54 355 2.4294
4 38 2 23 113.764 54 440 0.369185
4 39 1 22 44.4813 54 70 0.944217
4 39 2 23 32.8893 54 145 1.27701
4 40 2 23 25.7014 54 113 1.63415
4 41 1 22 19.7081 54 45 2.1311
4 41 2 23 68.9661 54 320 0.608995
4 42 1 22 5.40244 54 6 7.77426
4 42 2 23 41.0708 54 165 1.02262
4 43 1 22 31.236 54 54 1.3446
4 43 2 23 20.7733 54 5 2.02182
4 44 2 23 18.026 54 27 2.32996
4 45 1 22 30.3315 54 221 1.3847
4 45 2 23 101.263 54 90 0.414763
4 46 1 22 3.56366 54 94 11.7856
4 46 2 23 40.808 54 227 1.02921
4 47 1 22 6.289 54 16 6.67833
4 47 2 23 34.3135 54 114 1.22401
4 48 2 23 62.599 54 87 0.670938
4 49 1 22 45.1623 54 343 0.929979
4 49 2 23 44.0284 54 113 0.953931
4 50 1 22 35.6218 54 148 1.17905
4 50 2 23 10.305 54 222 4.0757
4 51 2 23 55.0711 54 81 0.76265
4 52 1 22 4.80209 54 25 8.74619
4 52 2 23 33.539 54 52 1.25227
4 53 1 22 8.76181 54 96 4.79353
4 53 2 23 53.3848 54 67 0.78674
4 54 1 22 36.538 54 1023 1.14949
4 54 2 23 0.00150712 54 288 27867.8
4 55 1 22 15.3036 54 631 2.74445
4 55 2 23 38.1611 54 76 1.1006
4 56 1 22 75.7174 54 203 0.554694
4 56 2 23 90.5255 54 50 0.463958
4 57 1 22 9.18801 54 35 4.57118
4 57 2 23 45.8014 54 448 0.917002
4 58 2 23 87.1301 54 358 0.482038
4 59 1 22 6.54236 54 13 6.41971
4 59 2 23 97.2281 54 132 0.431974
4 60 1 22 5.08944 54 11 8.25239
4 60 2 23 14.8942 54 15 2.8199
4 61 1 22 74.1822 54 108 0.566174
4 61 2 23 58.1227 54 18 0.72261
4 62 1 22 4.72373 54 25 8.89127
4 62 2 23 49.3259 54 95 0.85148
4 63 1 22 34.0539 54 70 1.23334
4 63 2 23 21.3908 54 21 1.96346
4 64 2 23 12.368 54 34 3.39587
4 65 1 22 10.6881 54 115 3.9296
4 65 2 23 111.669 54 44 0.376112
4 66 1 22 21.4011 54 57 1.96251
4 66 2 23 58.533 54 580 0.717544
4 67 2 23 57.4263 54 52 0.731372
4 68 1 22 1.72764 54 9 24.3106
4 68 2 23 46.3233 54 85 0.906671
4 69 1 22 13.1538 54 47 3.193
4 69 2 23 53.7208 54 252 0.78182
4 70 1 22 20.9566 54 102 2.00414
4 70 2 23 37.454 54 388 1.12138
4 71 2 23 24.6993 54 31 1.70045
4 72 1 22 7.18738 54 79 5.84358
4 72 2 23 31.2129 54 69 1.3456
4 73 1 22 0.733841 54 24 57.2331
4 73 2 23 46.7864 54 27 0.897697
4 74 1 22 30.8712 54 248 1.36049
4 74 2 23 15.9168 54 33 2.63871
4 75 1 22 4.19181 54 75 10.0195
4 75 2 23 4.5437 54 11 9.24357
4 76 1 22 13.1564 54 23 3.19235
4 76 2 23 62.8882 54 111 0.667852
4 77 1 22 14.9999 54 104 2.80002
4 77 2 23 230.33 54 765 0.182347
4 78 1 22 75.5675 54 83 0.555795
4 78 2 23 36.4975 54 346 1.15076
4 79 2 23 41.7244 54 36 1.00661
4 80 1 22 58.2917 54 70 0.720514
4 80 2 23 46.194 54 43 0.909209
4 81 2 23 0.000266084 54 159 157845
4 82 1 22 22.3348 54 1034 1.88047
4 82 2 23 64.8149 54 161 0.647999
4 83 2 23 0.452634 54 31 92.7901
4 84 1 22 14.3001 54 25 2.93704
4 84 2 23 78.1943 54 123 0.537123
4 85 1 22 6.37499 54 20 6.58824
4 85 2 23 61.1587 54 2165 0.686738
4 86 1 22 14.3847 54 68 2.91978
4 86 2 23 58.5442 54 272 0.717406
4 87 2 23 0.425522 54 17 98.7023
4 88 1 22 24.0377 54 171 1.74725
4 88 2 23 92.5636 54 72 0.453742
4 89 1 22 37.0626 54 110 1.13322
4 89 2 23 184.256 54 437 0.227944
4 90 1 22 20.8819 54 120 2.01131
4 90 2 23 49.4206 54 175 0.849849
4 91 2 23 30.0073 54 18 1.39966
4 92 1 22 16.2903 54 45 2.57822
4 92 2 23 81.662 54 810 0.514315
4 93 1 22 5.72968 54 6 7.33025
4 93 2 23 69.4356 54 3510 0.604877
4 94 1 22 84.4009 54 215 0.497625
4 94 2 23 22.2021 54 125 1.89171
4 95 2 23 15.1336 54 12 2.77528
4 96 1 22 32.7828 54 218 1.28116
4 96 2 23 1.74081e-05 54 32 2.41267e+06
4 97 1 22 21.6862 54 25 1.93672
4 97 2 23 52.1316 54 178 0.805653
4 98 1 22 12.511 54 145 3.35706
4 98 2 23 26.7232 54 176 1.57167
4 99 2 23 22.5086 54 8 1.86595
4 100 1 22 22.8989 54 229 1.83415
4 100 2 23 45.3469 54 44 0.926193
4 101 1 22 3.84474 54 47 10.924
4 101 2 23 95.2742 54 295 0.440833
4 102 1 22 27.4577 54 45 1.52963
4 102 2 23 67.1233 54 233 0.625714
4 103 2 23 23.1614 54 19 1.81336
4 104 1 22 55.3989 54 275 0.758138
4 104 2 23 65.7328 54 40 0.638951
4 105 1 22 25.0819 54 1018 1.67451
4 105 2 23 83.6788 54 103 0.50192
4 106 1 22 8.95211 54 14 4.69163
4 106 2 23 41.7436 54 204 1.00614
4 107 2 23 14.5628 54 4 2.88406
4 108 1 22 15.113 54 491 2.77906
4 108 2 23 53.2951 54 29 0.788064
4 109 1 22 66.0922 54 6476 0.635476
4 109 2 23 94.5148 54 378 0.444375
4 110 1 22 5.91054 54 105 7.10594
4 110 2 23 27.4229 54 400 1.53157
4 111 1 23 4.63088 54 1 9.06955
4 112 1 22 20.1762 54 277 2.08166
4 112 2 23 16.5866 54 18 2.53217
4 113 1 22 26.0733 54 3674 1.61084
4 113 2 23 41.4787 54 190 1.01257
4 114 2 23 48.5704 54 73 0.864724
4 115 2 23 13.3091 54 5 3.15575
4 116 1 22 16.257 54 358 2.5835
4 116 2 23 4.60935e-05 54 56 911192
4 117 2 23 230.842 54 1052 0.181943
4 118 1 22 25.5027 54 3470 1.64688
4 118 2 23 68.6376 54 560 0.61191
4 119 2 23 3.93092 54 2 10.6845
4 120 1 22 24.0666 54 1194 1.74516
4 120 2 23 89.3973 54 58 0.469813
4 121 1 22 23.0218 54 1283 1.82436
4 121 2 23 229.987 54 146 0.182619
4 122 1 22 15.3361 54 3907 2.73864
4 122 2 23 30.0396 54 33 1.39815
4 123 2 23 0.519532 54 17 80.8419
4 124 1 22 41.551 54 415 1.0108
4 124 2 23 64.7405 54 113 0.648744
4 125 1 22 70.7414 54 1400 0.593711
4 125 2 23 122.447 54 3577 0.343007
4 126 1 22 31.7901 54 2466 1.32117
4 126 2 23 36.3934 54 67 1.15405
4 127 1 23 2.81492 54 14 14.9205
4 128 1 22 9.15054 54 234 4.58989
4 128 2 23 39.697 54 36 1.05801
4 129 1 22 15.521 54 176 2.70601
4 129 2 23 0.986816 54 27 42.5611
4 130 1 22 17.8363 54 104 2.35475
4 130 2 23 73.5208 54 257 0.571267
4 131 2 23 9.93026 54 9 4.2295
4 132 1 22 5.07405 54 250 8.27741
4 132 2 23 58.0475 54 44 0.723545
4 133 2 23 84.7476 54 436 0.495589
4 134 1 22 16.9233 54 149 2.48179
4 134 2 23 2.06653 54 18 20.3239
4 136 1 22 24.4731 54 275 1.71617
4 137 2 23 75.8003 54 98 0.554087
4 138 2 23 9.22179 54 89 4.55443
4 139 2 23 1.82308e-07 54 7 2.30379e+08
4 140 1 22 9.68338 54 183 4.33733
4 140 2 23 86.7881 54 22 0.483937
4 141 1 22 32.2046 54 720 1.30416
4 142 1 22 53.4754 54 329 0.785408
4 144 1 22 79.0334 54 399 0.531421
4 145 1 22 46.6331 54 541 0.900649
4 146 1 22 8.49038 54 84 4.94677
4 148 1 22 5.17993 54 150 8.10822
4 152 1 22 8.16434 54 17 5.14432
4 153 1 22 19.5164 54 400 2.15203
4 156 1 22 29.9505 54 330 1.40231
4 157 2 23 98.086 54 187 0.428196
4 158 1 22 12.4588 54 208 3.37111
4 158 2 23 85.3959 54 22 0.491827
4 159 1 22 24.38 54 189 1.72272
4 159 2 23 6.63878 54 5 6.32647
4 160 1 22 11.1893 54 629 3.75357
4 160 2 23 31.9187 54 10 1.31584
4 161 2 23 11.8241 54 118 3.55206
4 162 2 23 13.5105 54 70 3.1087
4 163 1 22 23.1631 54 175 1.81323
4 163 2 23 17.768 54 3 2.3638
4 164 2 23 93.818 54 586 0.447675
4 165 2 23 61.0732 54 266 0.6877
4 166 2 23 26.1877 54 161 1.60381
4 167 2 23 6.86741 54 7 6.11584
4 168 2 23 3.32392 54 24 12.6357
4 169 2 23 71.8217 54 96 0.584782
4 170 2 23 103.616 54 36 0.405344
4 171 2 23 19.3476 54 41 2.17081
4 172 2 23 23.3915 54 16 1.79552
4 173 1 22 7.37365 54 1394 5.69595
4 173 2 23 108.342 54 251 0.387661
4 174 2 23 87.0717 54 89 0.482361
4 175 2 23 7.67937 54 2 5.4692
4 176 1 22 10.4585 54 50 4.01588
4 176 2 23 43.984 54 59 0.954892
4 177 1 22 12.2197 54 523 3.43707
4 177 2 23 16.3722 54 70 2.56532
4 178 1 22 31.833 54 1018 1.31939
4 178 2 23 5.72322e-05 54 134 733853
4 179 2 23 37.614 54 48 1.1166
4 180 1 22 30.5923 54 200 1.3729
4 180 2 23 1.10855 54 60 37.8875
4 181 1 22 26.0094 54 827 1.6148
4 181 2 23 50.6456 54 76 0.829292
4 182 2 23 91.4378 54 45 0.459329
4 183 2 23 218.74 54 1136 0.192009
4 184 1 22 28.7294 54 291 1.46192
4 184 2 23 0.000179137 54 190 234458
4 185 2 23 112.865 54 267 0.372127
4 186 2 23 0.000295058 54 79 142345
4 187 2 23 6.99732 54 20 6.0023
5 2 5 17 6.91764 54 7 6.07143
5 3 5 17 10.8723 54 3 3.86304
5 5 7 17 11.3665 54 5 3.69506
5 6 5 17 17.0053 54 11 2.46982
5 7 5 17 21.2848 54 34 1.97324
5 8 7 17 12.0261 54 23 3.49242
5 9 7 17 9.86349e-05 54 104 425813
5 10 5 17 11.6226 54 39 3.61364
5 11 6 17 9.86634 54 11 4.2569
5 12 7 17 15.2463 54 108 2.75477
5 13 7 17 4.36857 54 19 9.61413
5 14 7 17 1.63332 54 117 25.7145
5 15 7 17 4.02963 54 5 10.4228
5 16 7 17 21.5562 54 45 1.9484
5 17 7 17 27.7134 54 80 1.51551
5 20 7 17 8.35611 54 19 5.02626
5 21 7 17 2.27113 54 1 18.493
5 23 7 17 4.29488 54 4 9.77909
5 27 7 17 1.91677 54 11 21.9118
5 28 7 17 2.27244 54 9 18.4823
5 29 7 17 0.267009 54 1 157.298
5 33 1 10 10.3751 54 126 4.04814
5 33 3 12 24.2638 54 3957 1.73097
5 34 1 10 4.32581 54 7 9.70917
5 34 3 12 14.4649 54 3375 2.90358
5 35 1 10 2.57907 54 25 16.2849
5 35 3 12 16.9109 54 3445 2.4836
5 36 1 10 8.30671 54 175 5.05615
5 36 3 12 24.5756 54 2391 1.70901
5 37 1 10 7.71762 54 154 5.44209
5 37 3 12 19.3485 54 2556 2.17071
5 38 1 10 7.77026 54 189 5.40523
5 38 3 12 21.7176 54 3614 1.93391
5 39 1 10 11.5984 54 100 3.6212
5 39 3 12 27.9289 54 2543 1.50382
5 40 1 10 7.20706 54 95 5.82762
5 40 3 12 40.1141 54 1540 1.04701
5 41 1 10 63.4388 54 235 0.662055
5 41 3 12 40.9134 54 1312 1.02656
5 42 1 10 20.5843 54 411 2.04039
5 42 3 12 122.061 54 2347 0.344089
5 43 1 10 24.8907 54 1102 1.68737
5 43 3 12 152.422 54 1728 0.275551
5 44 1 10 47.2798 54 947 0.888329
5 44 3 12 55.1779 54 3435 0.761174
5 44 6 17 8.97816 54 3 4.67802
5 45 1 10 15.9722 54 724 2.62957
5 45 3 12 36.0715 54 2759 1.16435
5 46 1 10 22.927 54 362 1.8319
5 46 3 12 65.0214 54 3902 0.645941
5 47 1 10 22.2732 54 162 1.88567
5 47 3 12 102.558 54 2286 0.409526
5 48 1 10 30.3941 54 617 1.38185
5 48 3 12 26.6226 54 1635 1.5776
5 49 1 10 49.7013 54 1413 0.845048
5 49 3 12 58.254 54 2152 0.72098
5 50 1 10 61.4399 54 658 0.683595
5 50 3 12 91.8277 54 1459 0.457379
5 51 1 10 27.3647 54 1034 1.53483
5 51 3 12 49.0291 54 1032 0.856634
5 52 1 10 28.46 54 1493 1.47576
5 52 3 12 62.2259 54 1075 0.67496
5 53 1 10 17.6874 54 1218 2.37458
5 53 3 12 35.3993 54 1263 1.18646
5 53 4 13 33.933 54 1426 1.23773
5 54 1 10 40.4791 54 839 1.03757
5 54 2 11 29.0174 54 2040 1.44741
5 54 3 12 54.0882 54 1046 0.776509
5 54 4 13 29.1863 54 738 1.43903
5 55 1 10 40.7556 54 834 1.03053
5 55 2 11 70.5317 54 3208 0.595477
5 55 3 12 68.115 54 377 0.616604
5 55 4 13 20.126 54 2659 2.08686
5 56 1 10 39.6424 54 862 1.05947
5 56 2 11 27.4236 54 4235 1.53153
5 56 3 12 31.0042 54 515 1.35466
5 56 4 13 20.9366 54 2555 2.00606
5 57 1 10 11.278 54 4 3.72406
5 57 4 13 6.0422 54 3677 6.95111
5 58 1 10 28.3997 54 815 1.47889
5 58 3 12 15.5514 54 1890 2.70072
5 58 4 13 33.2073 54 9215 1.26478
5 59 1 10 63.9474 54 810 0.65679
5 59 3 12 26.0162 54 1561 1.61438
5 59 4 13 47.2434 54 16489 0.889014
5 60 1 10 78.0176 54 1260 0.53834
5 60 3 12 20.8723 54 2826 2.01223
5 60 4 13 31.5319 54 12907 1.33198
5 61 1 10 52.0774 54 877 0.806492
5 61 3 12 18.8152 54 5114 2.23224
5 61 4 13 22.7125 54 13467 1.8492
5 62 1 10 55.2352 54 1116 0.760384
5 62 2 11 188.914 54 3511 0.222323
5 62 3 12 61.5164 54 884 0.682745
5 62 4 13 19.8155 54 19680 2.11956
5 63 1 10 31.819 54 1310 1.31997
5 63 2 11 124.127 54 4056 0.338364
5 63 3 12 34.0542 54 651 1.23333
5 63 4 13 62.6775 54 16499 0.670097
5 64 1 10 45.9441 54 1700 0.914154
5 64 2 11 73.745 54 3816 0.56953
5 64 3 12 37.3613 54 467 1.12416
5 64 4 13 44.4255 54 21384 0.945404
5 66 6 15 8.80111 54 161 4.77213
5 67 5 14 27.8195 54 408 1.50973
5 67 6 15 10.5809 54 96 3.96944
5 70 5 14 8.14725 54 111 5.15512
5 71 6 15 23.6093 54 84 1.77896
5 73 4 13 12.8286 54 258 3.27394
5 74 4 13 8.35339 54 619 5.0279
5 75 4 13 3.44248 54 1291 12.2005
5 76 4 13 0.827298 54 1236 50.7677
5 78 5 14 81.1466 54 773 0.517582
5 78 6 15 122.999 54 1152 0.341465
5 79 4 13 10.4002 54 755 4.03839
5 80 4 13 3.15439 54 345 13.3148
5 82 3 12 5.7044 54 103 7.36274
5 85 1 10 82.5796 54 14963 0.5086
5 85 3 12 101.644 54 11961 0.413207
5 86 1 10 53.4776 54 16437 0.785375
5 86 3 12 150.674 54 9969 0.278748
5 87 1 10 63.0619 54 16367 0.666012
5 87 3 12 53.6775 54 10233 0.782451
5 88 1 10 98.0399 54 13579 0.428397
5 88 3 12 272.931 54 7450 0.153885
5 89 1 10 48.3325 54 16615 0.86898
5 89 3 12 64.9406 54 9794 0.646745
5 90 1 10 104.342 54 16805 0.402522
5 90 3 12 64.4726 54 8121 0.651439
5 91 1 10 133.482 54 13262 0.314648
5 91 3 12 113.225 54 7580 0.370944
5 92 1 10 47.3456 54 10947 0.887095
5 92 3 12 82.06 54 7253 0.511821
5 94 5 14 10.9136 54 46.9155 3.84842
5 99 5 14 91.1554 54 905.681 0.460752
5 99 6 15 63.8217 54 500.874 0.658083
5 100 5 14 17.4856 54 441.75 2.40197
5 101 1 10 22.4728 54 1341 1.86893
5 101 3 12 55.0969 54 3829 0.762294
5 101 5 14 14.8694 54 61.4007 2.8246
5 101 6 15 37.4245 54 40.0001 1.12226
5 102 1 10 35.7994 54 1792 1.1732
5 102 3 12 115.117 54 4948 0.364845
5 103 1 10 11.9157 54 2598 3.52477
5 103 3 12 94.8327 54 4751 0.442885
5 104 1 10 15.1584 54 759 2.77075
5 104 3 12 41.035 54 664 1.02352
5 105 1 10 4.86043 54 219 8.6412
5 105 3 12 41.6525 54 1266 1.00834
5 106 1 10 46.9093 54 982 0.895345
5 106 3 12 112.581 54 3552 0.373065
5 107 1 10 29.3418 54 2359 1.43141
5 107 3 12 130.679 54 6106 0.321399
5 108 1 10 19.5428 54 39 2.14912
5 108 3 12 29.3327 54 2329 1.43185
5 109 1 10 80.4943 54 532 0.521776
5 109 3 12 56.049 54 3491 0.749344
5 109 5 14 4.83045 54 87.9746 8.69484
5 109 6 15 14.6555 54 180 2.86582
5 110 1 10 52.5423 54 132 0.799355
5 110 3 12 37.2827 54 3037 1.12653
5 110 6 15 25.1729 54 336.926 1.66846
5 110 7 17 6.39177e-08 54 1 6.57095e+08
5 111 1 10 23.3682 54 53 1.79732
5 111 3 12 41.2512 54 137 1.01815
5 112 1 10 0.274021 54 64 153.273
5 112 3 12 2.57056 54 128 16.3388
5 113 1 10 39.8272 54 674 1.05455
5 113 3 12 91.7673 54 2935 0.457679
5 114 1 10 22.0177 54 574 1.90755
5 114 3 12 151.443 54 3780 0.277332
5 114 5 14 17.119 54 34 2.45341
5 115 1 10 29.1069 54 858 1.44296
5 115 3 12 42.2992 54 4460 0.992927
5 116 1 10 35.0931 54 468 1.19682
5 116 3 12 69.56 54 3401 0.603796
5 117 1 10 36.6656 54 575 1.14549
5 117 3 12 34.6301 54 4648 1.21282
5 118 1 10 44.0875 54 302 0.952651
5 118 3 12 63.1132 54 6853 0.665471
5 119 1 10 16.1056 54 505 2.60778
5 119 3 12 133.369 54 5094 0.314916
5 120 1 10 8.72275 54 438 4.815
5 120 3 12 104.708 54 2824 0.401114
5 121 1 10 7.68069 54 340 5.46826
5 121 3 12 66.1092 54 3576 0.635313
5 122 1 10 10.6013 54 268 3.96178
5 122 3 12 68.5526 54 5519 0.612668
5 123 1 10 15.0241 54 256 2.79551
5 123 3 12 14.2324 54 2935 2.95102
5 124 1 10 31.8793 54 345 1.31747
5 124 3 12 37.0669 54 273 1.13309
5 125 1 10 27.9083 54 203 1.50493
5 125 3 12 11.2446 54 1210 3.73512
5 126 1 10 52.467 54 419 0.800504
5 126 3 12 38.2008 54 2806 1.09945
5 126 5 14 26.4419 54 163.608 1.58839
5 126 6 15 101.129 54 937.36 0.415309
5 127 1 10 58.6502 54 182 0.71611
5 127 3 12 59.8724 54 2378 0.701492
5 127 6 15 82.3081 54 365 0.510278
5 128 1 10 25.6049 54 85 1.64031
5 128 3 12 70.7404 54 5386 0.59372
5 129 1 10 0.396357 54 105 105.965
5 129 3 12 85.8441 54 2872 0.489259
5 130 1 10 9.38434 54 5 4.47554
5 130 3 12 99.2173 54 905 0.423313
5 131 3 12 56.0868 54 1011 0.748839
5 131 5 14 39.6207 54 868.264 1.06005
5 132 1 10 9.38181 54 4 4.47675
5 132 3 12 20.8773 54 1148 2.01176
5 133 1 10 100.878 54 1890 0.416344
5 133 3 12 43.5196 54 5602 0.965083
5 134 1 10 70.5292 54 896 0.595498
5 134 3 12 81.058 54 6326 0.518148
5 134 5 14 20.9333 54 320.219 2.00637
5 135 1 10 42.382 54 1290 0.990986
5 135 3 12 167.876 54 7658 0.250184
5 136 1 10 42.9829 54 1324 0.977132
5 136 3 12 45.3474 54 3929 0.926183
5 136 5 14 40.5549 54 49.5678 1.03563
5 136 8 17 6.76299 54 3 6.21027
5 137 1 10 44.5425 54 1465 0.942919
5 137 3 12 143.8 54 3520 0.292073
5 137 5 14 26.8354 54 68.2079 1.5651
5 137 8 17 2.77045 54 1 15.16
5 138 1 10 72.7913 54 1128 0.576992
5 138 3 12 53.7774 54 6594 0.780997
5 138 5 14 20.7363 54 539.127 2.02544
5 138 6 15 11.3155 54 73.0001 3.71173
5 139 1 10 25.7971 54 1301 1.62809
5 139 3 12 148.015 54 9029 0.283755
5 140 1 10 107.93 54 1736 0.389141
5 140 3 12 70.3151 54 6788 0.597311
5 141 1 10 75.6144 54 1326 0.555449
5 141 3 12 52.7254 54 5030 0.79658
5 142 1 10 16.9722 54 1041 2.47464
5 142 3 12 141.492 54 6059 0.296836
5 142 6 15 22.5807 54 30 1.85999
5 143 1 10 73.1954 54 988 0.573807
5 143 3 12 60.2518 54 6914 0.697074
5 144 1 10 116.947 54 1290 0.359136
5 144 3 12 40.5008 54 4145 1.03702
5 144 8 17 0.165412 54 1 253.911
5 145 1 10 58.5579 54 1322 0.717239
5 145 3 12 49.2049 54 4153 0.853574
5 145 8 17 2.80502 54 1 14.9732
5 146 1 10 58.0415 54 890 0.72362
5 146 3 12 59.5878 54 6133 0.704842
5 147 1 10 27.7528 54 999 1.51336
5 147 3 12 73.6754 54 6221 0.570068
5 148 1 10 60.6044 54 1010 0.693019
5 148 3 12 61.4644 54 6611 0.683323
5 149 1 10 63.3488 54 2559 0.662996
5 149 3 12 37.8676 54 4645 1.10913
5 150 1 10 159.361 54 1636 0.263553
5 150 3 12 86.0131 54 5894 0.488298
5 151 1 10 66.5627 54 1911 0.630984
5 151 3 12 72.9713 54 1709 0.575569
5 152 1 10 54.5718 54 4312 0.769628
5 152 3 12 32.8174 54 3296 1.27981
5 153 1 10 23.9787 54 2421 1.75156
5 153 2 11 52.3121 54 975 0.802874
5 153 3 12 29.1361 54 2524 1.44151
5 153 4 13 26.8998 54 5606 1.56135
5 153 5 15 135.712 54 62.4888 0.309479
5 153 6 16 2.08119 54 3 20.1808
5 154 1 10 87.0544 54 2489 0.482457
5 154 2 11 62.4583 54 293 0.672449
5 154 3 12 21.1068 54 21104 1.98988
5 154 4 13 46.6815 54 1851 0.899713
5 154 5 14 38.2345 54 1053.48 1.09849
5 155 1 10 57.5958 54 3306 0.729219
5 155 3 12 46.592 54 31032 0.901442
5 155 4 13 110.905 54 8295 0.378702
5 156 1 10 83.3123 54 3691 0.504127
5 156 2 11 92.0209 54 268 0.456418
5 156 3 12 64.4018 54 34152 0.652155
5 156 4 13 226.708 54 8919 0.18526
5 156 5 14 9.87191 54 85.652 4.2545
5 157 1 10 124.795 54 3345 0.336553
5 157 2 11 54.5145 54 2866 0.770437
5 157 3 12 86.1799 54 22897 0.487353
5 157 4 13 52.8851 54 2502 0.794175
5 158 1 10 97.2367 54 4866 0.431936
5 158 2 11 136.007 54 1545 0.308808
5 158 3 12 49.3101 54 37681 0.851752
5 158 4 13 77.4604 54 1621 0.542212
5 159 1 10 68.1169 54 3866 0.616587
5 159 2 11 80.7596 54 1582 0.520062
5 159 3 12 37.8249 54 32308 1.11038
5 159 4 13 25.1842 54 919 1.66771
5 159 7 16 107.14 54 2799 0.39201
5 160 1 10 61.2736 54 7075 0.68545
5 160 2 11 39.3689 54 5331 1.06683
5 160 3 12 71.4349 54 20662 0.587948
5 160 4 13 30.6031 54 4080 1.37241
5 160 6 16 58.3688 54 4812 0.719562
5 161 1 10 55.013 54 5141 0.763456
5 161 2 11 46.0588 54 1917 0.911878
5 161 3 12 55.3127 54 12789 0.75932
5 161 4 13 184.48 54 5219 0.227667
5 161 7 16 46.235 54 6269 0.908404
5 161 8 17 10.2745 54 31 4.08779
5 162 1 10 103.092 54 6541 0.407402
5 162 2 11 36.1747 54 558 1.16103
5 162 3 12 39.5171 54 18112 1.06283
5 162 4 13 30.4713 54 186 1.37835
5 162 5 14 56.9076 54 591.123 0.738038
5 162 7 16 173.396 54 9903 0.242219
5 162 8 17 2.55002 54 1 16.4705
5 163 1 10 44.433 54 12605 0.945244
5 163 2 11 71.1962 54 957 0.589919
5 163 3 12 56.9234 54 20045 0.737833
5 163 4 13 135.75 54 5901 0.309392
5 163 5 15 34.6022 54 154.059 1.2138
5 163 6 16 95.38 54 10147 0.440344
5 164 1 10 33.8623 54 7879 1.24032
5 164 2 11 192.366 54 2298 0.218333
5 164 3 12 75.631 54 35381 0.555328
5 164 4 13 137.906 54 1232 0.304556
5 164 5 14 15.0484 54 519.267 2.79099
5 164 7 16 212.237 54 10422 0.197892
5 165 1 10 19.8867 54 15651 2.11197
5 165 2 11 78.8914 54 2755 0.532377
5 165 3 12 47.6823 54 61525 0.880831
5 165 4 13 155.005 54 2961 0.270959
5 165 5 15 39.3603 54 39.9999 1.06706
5 165 6 16 177.158 54 9995 0.237076
5 166 1 10 36.9048 54 14364 1.13806
5 166 2 11 97.9531 54 1466 0.428777
5 166 3 12 56.1679 54 76078 0.747758
5 166 4 13 156.462 54 4054 0.268436
5 166 5 14 28.224 54 1638.07 1.4881
5 166 6 15 70.0257 54 511 0.59978
5 166 7 16 126.019 54 11227 0.333283
5 166 8 17 14.6761 54 6 2.8618
5 167 1 10 31.2345 54 9812 1.34467
5 167 2 11 108.158 54 1039 0.388321
5 167 3 12 97.2821 54 32022 0.431734
5 167 4 13 131.979 54 5964 0.318232
5 167 5 15 14.7455 54 139.238 2.84832
5 167 6 16 117.601 54 10684 0.357141
5 167 7 17 9.65556 54 13 4.34983
5 168 1 10 20.7025 54 11604 2.02874
5 168 2 11 65.1668 54 1254 0.6445
5 168 3 12 96.8152 54 93684 0.433816
5 168 4 13 57.6836 54 116 0.72811
5 168 5 16 75.5122 54 11233 0.556201
5 168 6 17 3.43987 54 2 12.2097
5 169 1 10 86.5249 54 2634 0.485409
5 169 2 11 18.9546 54 440 2.21582
5 169 3 12 108.639 54 135502 0.386602
5 169 4 13 85.2421 54 7276 0.492714
5 169 5 14 30.4795 54 1000 1.37797
5 169 6 15 1.16727 54 84.169 35.9814
5 169 7 16 149.762 54 9564 0.280445
5 170 1 10 109.86 54 8805 0.382306
5 170 2 11 20.2009 54 386 2.07911
5 170 3 12 52.5306 54 240907 0.799533
5 170 4 13 100.206 54 5821 0.419138
5 170 5 14 69.4593 54 2000 0.604671
5 170 6 15 62.4866 54 1797.25 0.672145
5 170 7 16 148.983 54 24913 0.28191
5 171 1 10 101.392 54 13650 0.414235
5 171 2 11 27.1042 54 392 1.54958
5 171 3 12 188.06 54 44365 0.223332
5 171 4 13 118.427 54 4294 0.354648
5 171 6 16 130.167 54 22787 0.322662
5 171 7 17 7.85689 54 2 5.34563
5 172 1 10 50.2507 54 10851 0.835809
5 172 2 11 13.4877 54 331 3.11395
5 172 3 12 243.698 54 106916 0.172345
5 172 4 13 117.577 54 5155 0.357211
5 172 6 16 132.834 54 14841 0.316185
5 173 1 10 40.5314 54 6151 1.03623
5 173 2 11 82.369 54 427 0.509901
5 173 3 12 46.3496 54 131732 0.906156
5 173 4 13 45.4521 54 182 0.924051
5 173 7 17 7.60383 54 6 5.52353
5 174 1 10 157.958 54 6401 0.265894
5 174 2 11 42.715 54 1373 0.98326
5 174 3 12 44.4581 54 123184 0.944709
5 174 4 13 98.0778 54 283 0.428232
5 174 5 14 21.361 54 1278 1.9662
5 174 8 17 30.714 54 9 1.36745
5 175 1 10 92.9808 54 9603 0.451706
5 175 2 11 66.185 54 3251 0.634585
5 175 3 12 202.629 54 33421 0.207275
5 175 4 13 101.052 54 877 0.415627
5 175 6 17 31.9017 54 27 1.31654
5 176 1 10 158.197 54 1080 0.265491
5 176 2 11 92.8308 54 837 0.452436
5 176 3 12 76.5544 54 58244 0.54863
5 176 4 13 13.9125 54 88 3.01886
5 176 5 14 75.5047 54 1000 0.556257
5 176 7 17 7.8649 54 6 5.34018
5 177 1 10 90.6047 54 9584 0.463552
5 177 2 11 44.8684 54 365 0.93607
5 177 3 12 140.772 54 48012 0.298356
5 177 4 13 56.1824 54 2940 0.747565
5 177 6 16 137.026 54 25131 0.30651
5 178 1 10 164.967 54 9259 0.254597
5 178 2 11 24.218 54 279 1.73425
5 178 3 12 167.196 54 43453 0.251202
5 178 4 13 15.4338 54 53 2.72129
5 178 5 14 57.1136 54 1387.52 0.735376
5 178 7 16 117.899 54 27087 0.356237
5 179 1 10 74.6905 54 9165 0.562321
5 179 2 11 51.0587 54 709 0.822583
5 179 3 12 273.473 54 35704 0.15358
5 179 5 14 7.6356 54 139.708 5.50055
5 179 6 15 81.2947 54 507.621 0.516639
5 179 7 16 139.057 54 23577 0.302034
5 179 8 17 2.58076e-05 54 19 1.62743e+06
5 180 1 10 103.228 54 9522 0.406865
5 180 2 11 159.288 54 532 0.263673
5 180 3 12 330.85 54 64491 0.126946
5 180 4 13 22.6026 54 441 1.85819
5 180 5 14 80.7404 54 1000 0.520186
5 180 7 16 116.454 54 22120 0.360657
5 180 8 17 13.9749 54 17 3.0054
5 181 1 10 220.449 54 8737 0.19052
5 181 2 11 40.3062 54 148 1.04202
5 181 3 12 396.285 54 46894 0.105984
5 181 4 13 125.447 54 3589 0.334804
5 181 5 14 86.0881 54 1276.68 0.487872
5 181 6 15 15.0213 54 501.948 2.79603
5 181 7 16 87.6424 54 22321 0.47922
5 181 8 17 24.1079 54 41 1.74217
5 182 1 10 193.616 54 8898 0.216925
5 182 2 11 37.205 54 624 1.12888
5 182 3 12 543.53 54 49205 0.0772727
5 182 4 13 132.848 54 5669 0.316151
5 182 5 14 21.7355 54 611.789 1.93233
5 182 6 15 54.081 54 1000 0.776613
5 182 7 16 105.34 54 23832 0.398708
5 182 8 17 6.60572 54 28 6.35813
5 183 1 10 123.034 54 14967 0.341369
5 183 2 11 168.998 54 577 0.248523
5 183 3 12 63.9284 54 60411 0.656985
5 183 4 13 102.677 54 2636 0.409051
5 183 5 14 18.0817 54 275.066 2.32279
5 183 6 15 37.8245 54 1960 1.11039
5 183 7 16 90.4404 54 22259 0.464394
5 183 8 17 48.2062 54 26 0.871258
5 184 1 10 84.986 54 13029 0.494199
5 184 2 11 61.8477 54 106 0.679088
5 184 3 12 96.5032 54 139514 0.435219
5 184 4 13 51.7073 54 2612 0.812264
5 184 5 14 103.833 54 1630.28 0.404495
5 184 6 15 46.3084 54 429.076 0.906962
5 184 7 16 90.3352 54 21839 0.464935
5 185 1 10 124.349 54 10956 0.337759
5 185 2 11 224.884 54 839 0.186763
5 185 3 12 274.782 54 56723 0.152849
5 185 4 13 119.435 54 1054 0.351656
5 185 5 14 101.601 54 1000 0.413381
5 185 6 15 43.3455 54 219.988 0.96896
5 185 8 17 6.59782 54 4 6.36573
5 186 1 10 242.328 54 9401 0.173318
5 186 2 11 102.451 54 389 0.409951
5 186 3 12 273.639 54 66287 0.153487
5 186 4 13 86.9079 54 2236 0.48327
5 186 5 14 67.2121 54 1468 0.624888
5 186 6 15 48.3348 54 2529.33 0.868938
5 186 8 17 3.13254 54 2 13.4076
5 187 1 10 162.125 54 17021 0.259059
5 187 2 11 219.41 54 467 0.191422
5 187 3 12 187.81 54 52164 0.22363
5 187 4 13 111.376 54 4321 0.377099
5 187 5 15 13.4826 54 105.702 3.11513
5 187 7 17 4.45777 54 1 9.42175
5 188 1 10 198.473 54 16407 0.211615
5 188 2 11 88.5645 54 290 0.474231
5 188 3 12 106.224 54 161620 0.395391
5 188 4 13 66.7665 54 2305 0.629058
5 188 5 14 89.5497 54 1080.52 0.469013
5 188 6 15 21.3014 54 388 1.9717
6 1 1 18 27.1292 54 4932 1.54815
6 1 2 21 2.19611 54 9 19.1247
6 2 1 18 24.1002 54 6171 1.74272
6 2 2 21 0.000579658 54 120 72456.5
6 3 1 18 43.1925 54 5603 0.972391
6 3 2 21 28.3102 54 162 1.48356
6 4 1 18 50.2572 54 1828 0.835702
6 4 4 21 28.0393 54 362 1.4979
6 5 4 21 3.87315 54 4 10.8439
6 6 4 21 21.5827 54 25 1.94601
6 7 2 21 55.686 54 513 0.754229
6 8 1 18 34.0958 54 1628 1.23182
6 8 4 21 42.8752 54 240 0.979586
6 9 1 18 21.0941 54 1513 1.99108
6 9 4 21 10.9505 54 24 3.83545
6 10 1 18 23.1648 54 2389 1.8131
6 10 2 21 14.1447 54 6 2.96931
6 11 1 18 21.4237 54 3614 1.96044
6 11 3 21 0.000551038 54 321 76219.8
6 12 1 18 17.9248 54 2312 2.34312
6 12 4 21 2.44497 54 262 17.1781
6 13 1 18 39.9683 54 2156 1.05083
6 13 4 21 8.0994 54 11 5.18557
6 14 1 18 19.6437 54 4554 2.13809
6 14 3 21 30.0499 54 92 1.39767
6 15 1 18 23.7258 54 7052 1.77022
6 15 3 21 13.5081 54 65 3.10925
6 16 1 18 54.7661 54 1622 0.766897
6 16 4 21 9.32561 54 263 4.50373
6 17 1 18 56.1186 54 8039 0.748415
6 17 4 21 3.71094 54 34 11.3179
6 18 1 18 38.9211 54 11963 1.07911
6 19 1 18 20.6491 54 8039 2.03399
6 19 3 21 51.1781 54 106 0.820664
6 20 1 18 29.4371 54 7923 1.42677
6 20 4 21 39.7541 54 149 1.05649
6 21 1 18 26.2736 54 5727 1.59856
6 21 4 21 2.37026 54 2 17.7196
6 22 1 18 20.2078 54 18621 2.0784
6 23 1 18 22.8827 54 42920 1.83545
6 23 4 21 25.7551 54 84 1.63075
6 24 1 18 35.1209 54 11949 1.19587
6 24 4 21 40.339 54 60 1.04118
6 25 1 18 46.2443 54 5651 0.908221
6 26 1 18 40.0484 54 13722 1.04873
6 26 4 21 13.6311 54 32 3.08118
6 27 1 18 84.7333 54 19311 0.495673
6 27 3 21 10.4929 54 4 4.0027
6 28 1 18 61.9722 54 13526 0.677723
6 28 3 21 2.82454 54 17 14.8697
6 29 1 18 20.7174 54 2000 2.02728
6 30 1 18 32.1915 54 17499 1.30469
6 31 1 18 16.5938 54 6000 2.53107
6 32 1 18 28.6619 54 6336 1.46536
6 33 1 18 20.2545 54 3998 2.07362
6 34 1 18 80.3451 54 8708 0.522745
6 35 1 18 75.0066 54 6000 0.559951
6 36 1 18 73.0488 54 4002 0.574958
6 51 1 18 41.9545 54 1321 1.00109
6 52 1 18 22.9476 54 1350 1.83026
6 53 1 18 18.028 54 945 2.32971
6 54 1 18 29.2179 54 2841 1.43748
6 55 1 18 47.188 54 3193 0.890057
6 56 1 18 41.4806 54 2011 1.01252
6 58 1 18 60.9179 54 1994 0.689452
6 59 1 18 73.9189 54 422 0.56819
6 61 1 18 78.2038 54 641 0.537058
6 62 1 18 93.7524 54 998 0.447989
6 63 1 18 49.9087 54 182 0.841537
6 67 1 18 36.5194 54 608 1.15007
6 68 1 18 36.3857 54 188 1.1543
6 68 2 19 56.0937 54 687 0.748747
6 68 3 20 75.2904 54 833 0.55784
6 69 1 18 261.304 54 2401 0.160732
6 69 2 19 40.1105 54 2598 1.04711
6 69 3 20 121.986 54 1680 0.344301
6 70 1 18 106.541 54 755 0.394214
6 70 2 19 31.6322 54 3232 1.32776
6 70 3 20 45.7727 54 1204 0.917578
6 71 1 18 26.1807 54 5056 1.60424
6 71 3 20 38.7897 54 1795 1.08276
6 72 1 18 23.0659 54 596 1.82087
6 72 2 19 10.4528 54 408 4.01807
6 72 3 20 12.9155 54 2345 3.25191
6 73 1 18 85.792 54 6884 0.489556
6 73 2 19 15.6076 54 244 2.691
6 73 3 20 13.6852 54 187 3.06901
6 74 1 18 103.926 54 8659 0.404133
6 74 2 19 39.7834 54 457 1.05572
6 74 3 20 39.0832 54 1056 1.07463
6 75 1 18 61.3747 54 50 0.684321
6 75 2 19 11.9238 54 50 3.52236
6 76 1 18 56.6761 54 2101 0.741053
6 76 3 20 68.6207 54 635 0.61206
6 77 1 18 92.5889 54 9794 0.453618
6 77 2 19 73.8483 54 1534 0.568734
6 77 3 20 81.87 54 2658 0.513008
6 78 1 18 9.23391 54 4485 4.54845
6 78 2 19 58.431 54 1193 0.718797
6 78 3 20 44.6968 54 1484 0.939665
6 79 1 18 23.549 54 2523 1.78352
6 80 1 18 46.8971 54 6925 0.895579
6 80 3 20 16.4907 54 72 2.54689
6 81 1 18 69.6923 54 783 0.602649
6 81 2 19 25.7105 54 271 1.63358
6 81 3 20 44.3692 54 226 0.946602
6 82 1 18 54.5758 54 2446 0.769572
6 83 1 18 15.9364 54 99 2.63548
6 84 1 18 43.1688 54 1173 0.972924
6 85 2 19 29.3912 54 451 1.429
6 85 3 20 38.8609 54 152 1.08078
6 87 3 20 41.8404 54 99.9998 1.00381
6 88 2 19 33.2615 54 472.805 1.26272
6 88 3 20 14.9943 54 249.615 2.80106
6 89 2 19 61.3303 54 535.445 0.684817
6 89 3 20 81.3308 54 166.957 0.51641
6 90 1 18 36.0994 54 38 1.16345
6 90 2 19 103.115 54 679.387 0.407314
6 91 1 18 48.4887 54 927 0.866182
6 91 2 19 2.55647 54 66.3381 16.4289
6 92 1 18 62.8551 54 51 0.668203
6 93 1 18 29.2243 54 254 1.43716
6 93 2 19 21.5408 54 620 1.94979
6 93 3 20 9.0471 54 406 4.64237
6 94 1 18 48.0111 54 850 0.874798
6 94 2 19 43.3022 54 2188.42 0.969928
6 94 3 20 31.8048 54 1074 1.32056
6 95 2 19 44.2806 54 1232 0.948496
6 95 3 20 1.13806 54 1211.82 36.905
6 96 1 18 22.1203 54 1049 1.89871
6 96 2 19 17.1789 54 485.282 2.44486
6 96 3 20 26.072 54 1096.2 1.61092
6 96 4 21 12.6705 54 6 3.31479
6 97 2 19 17.7565 54 1787.28 2.36533
6 97 3 20 11.5393 54 524 3.63972
6 98 1 18 43.2244 54 3397 0.971673
6 98 2 19 31.9421 54 737.792 1.31488
6 98 3 20 20.677 54 825.838 2.03124
6 98 4 21 8.27038 54 21 5.07837
6 99 2 19 40.2035 54 1047.07 1.04468
6 99 3 20 26.928 54 37.7751 1.55971
6 100 1 18 12.0789 54 121 3.47714
6 100 2 19 27.5853 54 1351.26 1.52255
6 101 2 19 26.0679 54 1761.99 1.61118
6 101 3 20 21.04 54 1603.07 1.9962
6 101 4 21 16.1825 54 5 2.59539
6 102 2 19 37.3802 54 616.063 1.12359
6 103 2 19 42.7742 54 579.289 0.981901
6 104 2 19 23.6471 54 583.834 1.77611
6 104 3 20 10.3902 54 63.454 4.04226
6 104 4 21 5.53328 54 2 7.59044
6 105 2 19 47.2907 54 1073.68 0.888123
6 106 1 18 61.2069 54 1470 0.686197
6 106 2 19 69.7566 54 3198.44 0.602094
6 106 3 20 45.6518 54 962.696 0.920008
6 107 1 18 90.6226 54 14620 0.463461
6 107 2 19 63.9346 54 847.895 0.656922
6 108 1 18 41.2213 54 2238 1.01889
6 108 2 19 37.899 54 322.241 1.10821
6 109 2 19 42.9117 54 790.034 0.978753
6 109 3 20 41.7904 54 508.258 1.00501
6 110 1 18 63.0317 54 13270 0.666331
6 110 2 19 31.5495 54 1586.18 1.33124
6 110 3 20 22.9882 54 58.55 1.82702
6 111 2 19 32.9728 54 1047.24 1.27378
6 111 3 20 16.5322 54 37.0275 2.54049
6 112 1 18 54.7894 54 3398 0.766571
6 112 2 19 6.91562 54 69.6155 6.07321
6 112 4 21 6.83104 54 2 6.14841
6 113 1 18 120.673 54 3384 0.348048
6 113 2 19 30.2667 54 2295.88 1.38766
6 113 3 20 33.0587 54 1323.83 1.27047
6 114 1 18 101.295 54 3013 0.414629
6 114 2 19 49.7091 54 1826.58 0.844915
6 114 3 20 11.019 54 1024.6 3.81158
6 114 4 21 23.4092 54 29 1.79417
6 115 1 19 17.6721 54 105.274 2.37663
6 115 2 20 12.7105 54 327.704 3.30436
6 116 1 19 30.1559 54 122.88 1.39276
6 116 3 21 5.56236 54 2 7.55075
6 117 2 19 46.6439 54 944.658 0.900439
6 117 3 20 53.7395 54 380.999 0.781548
6 118 2 19 81.5985 54 995.299 0.514715
6 118 4 21 11.3763 54 7 3.69188
6 119 2 19 78.9324 54 2139.63 0.532101
6 119 4 21 5.26015 54 6 7.98456
6 120 2 19 112.29 54 2379.96 0.374032
6 120 3 20 90.8671 54 2951.55 0.462213
6 120 4 21 7.90568 54 6 5.31263
6 121 1 18 114.573 54 4368 0.366578
6 121 2 19 51.3937 54 3748.78 0.817222
6 121 3 20 27.3263 54 384.839 1.53698
6 121 4 21 5.63739 54 2 7.45026
6 122 1 18 61.9384 54 16024 0.678093
6 122 2 19 75.1425 54 3453.88 0.558938
6 122 3 20 24.9847 54 1141.42 1.68103
6 122 4 21 22.9951 54 9 1.82647
6 123 1 18 46.5943 54 7216 0.901398
6 123 2 19 70.9713 54 3000 0.591788
6 123 3 20 18.0784 54 630.412 2.32322
6 123 4 21 23.3063 54 16 1.80209
6 124 1 18 77.8802 54 9210 0.53929
6 124 2 19 120.746 54 4437.27 0.347837
6 124 3 20 46.2997 54 605.348 0.907133
6 124 4 21 87.6222 54 30 0.47933
6 125 1 18 41.6148 54 12042 1.00926
6 125 2 19 131.497 54 5283.51 0.319399
6 125 3 20 19.8494 54 2420.23 2.11594
6 125 4 21 1.31698 54 15 31.8913
6 126 1 18 92.698 54 5489 0.453084
6 126 2 19 154.602 54 2788.3 0.271666
6 126 3 20 106.942 54 2152 0.392735
6 126 4 21 24.2081 54 13 1.73496
6 127 1 18 85.5526 54 20238 0.490926
6 127 2 19 25.8103 54 2174.77 1.62725
6 127 3 20 56.5282 54 199.336 0.742993
6 127 4 21 80.9245 54 34 0.519002
6 128 2 19 32.5343 54 1651.18 1.29095
6 128 3 20 42.6243 54 498.421 0.985353
6 128 4 21 7.25249e-05 54 54 579112
6 129 2 19 45.2126 54 4000 0.928945
6 129 3 20 15.2215 54 675.047 2.75926
6 129 4 21 8.02472 54 3 5.23382
6 130 2 19 53.0815 54 3865.4 0.791236
6 130 3 20 4.79156 54 402.887 8.76541
6 130 4 21 22.6497 54 70 1.85433
6 131 2 19 84.373 54 2947.03 0.49779
6 131 3 20 28.2046 54 819.233 1.48912
6 131 4 21 32.9379 54 43 1.27513
6 132 2 19 55.7411 54 4134.58 0.753484
6 132 3 20 32.6009 54 2486.48 1.28831
6 132 4 21 2.3029 54 6 18.2379
6 133 1 18 40.2586 54 784 1.04326
6 133 2 19 46.5862 54 3579.6 0.901555
6 133 3 20 47.6183 54 2168.15 0.882014
6 133 4 21 1.94303e-08 54 1 2.16157e+09
6 134 2 19 57.3018 54 4000 0.732961
6 134 3 20 43.3734 54 704.236 0.968334
6 134 4 21 3.49796 54 3 12.007
6 135 2 19 107.954 54 3675.5 0.389056
6 135 3 20 58.2365 54 2143.76 0.721197
6 135 4 21 41.5643 54 105 1.01048
6 136 2 19 95.2805 54 4516.86 0.440804
6 136 3 20 23.8183 54 2764.69 1.76335
6 136 4 21 27.949 54 77 1.50274
6 137 2 19 42.2839 54 4954.12 0.993285
6 137 3 20 19.3193 54 2340.49 2.17399
6 137 4 21 1.32706 54 9 31.6488
6 138 2 19 132.227 54 4827.01 0.317634
6 138 3 20 43.2881 54 2978.39 0.970244
6 138 4 21 1.84636e-05 54 233 2.27474e+06
6 139 1 18 38.4851 54 3107 1.09133
6 139 2 19 41.6157 54 3000 1.00923
6 139 3 20 33.6437 54 550.041 1.24837
6 139 4 21 14.44 54 4 2.90859
6 140 2 19 73.3386 54 4128.69 0.572686
6 140 3 20 38.7711 54 2629.92 1.08328
6 140 4 21 55.1201 54 71 0.761973
6 141 2 19 90.4206 54 4231.28 0.464496
6 141 3 20 79.0377 54 3839.53 0.531392
6 141 4 21 25.2572 54 45 1.66289
6 142 2 19 57.2948 54 3561.66 0.733051
6 142 3 20 79.3428 54 3205.2 0.529349
6 142 4 21 42.7267 54 22 0.982992
6 143 2 19 58.9971 54 3637.14 0.7119
6 143 3 20 48.5837 54 1043.96 0.864487
6 144 2 19 140.588 54 3262 0.298746
6 144 3 20 71.858 54 2953.01 0.584486
6 144 4 21 3.4492 54 3 12.1767
6 145 2 19 94.232 54 3488.12 0.445709
6 145 3 20 47.753 54 2716.3 0.879526
6 146 2 19 86.0321 54 4653.01 0.48819
6 146 3 20 95.9976 54 3565.18 0.437511
6 146 4 21 9.17777e-05 54 89 457627
6 147 2 19 59.5497 54 3225.09 0.705293
6 147 3 20 10.6768 54 1001.38 3.93376
6 147 4 21 14.6362 54 10 2.8696
6 148 2 19 104.829 54 3999.04 0.400653
6 148 3 20 23.4711 54 3119.29 1.78943
6 148 4 21 13.9081 54 24 3.01983
6 149 2 19 48.8582 54 4967.21 0.85963
6 149 3 20 89.6585 54 2584.74 0.468444
6 149 4 21 14.6025 54 26 2.87622
6 150 1 19 61.3287 54 4732.4 0.684834
6 150 2 20 45.6462 54 3480.33 0.920121
6 151 1 19 31.5503 54 3000 1.33121
6 151 2 20 13.0452 54 1745.17 3.21957
6 151 3 21 13.042 54 22 3.22038
6 152 1 19 64.3916 54 3761.93 0.652259
6 152 2 20 41.706 54 2943.72 1.00705
6 152 3 21 19.3156 54 63 2.17441
6 153 1 19 83.6814 54 5208.12 0.501904
6 153 2 20 79.9859 54 5732.16 0.525092
6 153 3 21 7.18636 54 7 5.8444
6 154 1 19 103.824 54 4114.28 0.404532
6 154 2 20 88.1944 54 4180.52 0.476221
6 155 1 19 76.9223 54 2513.3 0.546005
6 155 2 20 130.831 54 3979.96 0.321026
6 155 3 21 16.0645 54 27 2.61445
6 156 1 19 226.795 54 5959.58 0.185189
6 156 2 20 264.931 54 5935.76 0.158532
6 156 3 21 11.7605 54 29 3.57128
6 157 2 19 316.711 54 5593.17 0.132613
6 157 3 20 249.016 54 5211.89 0.168664
6 157 4 21 30.9021 54 71 1.35913
6 158 2 19 108.819 54 5050.8 0.385962
6 158 3 20 90.5834 54 3447.67 0.463661
6 158 4 21 10.7201 54 22 3.91789
6 159 2 19 52.0978 54 3988.31 0.806176
6 159 3 20 69.8999 54 3788.58 0.60086
6 159 4 21 6.14453e-05 54 32 683534
6 160 2 19 277.224 54 6950.19 0.151502
6 160 3 20 164.095 54 6812.19 0.255949
6 160 4 21 9.42927 54 127 4.45422
6 161 2 19 82.6259 54 5346.6 0.508315
6 161 3 20 246.324 54 5294.54 0.170507
6 161 4 21 28.2989 54 16 1.48416
6 162 2 19 106.572 54 5000 0.394099
6 162 3 20 81.5903 54 3641.54 0.514767
6 162 4 21 0.00456985 54 249 9190.67
6 163 2 19 358.726 54 4125.7 0.117081
6 163 3 20 135.424 54 3039.44 0.310138
6 163 4 21 21.6617 54 74 1.9389
6 164 2 19 102.147 54 5858.86 0.411174
6 164 3 20 109.833 54 6910.93 0.382398
6 164 4 21 22.7432 54 48 1.84671
6 165 2 19 222.392 54 5897.44 0.188856
6 165 3 20 81.4263 54 6180.41 0.515804
6 165 4 21 28.553 54 17 1.47095
6 166 2 19 133.589 54 5175.96 0.314398
6 166 3 20 202.234 54 5347.97 0.20768
6 166 4 21 43.3985 54 38 0.967775
6 167 2 19 138.674 54 3098.1 0.302869
6 167 3 20 151.086 54 4184.01 0.277988
6 167 4 21 21.526 54 17 1.95113
6 168 2 19 137.819 54 6301.58 0.304747
6 168 3 20 114.119 54 6070.58 0.368037
6 168 4 21 17.3303 54 24 2.4235
6 169 2 19 141.191 54 5502.62 0.297469
6 169 3 20 89.1355 54 4988.62 0.471193
6 169 4 21 5.99273 54 9 7.00849
6 170 1 19 171.535 54 4090.92 0.244848
6 170 2 20 69.7537 54 3892.31 0.602118
6 170 3 21 69.1793 54 106 0.607118
6 171 2 19 126.716 54 4086.56 0.33145
6 171 3 20 99.4308 54 3406.5 0.422404
6 171 4 21 30.3908 54 23 1.382
6 172 1 19 84.2058 54 5781.62 0.498778
6 172 2 20 69.5827 54 5715.14 0.603599
6 172 3 21 0.693739 54 6 60.5415
6 173 2 19 70.8049 54 4789.42 0.593179
6 173 3 20 104.838 54 4321.26 0.400619
6 173 4 21 3.87626 54 11 10.8352
6 174 1 19 83.7541 54 3907.32 0.501468
6 174 2 20 59.3859 54 2761.29 0.707238
6 174 3 21 25.4181 54 42 1.65237
6 175 1 19 44.5984 54 4080.87 0.941738
6 175 2 20 82.2054 54 2345.61 0.510915
6 175 3 21 25.6694 54 21 1.63619
6 176 2 19 39.0498 54 5326.48 1.07555
6 176 3 20 25.1452 54 3275.48 1.6703
6 176 4 21 35.6308 54 200 1.17876
6 177 2 19 51.3549 54 5323.72 0.817839
6 177 3 20 20.4519 54 4772.61 2.0536
6 177 4 21 34.5284 54 59 1.21639
6 178 2 19 58.1407 54 4460.91 0.722386
6 178 3 20 104.59 54 6490 0.401568
6 178 4 21 21.7758 54 75 1.92874
6 179 2 19 112.549 54 3658.27 0.373171
6 179 3 20 85.7811 54 3701.89 0.489618
6 179 4 21 42.8351 54 83 0.980505
6 180 2 19 159.582 54 5475.84 0.263188
6 180 3 20 291.654 54 6069.82 0.144006
6 180 4 21 42.4621 54 162 0.989117
6 181 2 19 199.636 54 5102.25 0.210383
6 181 3 20 296.446 54 5343.1 0.141678
6 181 4 21 0.000149078 54 59 281732
6 182 2 19 136.561 54 5054.68 0.307555
6 182 3 20 144.293 54 4633.23 0.291075
6 182 4 21 50.8251 54 226 0.826364
6 183 2 19 99.5546 54 3424.97 0.421879
6 183 3 20 105.882 54 3157.2 0.396667
6 183 4 21 29.1694 54 415 1.43986
6 184 2 19 194.583 54 4458.81 0.215847
6 184 3 20 210.91 54 6044.87 0.199137
6 184 4 21 3.73956 54 14 11.2313
6 185 2 19 219.194 54 5101.91 0.191611
6 185 3 20 82.8234 54 5263.77 0.507103
6 185 4 21 0.218568 54 12 192.16
6 186 2 19 156.685 54 3412.66 0.268054
6 186 3 20 121.08 54 2824.51 0.346877
6 186 4 21 23.1732 54 132 1.81244
6 187 2 19 181.274 54 1629.17 0.231694
6 187 3 20 171.832 54 2705.03 0.244425
6 187 4 21 11.7949 54 18 3.56087
6 188 2 19 87.1765 54 2372.39 0.481781
6 188 3 20 164.639 54 2733.06 0.255103
7 1 1 24 17.2007 54 1345 2.44177
7 1 3 27 56.2381 54 322 0.746824
7 2 1 24 7.2388 54 347 5.80207
7 2 2 27 36.5861 54 23 1.14798
7 3 2 27 1.10774 54 24 37.915
7 4 1 24 12.9173 54 1968 3.25145
7 4 4 27 18.4577 54 80 2.27547
7 5 1 24 53.3094 54 1620 0.787854
7 5 4 27 8.27104 54 34 5.07796
7 6 1 24 22.9131 54 540 1.83301
7 6 4 27 51.0245 54 124 0.823134
7 7 1 24 17.5724 54 1045 2.39012
7 7 2 27 29.6262 54 326 1.41766
7 8 1 24 12.5813 54 2775 3.3383
7 8 4 27 74.2572 54 630 0.565601
7 9 1 24 37.5178 54 1358 1.11947
7 9 4 27 82.5782 54 207 0.508609
7 10 2 27 27.8569 54 66 1.5077
7 11 1 24 10.4987 54 360 4.00048
7 11 4 27 16.6727 54 84 2.51909
7 12 1 24 9.8011 54 30 4.28523
7 12 4 27 13.5328 54 147 3.10358
7 13 1 24 13.4851 54 230 3.11454
7 13 4 27 17.3446 54 52 2.42151
7 14 4 27 13.8811 54 50 3.02569
7 15 1 24 11.3089 54 654 3.7139
7 15 4 27 8.02786 54 23 5.23178
7 16 1 24 16.494 54 878 2.54637
7 16 4 27 16.9099 54 124 2.48374
7 17 1 24 49.1637 54 1424 0.854289
7 17 4 27 26.3867 54 45 1.59171
7 18 1 24 98.0953 54 419 0.428155
7 18 3 27 24.5318 54 40 1.71206
7 19 1 24 50.6601 54 492 0.829055
7 19 4 27 22.2903 54 13 1.88423
7 20 4 27 15.984 54 76 2.62763
7 21 1 24 25.4332 54 25 1.65139
7 21 4 27 11.9729 54 8 3.50792
7 22 4 27 6.80354 54 31 6.17326
7 23 4 27 14.7844 54 11 2.84082
7 24 1 24 13.505 54 3282 3.10997
7 24 4 27 2.37736 54 36 17.6667
7 25 1 24 18.9424 54 3138 2.21724
7 25 4 27 35.4479 54 18 1.18484
7 26 1 24 30.7248 54 612 1.36697
7 26 4 27 143.606 54 253 0.292466
7 27 1 24 18.1229 54 2025 2.31751
7 27 4 27 32.713 54 83 1.28389
7 28 1 24 44.2275 54 4367 0.949636
7 28 4 27 27.8758 54 130 1.50668
7 29 1 24 40.1917 54 2511 1.04499
7 29 4 27 5.40735 54 7 7.7672
7 31 1 24 18.4621 54 626 2.27493
7 31 4 27 10.8154 54 26 3.88335
7 32 1 24 13.7156 54 3601 3.06221
7 32 4 27 19.9997 54 27 2.10003
7 33 1 24 78.0395 54 29 0.538189
7 33 4 27 13.5286 54 4 3.10454
7 34 1 24 69.0394 54 1352 0.608348
7 35 1 24 25.0439 54 3995 1.67705
7 35 4 27 20.2877 54 26 2.07022
7 36 1 24 9.81483 54 35 4.27924
7 36 4 27 23.1364 54 83 1.81532
7 37 1 24 2.74111 54 25 15.3223
7 39 4 27 12.4318 54 6 3.37842
7 44 1 24 11.1413 54 27 3.76974
7 49 1 24 8.14873 54 23 5.15418
7 53 1 24 0.85532 54 55 49.1044
7 53 4 27 1.01557 54 1 41.3559
7 55 1 24 9.2017 54 25 4.56437
7 56 1 24 15.333 54 695 2.73918
7 57 1 24 85.2025 54 492 0.492943
7 60 1 24 15.6247 54 205 2.68805
7 61 1 24 93.3563 54 717 0.449889
7 61 4 27 5.12858 54 2 8.1894
7 62 1 24 66.2052 54 289 0.634391
7 64 1 24 35.4216 54 190 1.18572
7 65 1 24 29.0641 54 380 1.44508
7 66 1 24 53.9582 54 800 0.77838
7 66 2 25 23.1982 54 271 1.81048
7 66 3 26 48.5351 54 768 0.865354
7 67 1 24 98.522 54 384 0.426301
7 67 2 25 58.8641 54 1560 0.713508
7 67 3 26 141.094 54 2480 0.297673
7 67 4 27 13.5101 54 15 3.10879
7 68 1 24 63.2044 54 1058 0.66451
7 68 2 25 35.6387 54 996 1.17849
7 68 3 26 128.826 54 2119 0.32602
7 68 4 27 17.6883 54 6 2.37445
7 69 1 24 108.132 54 1836 0.388413
7 69 2 25 23.3421 54 994 1.79933
7 69 3 26 63.4136 54 357 0.662318
7 70 1 24 24.1039 54 175 1.74246
7 70 2 25 16.3963 54 896 2.56155
7 70 3 26 32.1483 54 1414 1.30645
7 71 3 26 20.9587 54 429 2.00394
7 72 2 25 25.9656 54 829 1.61753
7 72 3 26 16.2499 54 1567 2.58464
7 73 1 24 23.9246 54 202 1.75552
7 73 2 25 26.0249 54 2993 1.61384
7 73 3 26 17.2362 54 563 2.43673
7 74 1 24 38.3936 54 2088 1.09393
7 74 2 25 43.0122 54 1702 0.976467
7 74 3 26 38.1326 54 301 1.10142
7 75 1 24 25.2423 54 3096 1.66387
7 75 2 25 33.8792 54 493 1.2397
7 75 3 26 15.272 54 72 2.75013
7 75 4 27 1.93185 54 1 21.7408
7 76 1 24 7.81115 54 6 5.37693
7 76 2 25 36.1615 54 648 1.16145
7 76 3 26 46.5075 54 1163 0.90308
7 77 1 24 27.3553 54 1297 1.53535
7 77 2 25 80.9027 54 894 0.519142
7 77 3 26 82.2195 54 3477 0.510828
7 78 1 24 51.7385 54 2500 0.811775
7 78 2 25 40.1738 54 449 1.04546
7 78 3 26 46.8717 54 1040 0.896064
7 79 1 24 88.2393 54 5257 0.475978
7 79 2 25 16.5058 54 1012 2.54456
7 79 3 26 73.9055 54 897 0.568294
7 79 4 27 3.52295 54 1 11.9218
7 80 1 24 38.3832 54 243 1.09423
7 80 2 25 8.73107 54 825 4.81041
7 80 3 26 15.948 54 897 2.63356
7 80 4 27 15.9711 54 4 2.62975
7 81 1 24 72.7777 54 551 0.5771
7 81 2 25 7.25157 54 292 5.79185
7 81 3 26 29.2903 54 769 1.43392
7 82 1 24 21.6338 54 75 1.94141
7 82 4 27 2.36228 54 1 17.7794
7 83 1 24 20.6575 54 1962 2.03316
7 83 2 25 65.152 54 2307 0.644647
7 83 3 26 36.1154 54 2044 1.16294
7 83 4 27 9.56889 54 3 4.38923
7 84 1 24 89.0005 54 799 0.471908
7 84 2 25 28.9628 54 2077 1.45014
7 84 3 26 32.0634 54 1719 1.30991
7 85 1 24 59.006 54 311 0.711793
7 85 2 25 26.6955 54 708.479 1.5733
7 85 3 26 94.3355 54 745 0.445219
7 86 2 25 22.3397 54 1003.85 1.88006
7 86 3 26 30.3879 54 583.442 1.38213
7 86 4 27 14.716 54 10 2.85404
7 87 2 25 21.3211 54 255.604 1.96988
7 87 3 26 60.9223 54 438.24 0.689402
7 87 4 27 4.07544 54 2 10.3056
7 88 1 24 5.17008 54 110 8.12366
7 88 2 25 61.6282 54 991.627 0.681506
7 88 3 26 69.4158 54 926.974 0.60505
7 89 1 24 17.7438 54 75 2.36702
7 89 2 25 118.88 54 5108.62 0.353296
7 89 3 26 78.8114 54 497 0.532918
7 89 4 27 1.33399 54 1 31.4845
7 90 2 25 116.115 54 1495 0.36171
7 90 3 26 115.759 54 329.295 0.362824
7 90 4 27 32.7378 54 12 1.28292
7 91 1 24 30.2109 54 442 1.39023
7 91 2 25 11.0011 54 1138.65 3.8178
7 91 3 26 118.363 54 954.628 0.354839
7 91 4 27 67.8692 54 34 0.618837
7 92 1 24 20.1459 54 159 2.08479
7 92 2 25 11.8923 54 2336.89 3.53171
7 92 3 26 19.5122 54 519.123 2.1525
7 92 4 27 9.62513 54 4 4.36358
7 93 1 24 98.5739 54 171 0.426076
7 93 2 25 58.795 54 1130.4 0.714346
7 93 3 26 0.305783 54 2065.77 137.352
7 94 1 24 171.322 54 101 0.245152
7 94 2 25 59.9368 54 2998.07 0.700738
7 94 3 26 108.519 54 2316.56 0.38703
7 94 4 27 38.188 54 31 1.09982
7 95 2 25 34.7804 54 1149.92 1.20758
7 95 3 26 52.3161 54 2433 0.802811
7 95 4 27 32.6942 54 36 1.28463
7 96 1 24 9.20154 54 20 4.56446
7 96 2 25 21.1987 54 864.706 1.98125
7 96 3 26 31.4382 54 4132 1.33596
7 96 4 27 31.3742 54 50 1.33868
7 97 1 24 21.1336 54 60 1.98736
7 97 2 25 52.088 54 5218.62 0.806328
7 97 3 26 54.7589 54 3934.93 0.766999
7 97 4 27 1.51412 54 1 27.7389
7 98 1 24 114.446 54 221 0.366984
7 98 2 25 46.9422 54 1769.31 0.894718
7 98 3 26 44.5744 54 1757 0.942245
7 98 4 27 8.04257 54 5 5.22221
7 99 2 25 74.2653 54 2663.19 0.56554
7 99 3 26 39.9588 54 2340.91 1.05108
7 99 4 27 15.8127 54 33 2.6561
7 100 1 24 2.86868 54 20 14.6409
7 100 2 25 51.6731 54 2601.75 0.812802
7 100 3 26 54.7017 54 1157.84 0.7678
7 100 4 27 44.2116 54 93 0.949977
7 101 1 24 40.704 54 127 1.03184
7 101 2 25 115.806 54 3089.87 0.362674
7 101 3 26 56.8205 54 856.097 0.73917
7 101 4 27 19.1259 54 72 2.19598
7 102 2 25 55.6439 54 859.005 0.7548
7 102 3 26 17.8032 54 307.323 2.35913
7 102 4 27 22.2718 54 33 1.8858
7 103 2 25 46.7058 54 319.048 0.899245
7 103 4 27 24.5156 54 18 1.7132
7 104 1 24 21.6431 54 171 1.94057
7 104 2 25 34.6219 54 1388.94 1.21311
7 104 3 26 29.8599 54 32.9999 1.40657
7 104 4 27 0.807719 54 4 51.9983
7 105 2 25 48.7219 54 3564.06 0.862035
7 105 3 26 85.1613 54 1133.86 0.493182
7 105 4 27 0.0338154 54 5 1242.04
7 106 2 25 96.5537 54 4105.76 0.434991
7 106 3 26 55.2944 54 3370.62 0.759571
7 106 4 27 3.19766e-05 54 50 1.31346e+06
7 107 2 25 104.393 54 1510.7 0.402324
7 107 3 26 108.216 54 972.648 0.388112
7 107 4 27 17.1905 54 20 2.44321
7 108 1 24 10.3854 54 25 4.04415
7 108 2 25 106.216 54 2756.1 0.395421
7 108 3 26 77.4052 54 1883.87 0.542599
7 108 4 27 1.10997 54 4 37.8389
7 109 1 24 19.4411 54 1485 2.16038
7 109 2 25 57.2315 54 2861.61 0.733861
7 109 3 26 170.317 54 1320.81 0.246599
7 109 4 27 1.30279 54 2 32.2386
7 110 2 25 55.1013 54 3051.41 0.762233
7 110 3 26 2.21899 54 471.208 18.9275
7 110 4 27 11.6298 54 18 3.61142
7 111 2 25 28.166 54 3757.86 1.49116
7 111 3 26 25.442 54 1777.25 1.65081
7 111 4 27 12.791 54 5 3.28356
7 112 1 24 37.8125 54 207 1.11074
7 112 2 25 43.7367 54 1158.59 0.960292
7 112 3 26 2.87528 54 2050.63 14.6073
7 112 4 27 21.0758 54 11 1.99281
7 113 1 24 19.6178 54 2134 2.14091
7 113 2 25 122.226 54 3655.57 0.343626
7 113 3 26 71.631 54 1898.43 0.586339
7 113 4 27 9.44093 54 6 4.44871
7 114 1 24 18.7063 54 40 2.24523
7 114 2 25 100.965 54 4208.85 0.415987
7 114 3 26 45.6644 54 1677 0.919754
7 114 4 27 12.4463 54 4 3.37449
7 115 1 25 55.2559 54 1689.01 0.7601
7 115 2 26 69.7893 54 637.029 0.601812
7 115 3 27 31.812 54 53 1.32026
7 116 2 25 63.2513 54 1798.13 0.664018
7 116 3 26 73.4397 54 1261.62 0.571898
7 116 4 27 24.9769 54 12 1.68156
7 117 2 25 104.099 54 2890.21 0.403462
7 117 3 26 145.889 54 2566.56 0.28789
7 117 4 27 22.5745 54 19 1.86051
7 118 2 25 101.948 54 3547.26 0.411974
7 118 3 26 132.085 54 3016.77 0.317976
7 119 1 25 45.5528 54 1380.11 0.922007
7 119 2 26 80.1741 54 816.63 0.52386
7 119 3 27 24.3506 54 46 1.7248
7 120 2 25 23.4114 54 1484.91 1.794
7 120 3 26 77.0123 54 555.694 0.545368
7 120 4 27 44.459 54 36 0.944691
7 121 1 24 8.66437 54 380 4.84744
7 121 2 25 159.174 54 3420.93 0.263862
7 121 3 26 76.7702 54 1572.81 0.547087
7 121 4 27 63.0289 54 33 0.666361
7 122 1 24 7.67933 54 6 5.46923
7 122 2 25 74.1577 54 1507.87 0.56636
7 122 3 26 41.6164 54 1271.79 1.00922
7 122 4 27 0.365121 54 26 115.03
7 123 2 25 74.9026 54 2923.99 0.560728
7 123 3 26 47.8626 54 568.736 0.877512
7 123 4 27 63.8366 54 53 0.65793
7 124 2 25 290.491 54 1603.97 0.144583
7 124 3 26 221.321 54 2764.12 0.18977
7 124 4 27 11.758 54 52 3.57205
7 125 1 24 74.0428 54 2518 0.567239
7 125 2 25 163.818 54 3374.75 0.256383
7 125 3 26 207.749 54 3329.01 0.202167
7 125 4 27 5.88312e-05 54 290 713907
7 126 1 24 41.6641 54 3466 1.00806
7 126 2 25 85.7341 54 1882.13 0.489887
7 126 3 26 93.4005 54 2313.82 0.449676
7 126 4 27 115.187 54 73 0.364626
7 127 2 25 28.5264 54 2302.67 1.47232
7 127 3 26 49.1893 54 2274.82 0.853844
7 127 4 27 2.80217 54 6 14.9884
7 128 2 25 51.2538 54 1389.78 0.819452
7 128 3 26 37.4354 54 532.657 1.12193
7 128 4 27 4.19882 54 40 10.0028
7 129 1 24 36.7248 54 97 1.14364
7 129 2 25 38.8106 54 2737.52 1.08218
7 129 3 26 53.5479 54 1751.46 0.784344
7 129 4 27 15.8759 54 44 2.64552
7 130 2 25 53.103 54 3842.75 0.790916
7 130 3 26 40.719 54 4056.05 1.03146
7 130 4 27 41.9018 54 80 1.00234
7 131 2 25 149.463 54 4673 0.281006
7 131 3 26 97.3085 54 2021 0.431617
7 131 4 27 0.00283294 54 198 14825.6
7 132 2 25 207.985 54 6544.27 0.201938
7 132 3 26 145.577 54 2697.59 0.288508
7 132 4 27 61.2271 54 37 0.685971
7 133 1 24 71.0912 54 1263 0.590791
7 133 2 25 87.7113 54 3162.58 0.478844
7 133 3 26 155.763 54 4051.43 0.26964
7 133 4 27 34.7553 54 59 1.20845
7 134 2 25 112.148 54 4969.41 0.374506
7 134 3 26 116.555 54 4078.81 0.360344
7 134 4 27 0.0372637 54 870 1127.1
7 135 2 25 96.83 54 3827.76 0.43375
7 135 3 26 71.7528 54 3762.76 0.585343
7 135 4 27 69.9233 54 83 0.600658
7 136 2 25 147.298 54 5107.1 0.285136
7 136 3 26 99.0265 54 1569.72 0.424129
7 136 4 27 48.3864 54 77 0.868012
7 137 2 25 56.6546 54 5907.93 0.741335
7 137 3 26 59.9363 54 2378.36 0.700744
7 137 4 27 82.7714 54 73 0.507422
7 138 2 25 122.749 54 6697.24 0.342163
7 138 3 26 106.712 54 4520.66 0.393581
7 138 4 27 0.000180913 54 108 232156
7 139 2 25 68.0346 54 2305.87 0.617333
7 139 3 26 62.9412 54 1398.61 0.667289
7 139 4 27 0.00786868 54 525 5337.62
7 140 1 24 3.47063 54 239 12.1016
7 140 2 25 118.738 54 5389.2 0.353719
7 140 3 26 46.7804 54 2125.14 0.897811
7 140 4 27 85.9322 54 169 0.488757
7 141 2 25 105.863 54 9052.2 0.396741
7 141 3 26 42.0263 54 3550.04 0.999375
7 141 4 27 24.8818 54 183 1.68798
7 142 2 25 86.8689 54 7702.18 0.483487
7 142 3 26 64.2693 54 4862.3 0.6535
7 142 4 27 0.000244511 54 49 171771
7 143 2 25 49.0797 54 3795.72 0.855751
7 143 3 26 74.4859 54 4844.64 0.563865
7 143 4 27 55.7878 54 88 0.752852
7 144 2 25 170.447 54 8442.57 0.246412
7 144 3 26 255.881 54 5727.26 0.164139
7 144 4 27 62.4347 54 67 0.672703
7 145 2 25 140.722 54 9102.91 0.298461
7 145 3 26 144.126 54 4000.84 0.291412
7 145 4 27 66.5719 54 43 0.630897
7 146 2 25 91.7408 54 6620.91 0.457812
7 146 3 26 60.1286 54 3706.81 0.698503
7 146 4 27 7.63203 54 140 5.50312
7 147 2 25 88.6383 54 6599.04 0.473836
7 147 3 26 34.6931 54 3656.77 1.21062
7 147 4 27 10.0384 54 343 4.18393
7 148 2 25 93.4223 54 5961.81 0.449572
7 148 3 26 47.5671 54 2208.36 0.882964
7 148 4 27 59.8785 54 172 0.70142
7 149 2 25 87.3659 54 5444.18 0.480737
7 149 3 26 105.937 54 3733.77 0.39646
7 149 4 27 0.00107611 54 273 39029.4
7 150 2 25 106.96 54 8675.98 0.392671
7 150 3 26 67.975 54 7005.29 0.617874
7 150 4 27 20.6941 54 176 2.02956
7 151 2 25 152.252 54 5833.38 0.275858
7 151 3 26 141.813 54 5552.48 0.296164
7 151 4 27 7.64766 54 206 5.49188
7 152 2 25 144.471 54 6578.46 0.290716
7 152 3 26 51.2018 54 1478.57 0.820283
7 152 4 27 0.414828 54 24 101.247
7 153 2 25 63.6322 54 9791.04 0.660043
7 153 3 26 109.208 54 8227.69 0.384588
7 153 4 27 24.9496 54 69 1.68339
7 154 2 25 33.8584 54 11676.3 1.24046
7 154 3 26 73.8367 54 12449.9 0.568823
7 154 4 27 33.8484 54 18 1.24083
7 155 1 25 10.7744 54 3103.43 3.89813
7 155 2 26 40.9331 54 10147.5 1.02606
7 155 3 27 17.9245 54 122 2.34316
7 156 2 25 85.4192 54 14011.2 0.491693
7 156 3 26 57.9977 54 8600.41 0.724167
7 156 4 27 6.90508 54 20 6.08248
7 157 2 25 135.702 54 13918.5 0.309502
7 157 3 26 164.201 54 7651.18 0.255783
7 157 4 27 6.81572 54 5 6.16222
7 158 2 25 64.0571 54 13576.9 0.655665
7 158 3 26 53.8251 54 7490.41 0.780305
7 158 4 27 3.21715 54 10 13.055
7 159 2 25 21.2712 54 5298.67 1.9745
7 159 3 26 62.1566 54 9867.98 0.675713
7 160 2 25 54.1593 54 12636.1 0.77549
7 160 3 26 45.6727 54 7162.9 0.919587
7 160 4 27 0.00993844 54 393 4226.02
7 161 2 25 464.939 54 10949.2 0.0903344
7 161 3 26 116.707 54 7971.38 0.359874
7 161 4 27 34.1022 54 37 1.23159
7 162 2 25 132.02 54 17265 0.318133
7 162 3 26 57.7861 54 9993.42 0.726819
7 162 4 27 0.00388812 54 193 10802.1
7 163 1 25 50.0494 54 6965.7 0.83917
7 163 2 26 116.354 54 5138.19 0.360969
7 163 3 27 0.00501207 54 308 8379.77
7 164 2 25 115.103 54 12145.3 0.36489
7 164 3 26 77.914 54 7861.46 0.539056
7 164 4 27 3.72813 54 81 11.2657
7 165 2 25 208.633 54 11790 0.201311
7 165 3 26 61.8225 54 11336.1 0.679364
7 165 4 27 78.3636 54 93 0.535963
7 166 2 25 99.5682 54 13063.8 0.421821
7 166 3 26 44.2358 54 13092.2 0.949458
7 166 4 27 0.0111539 54 576 3765.49
7 167 2 25 81.6751 54 5407.31 0.514233
7 167 3 26 199.164 54 10068.9 0.210881
7 167 4 27 64.377 54 25 0.652407
7 168 2 25 142.306 54 10500 0.295138
7 168 3 26 232.472 54 9811.34 0.180667
7 168 4 27 0.0184945 54 376 2270.94
7 169 2 25 185.499 54 11913.1 0.226417
7 169 3 26 94.9793 54 9061.35 0.442202
7 169 4 27 12.9806 54 278 3.2356
7 170 2 25 175.235 54 11921.7 0.239678
7 170 3 26 160.337 54 10182.9 0.261948
7 170 4 27 0.00654489 54 468 6417.22
7 171 2 25 50.5149 54 5593.99 0.831438
7 171 3 26 139.955 54 9733.32 0.300096
7 171 4 27 41.585 54 298 1.00998
7 172 2 25 263.371 54 9859.74 0.159471
7 172 3 26 133.933 54 7247.14 0.313589
7 172 4 27 0.00160201 54 152 26217.1
7 173 2 25 157.665 54 11593.6 0.266388
7 173 3 26 57.9005 54 9966.52 0.725382
7 173 4 27 39.3726 54 55 1.06673
7 174 2 25 125.1 54 9355.71 0.335732
7 174 3 26 168.01 54 9327.86 0.249985
7 174 4 27 50.5661 54 131 0.830596
7 175 1 25 61.711 54 1355.31 0.680591
7 175 2 26 33.8019 54 8211.84 1.24254
7 175 3 27 18.3127 54 75 2.29348
7 176 2 25 63.229 54 9262 0.664252
7 176 3 26 231.798 54 10714.3 0.181192
7 176 4 27 34.5097 54 149 1.21705
7 177 2 25 43.3141 54 10649.2 0.969661
7 177 3 26 112.259 54 12268.5 0.374136
7 177 4 27 19.346 54 18 2.17099
7 178 2 25 71.191 54 15459.7 0.589962
7 178 3 26 81.814 54 16272.8 0.51336
7 178 4 27 2.55888 54 2 16.4134
7 179 2 25 43.5945 54 3866.55 0.963423
7 179 3 26 57.2763 54 10166 0.733287
7 179 4 27 73.6814 54 138 0.570022
7 180 2 25 126.242 54 12704.7 0.332694
7 180 3 26 85.3591 54 13658.2 0.492039
7 180 4 27 40.8657 54 81 1.02776
7 181 2 25 99.6684 54 13424.5 0.421397
7 181 3 26 73.5786 54 15552.3 0.570818
7 181 4 27 4.56628 54 2 9.19786
7 182 1 25 33.9399 54 15156.1 1.23748
7 182 2 26 25.3761 54 10432.4 1.6551
7 182 3 27 35.343 54 66 1.18835
7 183 1 25 93.0156 54 3755.43 0.451537
7 183 2 26 39.6586 54 10780.4 1.05904
7 183 3 27 27.5218 54 297 1.52606
7 184 2 25 200.863 54 11873.6 0.209098
7 184 3 26 106.139 54 7919.02 0.395708
7 184 4 27 0.000271544 54 126 154671
7 185 2 25 108.78 54 13192.4 0.386101
7 185 3 26 84.1828 54 13219.4 0.498914
7 185 4 27 0.000875506 54 88 47972.2
7 186 2 25 60.8968 54 12341.9 0.689692
7 186 3 26 43.0287 54 11408.3 0.976092
7 186 4 27 50.259 54 197 0.835671
7 187 1 25 39.3566 54 3131.97 1.06717
7 187 2 26 35.9082 54 10577.6 1.16965
7 187 3 27 5.95203 54 81 7.05642
7 188 2 25 141.189 54 9478.26 0.297474
7 188 3 26 106.488 54 4923.4 0.394412
7 188 4 27 2.4468 54 61 17.1653
8 1 2 31 12.7046 54 398 3.30589
8 2 2 31 33.2021 54 1517 1.26498
8 3 2 31 0.00934859 54 996 4492.66
8 4 2 31 58.4083 54 125 0.719076
8 5 2 31 0.00120578 54 335 34832.3
8 6 1 31 69.5757 54 694 0.603659
8 7 2 31 0.00670103 54 900 6267.69
8 8 2 31 42.0362 54 485 0.999138
8 9 2 31 43.6026 54 210 0.963246
8 10 1 28 55.5693 54 180 0.755813
8 10 2 31 60.4004 54 1173 0.69536
8 11 2 31 42.9596 54 801 0.977662
8 12 2 31 28.0642 54 77 1.49657
8 13 2 31 14.6114 54 7 2.87447
8 14 2 31 10.7234 54 103 3.91666
8 15 1 28 22.0161 54 284 1.90769
8 15 2 31 32.8954 54 78 1.27677
8 17 1 28 33.6627 54 310 1.24767
8 17 2 31 59.2065 54 154 0.709381
8 18 4 31 49.149 54 319 0.854545
8 19 2 31 38.5782 54 758 1.0887
8 20 2 31 78.1872 54 131 0.537172
8 21 1 28 11.2966 54 30 3.71794
8 21 2 31 18.8322 54 193 2.23023
8 22 2 31 44.3472 54 127 0.947071
8 23 2 31 62.4085 54 261 0.672986
8 24 1 28 8.6748 54 3 4.84161
8 24 2 31 47.2442 54 878 0.888998
8 25 1 28 25.3095 54 4714 1.65946
8 25 2 31 132.519 54 1386 0.316936
8 26 1 28 29.3102 54 24364 1.43295
8 26 2 31 41.6633 54 85 1.00808
8 27 1 28 20.1869 54 7520 2.08056
8 27 3 31 4.79243 54 66 8.76383
8 28 1 28 20.8906 54 2236 2.01048
8 28 2 31 41.2909 54 316 1.01717
8 29 1 28 26.2631 54 2885 1.5992
8 29 2 31 41.713 54 288 1.00688
8 30 2 31 64.8633 54 192 0.647516
8 31 1 28 43.9771 54 1007 0.955042
8 31 2 31 39.209 54 287 1.07118
8 32 1 28 34.1927 54 1173 1.22833
8 32 2 31 72.2343 54 590 0.581441
8 33 1 28 46.2292 54 1761 0.908516
8 33 2 31 79.467 54 193 0.528521
8 34 1 28 46.0949 54 15382 0.911164
8 35 1 28 9.17635 54 356 4.57698
8 35 2 31 38.7666 54 83 1.08341
8 36 1 28 1.02659 54 56 40.9121
8 36 2 31 33.1078 54 296 1.26858
8 37 2 31 13.519 54 71 3.10674
8 39 3 31 18.8938 54 103 2.22295
8 40 1 28 34.0011 54 205 1.23525
8 40 4 31 26.2099 54 284 1.60245
8 41 1 28 11.7039 54 8 3.58854
8 41 4 31 17.0116 54 168 2.4689
8 42 4 31 19.0585 54 22 2.20374
8 43 4 31 25.7734 54 84 1.62959
8 44 1 28 20.419 54 40 2.05691
8 44 4 31 25.3192 54 524 1.65882
8 45 1 28 5.49727 54 46 7.64015
8 45 4 31 54.8384 54 240 0.765887
8 46 4 31 5.07377 54 11 8.27787
8 47 4 31 18.6533 54 40 2.25161
8 48 1 28 49.2624 54 47 0.852578
8 48 4 31 53.0483 54 979 0.791731
8 49 1 28 2.41519 54 51 17.39
8 49 4 31 31.4238 54 1037 1.33657
8 50 4 31 18.7655 54 5 2.23815
8 51 4 31 19.2628 54 33 2.18037
8 52 1 28 18.4803 54 34 2.27269
8 52 4 31 40.3796 54 181 1.04013
8 53 4 31 47.8943 54 168 0.87693
8 54 4 31 31.3124 54 23 1.34132
8 55 4 31 36.5994 54 110 1.14756
8 56 1 28 9.47093 54 205 4.43462
8 56 4 31 92.6996 54 104 0.453076
8 57 4 31 83.8452 54 968 0.500923
8 58 4 31 4.20825 54 5 9.98038
8 59 4 31 80.8509 54 152 0.519474
8 60 1 28 43.7746 54 476 0.959461
8 60 4 31 55.2436 54 158 0.760269
8 61 1 28 26.6814 54 141 1.57413
8 61 4 31 42.7921 54 73 0.98149
8 62 1 28 11.3858 54 137 3.68879
8 62 4 31 74.0692 54 53 0.567037
8 63 4 31 11.4261 54 15 3.67578
8 64 4 31 29.8477 54 21 1.40714
8 65 4 31 40.6671 54 215 1.03278
8 66 1 28 17.1147 54 371 2.45403
8 66 2 29 32.4742 54 324 1.29333
8 66 3 30 26.9758 54 186 1.55695
8 67 4 31 18.4854 54 37 2.27206
8 68 1 28 10.0032 54 157 4.19864
8 68 4 31 35.2741 54 143 1.19068
8 69 4 31 31.4056 54 351 1.33734
8 70 4 31 18.9188 54 16 2.22002
8 71 4 31 27.5523 54 25 1.52437
8 72 1 28 30.1455 54 137 1.39324
8 72 2 29 6.32435 54 241 6.641
8 72 3 30 16.2822 54 150 2.57951
8 72 4 31 43.8854 54 183 0.957039
8 73 2 29 36.1174 54 1796 1.16287
8 73 3 30 56.3234 54 1849 0.745693
8 73 4 31 28.3122 54 24 1.48346
8 74 2 29 34.6535 54 168 1.212
8 74 3 30 58.2163 54 1652 0.721447
8 74 4 31 23.9755 54 19 1.75178
8 75 2 29 40.7401 54 1943 1.03092
8 75 3 30 48.5462 54 5116 0.865155
8 75 4 31 10.2456 54 5 4.09932
8 76 1 28 76.1243 54 921 0.551729
8 76 2 29 44.8489 54 1096 0.936477
8 76 3 30 131.482 54 6260 0.319435
8 76 4 31 131.365 54 137 0.31972
8 77 1 28 18.6024 54 8 2.25777
8 77 3 30 35.3687 54 82.5 1.18749
8 77 4 31 67.1459 54 793 0.625504
8 78 2 29 16.1045 54 50 2.60797
8 78 3 30 53.2866 54 2631 0.78819
8 79 1 28 30.6769 54 9065 1.36911
8 79 2 29 29.6901 54 86 1.41462
8 79 3 30 48.7857 54 4541 0.860907
8 79 4 31 23.9246 54 26 1.75551
8 80 1 28 30.2579 54 346 1.38807
8 80 2 29 33.2644 54 629 1.26261
8 80 3 30 39.3254 54 3988 1.06801
8 80 4 31 80.237 54 127 0.523449
8 81 1 28 15.4993 54 3535 2.7098
8 81 2 29 48.1302 54 3240 0.872633
8 81 3 30 43.6864 54 2855 0.961398
8 81 4 31 11.4968 54 19 3.65319
8 82 1 28 12.1768 54 2879 3.44919
8 82 2 29 41.6382 54 2631 1.00869
8 82 3 30 29.438 54 3579 1.42673
8 82 4 31 8.91091 54 9 4.71332
8 83 1 28 12.1762 54 655 3.44935
8 83 2 29 52.7969 54 1114 0.795502
8 83 3 30 36.3183 54 1269 1.15644
8 83 4 31 1.46516e-06 54 15 2.86658e+07
8 84 1 28 19.7976 54 100 2.12146
8 84 2 29 30.9333 54 1250 1.35776
8 84 3 30 45.5889 54 900 0.921277
8 84 4 31 22.0495 54 111 1.90481
8 85 2 29 27.2626 54 3006 1.54057
8 85 3 30 36.84 54 1366 1.14007
8 85 4 31 25.0168 54 71 1.67887
8 86 2 29 22.134 54 1527 1.89753
8 86 3 30 66.1712 54 4683 0.634718
8 86 4 31 14.4773 54 11 2.90109
8 87 2 29 20.3402 54 3075 2.06488
8 87 3 30 34.7201 54 4635 1.20967
8 87 4 31 55.2228 54 26 0.760555
8 88 1 28 6.74865 54 60 6.22347
8 88 2 29 51.5224 54 1370 0.815179
8 88 3 30 24.2683 54 2638 1.73065
8 88 4 31 4.28307 54 60 9.80606
8 89 1 28 51.9409 54 297 0.808611
8 89 2 29 56.6974 54 3325.79 0.740775
8 89 3 30 63.9669 54 1912 0.65659
8 89 4 31 7.43507 54 8 5.64891
8 90 1 28 43.391 54 257 0.967942
8 90 2 29 35.0498 54 764 1.1983
8 90 3 30 66.4721 54 4179 0.631844
8 91 2 29 46.0088 54 582 0.91287
8 91 3 30 71.1223 54 4010 0.590532
8 92 1 28 57.245 54 553 0.733688
8 92 2 29 28.8741 54 1623 1.45459
8 92 3 30 142.895 54 5898 0.293921
8 92 4 31 80.1503 54 167 0.524016
8 93 1 28 124.304 54 656 0.33788
8 93 2 29 66.1469 54 668 0.63495
8 93 3 30 96.6331 54 2243 0.434634
8 93 4 31 22.6599 54 155 1.85349
8 94 1 28 47.3746 54 413 0.886551
8 94 3 31 23.8218 54 20 1.76309
8 95 1 28 24.2593 54 51 1.7313
8 95 2 29 16.9066 54 70 2.48423
8 95 3 30 32.6078 54 150 1.28803
8 95 4 31 2.85016 54 1 14.736
8 96 1 28 14.8857 54 180 2.82149
8 96 2 29 16.4232 54 82 2.55736
8 96 4 31 8.16012 54 6 5.14698
8 97 2 29 26.5089 54 1686 1.58437
8 97 3 30 19.653 54 385 2.13708
8 97 4 31 1.22019 54 1 34.4209
8 98 1 28 45.9035 54 845 0.914964
8 98 2 29 53.7056 54 1135 0.782041
8 98 3 30 53.0754 54 2655 0.791328
8 98 4 31 32.1899 54 32 1.30476
8 99 1 28 76.2 54 271 0.551181
8 99 2 29 32.4902 54 1757 1.2927
8 99 3 30 67.1543 54 3614 0.625425
8 99 4 31 3.38159 54 58 12.4202
8 100 1 28 23.9223 54 300 1.75568
8 100 2 29 44.6114 54 3307 0.941464
8 100 4 31 17.9052 54 27 2.34568
8 101 2 29 51.0479 54 3248 0.822756
8 101 3 30 9.40176 54 55 4.46725
8 101 4 31 5.74023 54 2 7.31678
8 102 2 29 32.6277 54 5388 1.28725
8 102 3 30 20.1323 54 1577 2.0862
8 102 4 31 28.4717 54 7 1.47515
8 103 2 29 18.4624 54 1750 2.27489
8 103 3 30 37.6938 54 3660 1.11424
8 103 4 31 21.7078 54 41 1.93479
8 104 2 29 31.7028 54 1670.94 1.32481
8 104 3 30 18.157 54 175 2.31315
8 104 4 31 1.57995 54 4 26.5832
8 105 2 29 49.9239 54 6393 0.84128
8 105 3 30 16.7791 54 219.685 2.50311
8 106 2 29 31.6374 54 5246.55 1.32754
8 106 3 30 66.7046 54 788.062 0.629642
8 106 4 31 4.1028 54 5 10.2369
8 107 2 29 51.1175 54 6318.22 0.821636
8 107 3 30 43.7029 54 5854.41 0.961035
8 107 4 31 5.93757 54 4 7.0736
8 108 1 28 13.6129 54 50 3.08531
8 108 2 29 56.6273 54 6036.8 0.741692
8 108 3 30 64.6761 54 2544 0.64939
8 108 4 31 10.5525 54 110 3.98009
8 109 1 28 45.7599 54 548 0.917834
8 109 2 29 57.1951 54 5739.48 0.734328
8 109 3 30 17.9171 54 69 2.34413
8 109 4 31 13.6844 54 107 3.06919
8 110 2 29 32.4502 54 8470.21 1.29429
8 110 4 31 178.941 54 87 0.234715
8 111 2 29 25.5608 54 8208.14 1.64314
8 111 4 31 11.1567 54 49 3.76456
8 112 1 28 25.9823 54 765 1.61649
8 112 2 29 25.8871 54 5583.05 1.62243
8 112 3 30 3.32199 54 280.802 12.643
8 112 4 31 23.9957 54 9 1.75032
8 113 2 29 115.231 54 8509.18 0.364486
8 113 3 30 43.5262 54 443.825 0.964935
8 113 4 31 22.5832 54 14 1.85979
8 114 2 29 37.0604 54 8426.35 1.13329
8 114 3 30 30.6122 54 335 1.372
8 114 4 31 27.8544 54 30 1.50784
8 115 2 29 86.3335 54 8858.42 0.486485
8 115 3 30 42.5991 54 2637.78 0.985937
8 115 4 31 31.0438 54 65 1.35293
8 116 1 28 41.5777 54 58 1.01016
8 116 2 29 69.3395 54 5049.14 0.605715
8 116 3 30 26.619 54 945.806 1.57782
8 116 4 31 18.8897 54 63 2.22343
8 117 2 29 43.1155 54 4125.88 0.974127
8 117 3 30 12.0975 54 67 3.47178
8 117 4 31 39.5928 54 69 1.0608
8 118 2 29 75.2297 54 4883.05 0.55829
8 118 3 30 134.659 54 3155.87 0.311899
8 118 4 31 87.1232 54 94 0.482076
8 119 2 29 87.2053 54 6853.64 0.481622
8 119 3 30 146.441 54 3676.13 0.286804
8 119 4 31 30.7972 54 229 1.36376
8 120 1 28 8.53365 54 54 4.92169
8 120 2 29 159.075 54 5362.6 0.264027
8 120 3 30 59.065 54 752 0.711081
8 120 4 31 36.9574 54 65 1.13644
8 121 2 29 178.692 54 6169.53 0.235041
8 121 3 30 34.0837 54 3125.3 1.23226
8 121 4 31 0.000852541 54 509 49264.5
8 122 2 29 69.3584 54 4266.49 0.605551
8 122 3 30 38.0063 54 5594.71 1.10508
8 122 4 31 0.0767137 54 1998 547.49
8 123 2 29 101.615 54 1392.32 0.413323
8 123 3 30 36.1974 54 5295.14 1.1603
8 123 4 31 110.985 54 3617 0.378429
8 124 1 28 30.7916 54 75 1.36401
8 124 2 29 158.811 54 1048.08 0.264465
8 124 3 30 68.9709 54 5271.49 0.608953
8 124 4 31 0.00581374 54 2075 7224.26
8 125 4 31 143.963 54 1166 0.291741
8 126 3 31 125.493 54 2107 0.334679
8 127 1 29 38.9028 54 1271.68 1.07962
8 127 3 31 353.409 54 2298 0.118843
8 128 2 29 67.5156 54 4164.44 0.622079
8 128 3 30 29.5589 54 1317 1.42089
8 128 4 31 114.353 54 649 0.367284
8 129 2 29 84.1423 54 3050.49 0.499154
8 129 3 30 30.593 54 635.023 1.37286
8 129 4 31 0.0258517 54 1197 1624.65
8 130 2 29 46.7819 54 4267.5 0.897782
8 130 3 30 14.5849 54 2716.11 2.87969
8 130 4 31 0.0179323 54 1108 2342.14
8 131 1 29 87.58 54 3217.4 0.479562
8 131 2 30 111.197 54 1275 0.377708
8 131 3 31 0.0342376 54 3233 1226.72
8 132 2 29 50.8794 54 1848.44 0.825482
8 132 3 30 53.9102 54 463 0.779073
8 132 4 31 0.00752644 54 673 5580.33
8 133 2 29 9.06092 54 2144.41 4.63529
8 133 3 30 50.7221 54 671 0.828041
8 133 4 31 129.258 54 359 0.324931
8 134 2 29 95.8546 54 2022.88 0.438164
8 134 3 30 97.0682 54 2165.67 0.432686
8 134 4 31 0.067925 54 2521 618.329
8 135 1 29 63.374 54 2197.53 0.662733
8 135 2 30 193.889 54 3693.73 0.216619
8 135 3 31 287.946 54 1422 0.145861
8 136 2 29 24.5255 54 1783.28 1.7125
8 136 3 30 153.993 54 5401.5 0.27274
8 136 4 31 77.2577 54 1021 0.543635
8 137 2 29 33.2644 54 309 1.26261
8 137 3 30 23.2781 54 52 1.80427
8 137 4 31 0.0118986 54 900 3529.83
8 138 2 29 128.799 54 3620.86 0.32609
8 138 4 31 192.72 54 2822 0.217933
8 139 1 29 78.7085 54 5414.93 0.533615
8 139 2 30 138.333 54 2610.71 0.303615
8 139 3 31 150.298 54 3927 0.279446
8 140 1 29 146.547 54 7444.51 0.286598
8 140 2 30 70.428 54 1096.2 0.596354
8 140 3 31 0.00120518 54 647 34849.5
8 141 2 29 26.183 54 1865.35 1.60409
8 141 3 30 15.9646 54 129.083 2.63083
8 141 4 31 171.654 54 710 0.244679
8 142 2 29 123.999 54 6310.57 0.338713
8 142 3 30 44.7524 54 2010.38 0.938497
8 142 4 31 75.5862 54 1524 0.555657
8 143 1 29 90.4284 54 6610.51 0.464456
8 143 2 30 136.149 54 4502 0.308485
8 143 3 31 161.446 54 955 0.260148
8 144 2 29 95.0752 54 4550 0.441756
8 144 3 30 52.2341 54 3884 0.804072
8 144 4 31 193.367 54 777 0.217204
8 145 2 29 112.377 54 2809.96 0.373741
8 145 3 30 41.4464 54 1107.47 1.01336
8 145 4 31 143.057 54 499 0.293589
8 146 1 29 76.2373 54 8413.96 0.550912
8 146 2 30 71.0302 54 3773.08 0.591298
8 146 3 31 45.1264 54 872 0.930719
8 147 1 29 59.2488 54 3661.7 0.708875
8 147 2 30 106.958 54 3284.95 0.392677
8 147 3 31 21.6068 54 1447 1.94384
8 148 2 29 184.145 54 6341.68 0.228082
8 148 3 30 59.3184 54 3233.36 0.708043
8 148 4 31 46.3022 54 746 0.907084
8 149 2 29 123.043 54 5725.53 0.341345
8 149 3 30 35.3249 54 489.906 1.18896
8 149 4 31 56.6855 54 378 0.74093
8 150 2 29 119.264 54 8816.42 0.35216
8 150 3 30 33.8883 54 2988.54 1.23937
8 150 4 31 122.092 54 2057 0.344003
8 151 2 29 104.98 54 7706.29 0.400077
8 151 3 30 425.693 54 9967.38 0.0986626
8 151 4 31 0.296108 54 3591 141.84
8 152 2 29 230.006 54 9598.51 0.182604
8 152 3 30 265.181 54 5869.61 0.158383
8 152 4 31 138.691 54 2042 0.302832
8 153 2 29 199.627 54 15411 0.210392
8 153 3 30 104.203 54 9741.19 0.403058
8 153 4 31 89.1367 54 855 0.471186
8 154 1 29 171.788 54 8803.33 0.244487
8 154 2 30 8.6655 54 8242.96 4.84681
8 154 3 31 213.174 54 2502 0.197023
8 155 2 30 60.3026 54 8077.36 0.696488
8 155 3 31 219.782 54 2370 0.191098
8 156 2 29 116.377 54 10095.4 0.360895
8 156 3 30 61.6701 54 6163 0.681043
8 156 4 31 168.89 54 2465 0.248682
8 157 2 29 328.245 54 12535.8 0.127953
8 157 3 30 53.8879 54 465 0.779396
8 157 4 31 84.4972 54 2603 0.497058
8 158 2 29 138.004 54 22550.9 0.304339
8 158 3 30 17.2581 54 397.087 2.43364
8 158 4 31 0.016348 54 2155 2569.12
8 159 1 29 16.7735 54 308.068 2.50395
8 159 2 30 22.9246 54 2315.69 1.83209
8 159 3 31 219.332 54 1349 0.19149
8 160 2 29 40.6307 54 13473.2 1.0337
8 160 3 30 31.6636 54 7541.16 1.32645
8 160 4 31 26.0477 54 780 1.61243
8 161 2 29 87.4668 54 13969.8 0.480182
8 161 3 30 62.0015 54 9822.73 0.677402
8 161 4 31 63.3713 54 317 0.662761
8 162 1 29 96.8448 54 18282.1 0.433684
8 162 2 30 92.4757 54 11579.5 0.454174
8 162 3 31 55.8052 54 420 0.752618
8 163 1 29 48.4519 54 3267.9 0.866839
8 163 2 30 91.9231 54 15021 0.456904
8 163 3 31 163.713 54 453 0.256546
8 164 2 29 213.558 54 14673.8 0.196668
8 164 3 30 220.829 54 7390.17 0.190192
8 164 4 31 0.118127 54 2244 355.55
8 165 2 29 74.8144 54 15849.6 0.561389
8 165 3 30 131.868 54 1634.68 0.3185
8 165 4 31 0.00073217 54 681 57363.7
8 166 2 29 209.22 54 11372.6 0.200745
8 166 3 30 97.8186 54 5219.65 0.429366
8 166 4 31 268.848 54 1424 0.156222
8 167 2 29 62.3573 54 2653.12 0.673538
8 167 3 30 21.2813 54 12221.4 1.97357
8 167 4 31 88.2852 54 1076 0.475731
8 168 2 29 63.63 54 17007.1 0.660066
8 168 3 30 205.209 54 10654.8 0.204669
8 168 4 31 201.899 54 1082 0.208025
8 169 2 29 150.52 54 20371.6 0.279033
8 169 3 30 118.06 54 9879.64 0.355752
8 169 4 31 109.991 54 291 0.38185
8 170 2 29 172.421 54 20714.6 0.24359
8 170 3 30 116.597 54 10414.4 0.360216
8 170 4 31 0.00671053 54 1074 6258.82
8 171 2 29 85.454 54 6015.41 0.491493
8 171 3 30 58.788 54 17709 0.714431
8 171 4 31 0.106606 54 3535 393.974
8 172 2 29 132.55 54 16758.6 0.316861
8 172 3 30 50.4343 54 18353.5 0.832767
8 172 4 31 76.7285 54 1205 0.547385
8 173 2 29 200.482 54 21563.7 0.209495
8 173 3 30 12.6372 54 14876.8 3.32353
8 173 4 31 48.8294 54 496 0.860137
8 174 2 29 115.567 54 19494.1 0.363425
8 174 3 30 24.3688 54 15075.7 1.72352
8 174 4 31 169.378 54 2648 0.247967
8 175 1 29 58.8158 54 8391.33 0.714094
8 175 2 30 127.006 54 20375 0.330694
8 175 3 31 50.7654 54 999 0.827335
8 176 2 29 66.6857 54 22358.5 0.62982
8 176 3 30 37.7968 54 20914.7 1.11121
8 176 4 31 0.118838 54 2715 353.422
8 177 2 29 41.121 54 19338.8 1.02138
8 177 3 30 58.0469 54 11623.9 0.723553
8 177 4 31 38.0978 54 1175 1.10243
8 178 1 29 116.446 54 23115.1 0.360681
8 178 2 30 41.6811 54 12713 1.00765
8 178 3 31 101.138 54 1780 0.415273
8 179 1 29 91.3614 54 4536.64 0.459713
8 179 2 30 32.3918 54 11720.5 1.29662
8 179 3 31 0.0238857 54 1905 1758.37
8 180 2 29 351.961 54 23938.1 0.119332
8 180 3 30 44.5669 54 7359.08 0.942404
8 180 4 31 2.92284e-05 54 1392 1.43696e+06
8 181 2 29 198.797 54 23157.7 0.211271
8 181 3 30 129.891 54 4587 0.323347
8 181 4 31 7.58007e-05 54 406 554084
8 182 1 29 238.276 54 20944 0.176266
8 182 2 30 37.282 54 8286.79 1.12655
8 182 3 31 58.1353 54 1159 0.722452
8 183 1 29 152.695 54 9289.17 0.275058
8 183 2 30 71.9807 54 9372.63 0.58349
8 183 3 31 31.5193 54 1528 1.33252
8 184 2 29 138.901 54 15218.2 0.302374
8 184 3 30 49.3575 54 6362.4 0.850935
8 184 4 31 0.0117101 54 1029 3586.65
8 185 2 29 172.257 54 20837.9 0.243822
8 185 3 30 73.2156 54 5508.26 0.573649
8 185 4 31 217.245 54 1170 0.19333
8 186 2 29 199.907 54 19978.4 0.210098
8 186 3 30 34.1027 54 8434.86 1.23157
8 186 4 31 43.4966 54 1132 0.965594
8 187 1 29 72.7332 54 6973.46 0.577453
8 187 2 30 12.335 54 13774.6 3.40495
8 187 3 31 0.14984 54 1665 280.299
8 188 1 29 186.099 54 25815.1 0.225686
8 188 2 30 178.506 54 9103.48 0.235287
8 188 3 31 0.239359 54 1957 175.468
