202705 202705 6.48715e-05 0.000739475 0.00762227 0.0100204 0.00713858 0.00552358 0.0051424 0.00515713 0.0052725 0.00538363 0.00545203 0.00547355 0.00545812 0.00542299 0.00538686 0.00537076  8.42671e+07 4.48978e+07 1.092e+07 4.51554e+06 2.75193e+06 1.44342e+06 474977 366907 295727 175877 71096.5 53230.2 40112.5 23568.6 10397.4 2747.49
5.91691e+06 5.91691e+06 0.00119686 0.0135434 0.130045 0.167219 0.122703 0.0965141 0.0902121 0.0904532 0.0923501 0.0941625 0.0952578 0.0955743 0.0952805 0.0946663 0.0940458 0.0937709  1.60757e+07 4.72344e+07 2.5431e+07 6.48829e+06 3.23106e+06 2.24481e+06 1.27619e+06 457238 356495 286888 173516 74409.3 54763.5 40827.6 23975.9 13871.5
1.83905e+06 1.83905e+06 0.000874005 0.00991035 0.0970438 0.125527 0.0913658 0.071543 0.0667991 0.0669826 0.0684146 0.0697859 0.0706191 0.0708664 0.0706538 0.0701986 0.0697364 0.0695313  4.90328e+06 3.10018e+06 9.42801e+06 4.94148e+06 1.346e+06 777545 586163 344068 127436 97092.5 76992.9 46152.3 19907.9 14285.1 10500.1 9672.82
503017 503017 0.000323759 0.00368445 0.037367 0.0488752 0.0350588 0.0272292 0.0253724 0.0254434 0.026004 0.0265431 0.0268736 0.0269757 0.026898 0.0267247 0.0265473 0.0264684  1.77418e+07 2.5677e+06 1.71559e+06 5.25744e+06 2.97421e+06 911177 552424 416264 238510 85475.5 62972.9 48328.7 28079 11763.7 8233.05 11390.1
304757 304757 0.000150549 0.00171518 0.0175851 0.0230794 0.0164793 0.0127669 0.0118894 0.0119232 0.0121886 0.0124441 0.0126012 0.0126503 0.0126144 0.0125331 0.0124497 0.0124126  1.1653e+08 2.50254e+07 5.8088e+06 1.79808e+06 3.16385e+06 1.86133e+06 640124 480896 385980 232548 97570.1 73885.4 56695.7 33689.3 15018.6 25039.5
5.6373e+06 5.6373e+06 0.00142212 0.016071 0.15236 0.195208 0.144002 0.113589 0.106235 0.106504 0.108703 0.110802 0.112066 0.112423 0.112071 0.111348 0.11062 0.110298  1.3636e+08 6.45007e+07 1.70696e+07 4.59345e+06 1.46623e+06 2.64054e+06 1.6434e+06 623795 479276 385930 237688 105971 78523.1 58939.1 34949.9 42190.2
2.24037e+06 2.24037e+06 0.000921126 0.0104395 0.101757 0.131375 0.0957903 0.0750986 0.0701502 0.0703531 0.0718594 0.0732992 0.0741735 0.0744328 0.0742096 0.0737321 0.0732473 0.0730321  4.92579e+06 2.47191e+07 1.27815e+07 3.34002e+06 984488 353628 680976 433437 168628 126824 100306 60925.5 27069.1 19519.3 14379.2 18635.4
506637 506637 0.000160205 0.00182518 0.01871 0.0245576 0.0175365 0.0135858 0.0126513 0.0126866 0.0129685 0.01324 0.0134068 0.0134589 0.0134206 0.0133342 0.0132455 0.013206  7.46252e+07 2.57918e+06 1.36627e+07 7.04668e+06 1.97964e+06 658969 249087 479899 298247 112274 81647.2 62491.9 36788 15874.3 11164.4 18489.1
154891 154891 6.05797e-05 0.000690633 0.00712668 0.00937435 0.00667568 0.00516372 0.00480668 0.00482012 0.00492777 0.00503154 0.00509541 0.00511549 0.00510104 0.00506819 0.00503441 0.00501936  4.2251e+07 3.49173e+07 1.06048e+06 7.84182e+06 4.18196e+06 1.79579e+06 762428 253983 416987 257943 108532 81369.3 62424.2 37143 16607.2 30927.8
8.04052e+06 8.04052e+06 0.00224936 0.0252832 0.227945 0.287639 0.21651 0.172755 0.162028 0.162421 0.165618 0.168651 0.17045 0.170921 0.170357 0.169258 0.168165 0.167684  3.92098e+07 2.43831e+07 2.01719e+07 766927 5.94594e+06 3.43957e+06 1.76549e+06 831160 259848 410405 255854 113625 83698.2 62881.5 37274.5 48287.4
1.29695e+06 1.29695e+06 0.000954452 0.0108146 0.105163 0.135662 0.0990105 0.0776679 0.0725628 0.0727745 0.074331 0.0758179 0.0767203 0.0769873 0.0767561 0.0762624 0.0757611 0.0755388  1.02208e+07 7.39419e+06 4.81858e+06 3.36259e+06 142686 1.2794e+06 810534 451018 216244 64270.6 98657.1 60375.7 26720.8 19173.1 14140.4 19060
641934 641934 0.000459961 0.00523038 0.052641 0.0687056 0.0494462 0.0384684 0.0358569 0.0359533 0.0367375 0.0374916 0.0379529 0.0380938 0.0379826 0.0377377 0.0374876 0.0373764  8.62639e+07 5.3514e+06 4.08441e+06 2.64104e+06 1.97799e+06 94995.9 897501 569079 309204 143437 41217.6 61223.9 36311.3 15607.4 10922.4 18517.3
164193 164193 0.000102053 0.00116321 0.0119779 0.0157475 0.0112246 0.00868622 0.00808608 0.00810822 0.00828866 0.00846261 0.0085696 0.00860312 0.0085787 0.00852343 0.00846665 0.00844136  3.99914e+07 2.78753e+07 2.54214e+06 2.59457e+06 2.09868e+06 1.72068e+06 101134 891101 498122 319673 159653 43637.4 62394.9 37122.1 16553.1 31272.5
5.59269e+06 5.59269e+06 0.00191439 0.0215678 0.198653 0.252374 0.188375 0.14956 0.140085 0.140416 0.143224 0.145899 0.147495 0.147925 0.147446 0.146494 0.145543 0.145123  9.47025e+07 2.34947e+07 1.59141e+07 2.1089e+06 1.99771e+06 1.93804e+06 1.60981e+06 118545 900011 482953 335587 172620 45354.3 62750.8 37117.3 48472
1.35075e+06 1.35075e+06 0.00101734 0.0115238 0.11175 0.144082 0.105285 0.0826336 0.0772031 0.0774188 0.0790638 0.0806363 0.0815895 0.0818697 0.081622 0.0810965 0.0805637 0.0803275  1.73364e+07 1.7524e+07 4.67706e+06 2.83813e+06 451544 445999 500208 413784 32161.3 229296 118371 83092.9 42071.5 10685 14498.9 19579.9
590378 590378 0.000275551 0.00313735 0.0319669 0.0418919 0.0299948 0.0232672 0.0216708 0.0217283 0.0222064 0.0226671 0.0229497 0.0230371 0.0229707 0.0228226 0.0226709 0.0226034  2.21236e+08 9.07644e+06 9.67335e+06 2.54603e+06 1.65629e+06 299093 311636 349824 282489 21236.9 146348 73092.5 49718.7 24446.2 6055.19 18907.8
170265 170265 7.44896e-05 0.000849142 0.00875511 0.0115135 0.00820193 0.00634541 0.00590682 0.00592325 0.0060554 0.00618279 0.00626118 0.0062858 0.00626803 0.00622766 0.00618616 0.00616767  8.2716e+07 5.50283e+07 5.61342e+06 3.30014e+06 1.62702e+06 1.10586e+06 336034 293223 366443 277435 24246.2 152668 72668.7 52326.1 26173.9 26254.6
1.49747e+07 1.49747e+07 0.00377068 0.0419027 0.341157 0.416499 0.325602 0.266103 0.251371 0.25224 0.256963 0.261333 0.263857 0.264436 0.263519 0.261841 0.260199 0.259479  7.16616e+07 4.05149e+07 2.74189e+07 4.35762e+06 2.34874e+06 1.38891e+06 1.02697e+06 401916 288757 386460 279810 27530.2 156144 72151.8 52771.1 53049.7
3.09062e+06 3.09062e+06 0.00180135 0.0202861 0.186254 0.235745 0.176025 0.139974 0.131269 0.131698 0.13442 0.136992 0.138531 0.13896 0.138524 0.137637 0.136745 0.136351  1.49364e+08 1.42731e+07 7.68389e+06 3.46704e+06 619328 407286 282769 223891 97054.4 61254.6 83707.3 57926.7 5710.91 31219.1 14050.2 20590.6
757291 757291 0.000285901 0.00325485 0.0331301 0.0433978 0.0310852 0.0241193 0.0224662 0.0225262 0.023022 0.0234995 0.0237924 0.023883 0.0238142 0.0236607 0.0235035 0.0234335  2.84881e+07 7.80939e+07 7.76704e+06 3.64504e+06 1.69404e+06 361688 258449 181068 140040 58612.8 35678.3 47083.6 31532.6 3016.64 16077.1 17461.5
368439 368439 0.000101567 0.00115769 0.0119233 0.0156773 0.0111738 0.00864632 0.00804862 0.00807049 0.00825001 0.00842311 0.00852959 0.00856294 0.00853863 0.0084836 0.00842709 0.00840191  2.92591e+07 1.63785e+07 2.06852e+07 3.37719e+06 2.24332e+06 1.21291e+06 499846 250670 201850 158112 81616.5 43813.9 61026.4 39640.6 4087.15 43283.4
9.78414e+06 9.78414e+06 0.0027961 0.0313069 0.272441 0.339942 0.259378 0.208674 0.196167 0.196681 0.200461 0.204023 0.206115 0.206636 0.205938 0.204613 0.203305 0.202729  1.99664e+08 1.69065e+07 1.12938e+07 1.15853e+07 2.8186e+06 2.03307e+06 1.1255e+06 574072 272250 210363 168404 92987 46004.8 64251.8 40672.9 49329.9
1.08258e+06 1.08258e+06 0.000733621 0.00832743 0.0823788 0.106938 0.0775168 0.0605476 0.0564909 0.0566396 0.0578558 0.0590231 0.059734 0.0599468 0.0597682 0.0593828 0.0589908 0.0588167  9.82592e+07 3.6369e+07 3.30092e+06 1.8658e+06 1.74654e+06 610097 483875 267302 145394 65760.1 48875.4 38790 21549.9 10061.6 13985.9 19227
1.1484e+06 1.1484e+06 0.000309718 0.00352569 0.0358547 0.0469617 0.0336527 0.0261159 0.0243262 0.0243901 0.0249255 0.0254413 0.0257575 0.0258551 0.0257803 0.0256141 0.0254439 0.0253682  1.74962e+08 5.1468e+07 2.01787e+07 1.88755e+06 1.16012e+06 1.20996e+06 441174 349194 188267 99112.7 43363.8 31201.9 24007.2 12955.5 5900.18 19068.3
1.24441e+06 1.24441e+06 0.000340191 0.00387152 0.0392692 0.0513819 0.0368587 0.0286234 0.0266682 0.02674 0.027327 0.0278919 0.0282382 0.0283448 0.0282628 0.0280806 0.0278942 0.0278112  1.73824e+07 4.54709e+07 1.48634e+07 6.79153e+06 1.25557e+06 948967 817072 450678 364535 183450 114861 47654.5 33943.3 26236.5 14602.3 27472.9
1.513e+07 1.513e+07 0.00398707 0.0443339 0.362488 0.445065 0.347951 0.283693 0.267416 0.26791 0.272613 0.277029 0.27956 0.280087 0.279066 0.277266 0.275521 0.274758  1.03925e+07 9.60262e+06 2.26477e+07 8.42237e+06 4.52837e+06 1.08249e+06 934914 740343 504074 386835 186022 124040 50410.4 34340.5 26301.5 42221
2.00972e+06 2.00972e+06 0.00217637 0.0244836 0.222444 0.2816 0.211379 0.168309 0.157721 0.158052 0.161145 0.164092 0.165842 0.1663 0.16575 0.164678 0.163613 0.163143  1.08039e+08 2.20487e+06 1.81456e+06 2.87994e+06 1.07517e+06 798690 227345 213519 159919 116095 85031.9 38856.2 25987.9 10215.2 6784.02 13462.4
1.55251e+06 1.55251e+06 0.00112877 0.0127805 0.123404 0.159011 0.116426 0.0914455 0.0854305 0.0856466 0.0874427 0.0891624 0.0902028 0.0905044 0.0902266 0.0896446 0.0890561 0.0887953  2.15864e+08 5.64788e+07 1.19685e+06 838202 1.37101e+06 619453 501531 143822 131601 94934.5 66340.9 46859.3 20704.6 13430.7 5145.69 9977.49
932192 932192 0.000335483 0.00381841 0.0387744 0.0507643 0.0364008 0.028258 0.0263234 0.0263921 0.0269705 0.0275275 0.0278689 0.027974 0.0278929 0.027713 0.0275289 0.0274471  8.67957e+07 5.20215e+07 1.39512e+07 1.28503e+06 636201 1.02067e+06 603196 475515 166342 159700 106250 88880.1 61587.6 26557.1 17946.4 19911.6
1.41246e+07 1.41246e+07 0.00339805 0.0379423 0.321894 0.399752 0.308296 0.249233 0.234366 0.234745 0.238973 0.242977 0.245298 0.245817 0.24494 0.243354 0.241806 0.241128  8.08134e+07 4.08179e+07 2.49387e+07 7.66206e+06 1.34526e+06 570926 940987 623142 495259 178284 173413 109603 97314.6 64834.2 27445 39369.4
1.66101e+06 1.66101e+06 0.000930202 0.0105432 0.102837 0.132844 0.0968437 0.0759019 0.0708855 0.0710807 0.0725967 0.0740475 0.0749283 0.0751888 0.0749626 0.0744798 0.0739899 0.0737726  7.90074e+07 1.47913e+07 7.6724e+06 3.43315e+06 1.10953e+06 315048 127900 216438 147442 116149 40431.2 39185.3 23754.9 21115.4 13704.9 13839.6
868138 868138 0.000347559 0.00395557 0.0401381 0.0525383 0.0376842 0.0292586 0.0272558 0.0273264 0.0279246 0.0285009 0.028854 0.0289626 0.0288785 0.0286923 0.0285018 0.028417  9.99484e+07 4.13699e+07 8.17704e+06 4.23719e+06 2.04076e+06 744490 222312 90255.3 149089 98255.4 74833.8 25207.3 23677 13940 12085.3 15442
459461 459461 0.00016483 0.00187795 0.0192594 0.0252873 0.0180554 0.0139854 0.0130221 0.0130576 0.0133471 0.0136262 0.0137976 0.0138511 0.0138116 0.0137226 0.0136313 0.0135906  9.03454e+07 3.49164e+07 1.19143e+07 2.97773e+06 2.16692e+06 1.14232e+06 554068 333884 100075 152462 111363 84718.9 29275.7 27710.6 15814 32317.6
1.3535e+07 1.3535e+07 0.00362546 0.0403862 0.335637 0.413514 0.32118 0.261018 0.245942 0.246509 0.250992 0.255196 0.257626 0.258168 0.257253 0.255598 0.253983 0.253276  3.12954e+07 4.47696e+07 2.02034e+07 7.31183e+06 2.22235e+06 1.77287e+06 970290 572769 411244 107904 157154 119748 88803.4 30875.9 28543.4 49122.9
1.25646e+06 1.25646e+06 0.000775312 0.00879377 0.0863622 0.111712 0.0811886 0.0635484 0.0593449 0.0595255 0.0608153 0.062048 0.0627983 0.063024 0.0628378 0.0624341 0.0620229 0.0618403  1.62402e+06 6.08803e+06 8.31023e+06 2.83356e+06 1.02308e+06 428482 377577 210631 135069 100474 23842.3 33723.8 25481.1 18586.4 6284.11 15701.2
661530 661530 0.000430356 0.004895 0.0493888 0.0645227 0.0463894 0.0360668 0.0336106 0.0336987 0.0344337 0.0351412 0.0355741 0.0357065 0.0356023 0.0353728 0.0351382 0.0350339  1.21852e+08 850486 3.37128e+06 4.66734e+06 1.71759e+06 695163 305293 268999 146575 91002.9 65491.8 15046.1 20632.3 15143.1 10774 12466.3
402162 402162 0.000302993 0.00344902 0.0350657 0.0459156 0.0329049 0.025539 0.0237912 0.0238553 0.0243801 0.0248853 0.0251951 0.0252908 0.0252178 0.0250553 0.0248889 0.0248148  2.28595e+07 3.42948e+07 353126 2.41555e+06 2.58488e+06 1.23552e+06 549420 315691 257753 134931 102336 82588 17785.6 23279.1 17661.8 26865.3
5.93063e+06 5.93063e+06 0.00225577 0.0252497 0.219581 0.271517 0.206595 0.166708 0.1573 0.158203 0.161626 0.164773 0.166647 0.16718 0.166676 0.16563 0.164576 0.16411  3.06175e+07 1.345e+07 1.93794e+07 243723 2.05125e+06 2.00228e+06 1.15622e+06 569967 353922 263058 134727 110117 89764 18842.7 23580.6 45314.2
1.10078e+06 1.10078e+06 0.00113013 0.0127926 0.123227 0.158565 0.11619 0.0913286 0.0853541 0.0855877 0.0873929 0.0891178 0.0901615 0.0904653 0.0901892 0.0896084 0.0890206 0.0887602  6.29452e+07 6.41387e+06 2.65455e+06 3.03535e+06 39499.4 438084 429795 276144 140517 88189.7 61827.4 30590.2 25308.9 20328.9 4089.02 14790.7
751863 751863 0.000520309 0.00591458 0.0593272 0.0773597 0.0557545 0.0434072 0.0404646 0.0405704 0.0414511 0.0422981 0.0428157 0.042973 0.0428469 0.0425706 0.0422887 0.0421634  1.86882e+08 3.29497e+07 3.53447e+06 1.42125e+06 1.735e+06 25791.3 302756 297495 186557 91783 55656.7 37738.5 18089.5 14532.2 11383.5 10336.3
388421 388421 0.000184007 0.00209615 0.0214678 0.0281735 0.0201275 0.0155955 0.0145225 0.0145621 0.0148848 0.0151957 0.0153866 0.0154461 0.015402 0.0153028 0.015201 0.0151557  3.27961e+07 4.48302e+07 7.9275e+06 2.20156e+06 1.11098e+06 1.06494e+06 28981.7 389879 271571 192423 101589 66227.2 41939.5 19956.4 16656.4 25008
1.03512e+07 1.03512e+07 0.00301254 0.0336878 0.289801 0.360507 0.276326 0.22286 0.209607 0.210126 0.2141 0.217842 0.22003 0.220561 0.219804 0.21839 0.216997 0.216386  4.62672e+07 2.34693e+07 2.29831e+07 4.26778e+06 1.87691e+06 1.03631e+06 993356 33526 441443 256904 200245 109521 71297.2 42742.9 20144.8 42411.3
1.90666e+06 1.90666e+06 0.00151026 0.0170627 0.16135 0.206727 0.152694 0.120477 0.112649 0.112898 0.115198 0.117399 0.118722 0.119091 0.118714 0.117947 0.117176 0.116835  7.85842e+06 1.02436e+07 4.8713e+06 3.40701e+06 620156 392829 245101 236982 8323.65 108889 57031.5 45478.3 24588 15734.9 9138.61 13197.4
712852 712852 0.000519783 0.00590879 0.0592872 0.0773209 0.0557206 0.0433765 0.0404339 0.0405386 0.041418 0.042264 0.042781 0.0429381 0.042812 0.0425358 0.0422541 0.0421289  2.37559e+07 4.11199e+06 5.61874e+06 2.49063e+06 1.84296e+06 390411 263975 165131 155639 5276.4 66590.1 33693.4 26010.3 13648.6 8516.14 11833.4
202905 202905 0.000155635 0.00177325 0.0181919 0.0238866 0.0170524 0.0132076 0.0122978 0.0123315 0.0126052 0.012869 0.0130311 0.0130817 0.0130445 0.0129604 0.0128742 0.0128358  4.69465e+07 1.62872e+07 2.1559e+06 3.27534e+06 1.34739e+06 967416 235024 297887 191012 156199 6391.9 81917.2 35945.3 29959 16072.8 23907.5
7.13031e+06 7.13031e+06 0.00303569 0.0339529 0.292511 0.364315 0.279161 0.225016 0.211549 0.212015 0.215986 0.219735 0.221926 0.22245 0.221682 0.220252 0.218846 0.218229  3.46668e+07 3.28183e+07 1.26666e+07 1.87478e+06 2.92869e+06 1.21056e+06 869928 222597 338285 211012 166683 7358.63 88843 36016.4 30853.1 41341.3
1.38083e+06 1.38083e+06 0.00109152 0.012353 0.11879 0.152604 0.111859 0.0879905 0.0822786 0.0825344 0.0842969 0.0859757 0.0869924 0.0872915 0.0870286 0.0864698 0.0859033 0.085652  8.87152e+06 7.02442e+06 6.77222e+06 2.12285e+06 331347 634699 282343 204336 52260.2 82240.5 49945.3 38027 1647.42 19607 7599.14 15243.8
774373 774373 0.000544653 0.00619065 0.0620304 0.0808682 0.0583113 0.0454069 0.0423289 0.0424376 0.0433564 0.0442404 0.0447804 0.044944 0.0448117 0.0445226 0.0442278 0.0440968  1.72154e+08 4.64362e+06 3.8689e+06 3.61023e+06 1.20385e+06 214845 436300 194615 137575 34037.3 51771.6 30416.2 22438.9 943.981 10956.9 12490.1
189935 189935 0.000101773 0.0011596 0.0119022 0.0156176 0.0111442 0.00863295 0.00804068 0.00806497 0.0082458 0.00841968 0.00852664 0.00856032 0.00853623 0.00848136 0.00842493 0.00839978  3.37965e+07 5.70369e+07 2.12689e+06 3.53596e+06 1.96091e+06 939852 212189 492725 187826 125925 33698.1 60878.3 35520.7 25435.8 1103.82 26872
1.32345e+07 1.32345e+07 0.00354832 0.0394223 0.320564 0.389754 0.304421 0.249159 0.235755 0.236889 0.241568 0.24585 0.24834 0.248956 0.24813 0.246567 0.245024 0.244347  2.19816e+07 1.87327e+07 3.07952e+07 1.60538e+06 2.98596e+06 1.77781e+06 1.01369e+06 252291 573030 202819 133251 36090.4 66868.2 37703.1 26466.1 28861.4
1.31767e+06 1.31767e+06 0.00104579 0.0118319 0.113493 0.145472 0.106692 0.0840152 0.0786201 0.0789041 0.0806162 0.0822399 0.0832244 0.0835179 0.0832705 0.082738 0.0821966 0.0819564  1.54813e+08 4.10643e+06 3.45763e+06 3.93325e+06 226045 540255 375927 234814 60038.7 131952 44319 28076.4 7444.16 13666.6 7557.74 10906.7
941599 941599 0.000501222 0.00569624 0.0570161 0.0742284 0.05353 0.0417085 0.0389001 0.0390138 0.0398685 0.0406883 0.0411895 0.0413428 0.0412227 0.0409575 0.0406865 0.040566  1.05343e+08 8.10256e+07 2.26e+06 1.83148e+06 2.20545e+06 145137 368629 257615 157341 38944.1 82764.9 26899.9 16515 4252.47 7614.2 10070.7
1.2468e+06 1.2468e+06 0.000392358 0.0044632 0.0450754 0.058882 0.0423119 0.0328941 0.0306578 0.0307428 0.0314173 0.0320657 0.0324627 0.0325848 0.0324904 0.0322811 0.032067 0.0319718  1.9736e+07 2.52966e+07 1.90501e+07 2.08234e+06 1.17685e+06 1.64808e+06 163336 462717 265629 181971 48066.9 103299 31926 19335.2 5017.29 21334.4
7.55605e+06 7.55605e+06 0.00256634 0.0286179 0.24078 0.293766 0.226052 0.183987 0.174208 0.175442 0.179319 0.182832 0.184917 0.185515 0.184966 0.18382 0.182663 0.182151  5.15327e+07 1.15809e+07 1.31456e+07 9.7967e+06 1.55205e+06 934838 1.52561e+06 189979 505711 289690 204941 54165.4 112883 33584.9 20094.6 27247.7
938909 938909 0.00109504 0.0123852 0.118445 0.151681 0.111382 0.0877686 0.0821455 0.0824411 0.0842249 0.085916 0.0869404 0.0872447 0.0869853 0.086429 0.0858639 0.0856132  6.17342e+06 9.55911e+06 2.40931e+06 1.90533e+06 1.27943e+06 273692 190544 345777 46527.6 119362 66823.4 46761.4 12128.6 24575.1 7117.47 9852.62
615557 615557 0.000451624 0.00513401 0.0515289 0.0671349 0.0483575 0.0376557 0.0351163 0.0352204 0.0359949 0.0367378 0.0371923 0.037332 0.037224 0.0369846 0.0367398 0.0366309  2.9725e+08 3.2308e+06 5.25688e+06 1.26667e+06 1.05834e+06 816134 185814 129968 230604 30033.5 74492.4 40350.3 27361.7 6891.8 13619 9207.02
332818 332818 0.000164365 0.00187182 0.0191167 0.0250376 0.0179023 0.0138855 0.0129379 0.012978 0.0132686 0.0135477 0.0137193 0.0137731 0.0137343 0.0136461 0.0135554 0.013515  7.55628e+07 7.72086e+07 3.28018e+06 2.61454e+06 1.03363e+06 814464 496451 221754 133030 253714 37592.6 91631.4 48849.1 33610.3 8378.76 27525.3
1.38851e+07 1.38851e+07 0.00269929 0.0301656 0.25837 0.319024 0.244416 0.19771 0.186478 0.187346 0.191192 0.194747 0.196845 0.197405 0.196776 0.195532 0.19429 0.193743  1.10333e+08 3.97199e+07 4.06879e+07 2.24401e+06 2.13356e+06 1.12388e+06 868185 452598 216764 129235 264971 42131.1 97112.8 51559.2 35215.4 36892.5
1.90231e+06 1.90231e+06 0.00094031 0.0106485 0.103044 0.132519 0.0968607 0.076104 0.0711638 0.0714073 0.0729572 0.0744311 0.0753261 0.075594 0.0753706 0.0748878 0.0743966 0.0741786  6.95566e+06 2.0284e+07 7.41601e+06 5.98249e+06 329152 434789 283681 218070 103451 48801.9 28605 59606.3 9451.74 21164.8 10995 15168.5
919292 919292 0.000355245 0.00404147 0.0408627 0.0533803 0.0383359 0.029798 0.0277734 0.0278533 0.0284673 0.0290572 0.0294187 0.0295304 0.0294453 0.0292558 0.0290618 0.0289755  1.99092e+08 3.64125e+06 1.11892e+07 4.01532e+06 3.45333e+06 215826 301467 197230 148196 68062.8 31054.5 17617.6 35582.7 5480.07 11968.7 14485.1
388255 388255 0.000184829 0.0021052 0.0215303 0.0282325 0.0201794 0.0156429 0.0145701 0.0146118 0.0149366 0.0152492 0.0154412 0.0155011 0.015457 0.0153575 0.0152554 0.0152099  3.63042e+07 4.84014e+07 1.63977e+06 5.00664e+06 2.58351e+06 2.06404e+06 265585 353098 258421 174996 65928 33675.7 18965 40427.6 6424.03 30571
5.41086e+06 5.41086e+06 0.00145151 0.016371 0.152506 0.193519 0.143572 0.113864 0.106784 0.107209 0.10951 0.111676 0.11298 0.11336 0.113018 0.112297 0.111568 0.111245  2.98795e+07 1.82993e+07 2.41933e+07 1.13128e+06 3.97779e+06 2.05683e+06 1.89463e+06 265774 406689 304578 196553 67800.3 34089.7 19046.7 41236.3 37971.2
1.5006e+06 1.5006e+06 0.00120615 0.0136367 0.129924 0.166333 0.122363 0.0964799 0.0902893 0.0905886 0.0925219 0.0943578 0.0954676 0.0957925 0.0955032 0.0948909 0.0942707 0.0939958  4.57869e+06 5.50153e+06 3.48664e+06 4.34217e+06 223297 966079 497826 498134 69820.8 110474 82424.2 51179.1 16694 8169.79 4492.23 18660.3
538103 538103 0.000486862 0.00553405 0.0554874 0.0722932 0.052101 0.0405767 0.0378384 0.0379468 0.0387774 0.0395745 0.0400619 0.040211 0.040094 0.0398359 0.0395722 0.039455  7.50926e+07 2.39606e+06 3.02277e+06 1.81607e+06 2.3882e+06 141627 653038 338014 330492 44806.4 68506.6 49434.6 29737.1 9418.23 4494.89 12452.2
217717 217717 0.000156258 0.00177887 0.0181105 0.0236724 0.0169433 0.0131558 0.0122653 0.0123075 0.0125856 0.012852 0.0130157 0.0130674 0.0130309 0.0129474 0.0128614 0.0128231  3.67729e+07 3.21925e+07 1.55752e+06 2.88255e+06 1.0683e+06 1.4917e+06 136654 669751 288233 302834 46340.9 76377.6 55687.2 32279.1 9618.91 17765.9
6.23009e+06 6.23009e+06 0.00215893 0.0242323 0.21586 0.270128 0.203968 0.163442 0.153696 0.15432 0.15752 0.160511 0.162292 0.162783 0.162271 0.161238 0.160203 0.159746  2.87544e+07 1.98241e+07 1.96594e+07 1.31707e+06 2.23671e+06 833886 1.44095e+06 149851 743418 268975 312907 47187.5 81989.3 58266.8 32874.5 27339.5
1.3676e+06 1.3676e+06 0.00119975 0.0135577 0.128607 0.164212 0.120966 0.0955133 0.089452 0.0897865 0.0917261 0.0935607 0.0946703 0.0949982 0.0947149 0.0941099 0.0934959 0.0932235  8.69891e+07 5.60259e+06 3.77219e+06 3.26673e+06 261198 464499 187851 370311 38408.8 191211 62524 74440.3 10923.8 18861.2 13209.4 13336.9
823066 823066 0.00052383 0.00594847 0.0591074 0.0766508 0.0554177 0.0432753 0.0404042 0.0405436 0.0414433 0.0423019 0.0428267 0.0429886 0.0428653 0.0425907 0.0423096 0.0421846  1.49023e+08 4.55156e+07 3.0745e+06 1.94319e+06 1.7667e+06 163448 310769 126445 243776 24468.9 117744 37243.7 42961.9 6121.72 10308.1 14210.6
705105 705105 0.000286057 0.00325578 0.0330612 0.0432469 0.0310021 0.0240738 0.0224332 0.0224983 0.0229964 0.0234751 0.0237687 0.0238598 0.0237915 0.0236384 0.0234815 0.0234116  4.09974e+07 4.21713e+07 1.09672e+07 2.29515e+06 1.19299e+06 1.22119e+06 230375 329385 109464 258318 27741.5 135373 37494 46897 6644.75 27366.4
3.3074e+06 3.3074e+06 0.000780046 0.00883924 0.0860798 0.110808 0.0807567 0.0633819 0.0592737 0.0594996 0.0608148 0.0620628 0.0628226 0.0630542 0.0628716 0.06247 0.0620599 0.0618776  1.75729e+08 2.16947e+07 2.2939e+07 5.81129e+06 1.84231e+06 978204 1.15762e+06 289705 338270 104538 282652 31042.5 145644 37305.2 48225.4 34809.5
1.81871e+06 1.81871e+06 0.00107031 0.0121152 0.116708 0.15003 0.109898 0.0864103 0.0807906 0.0810397 0.0827708 0.0844202 0.0854195 0.0857137 0.0854556 0.0849067 0.0843502 0.0841033  5.76434e+06 3.16791e+07 4.1841e+06 4.58553e+06 1.21857e+06 471573 257633 325080 88177.4 93342.5 27679.7 77365.5 8217.25 38009.6 9329.9 20720.7
850620 850620 0.000294201 0.0033485 0.0340028 0.0444852 0.0318911 0.0247627 0.0230737 0.0231394 0.0236508 0.0241425 0.024444 0.0245375 0.0244671 0.0243096 0.0241482 0.0240764  7.48635e+07 3.01736e+06 1.74562e+07 2.24033e+06 2.61556e+06 793448 325221 178112 219512 57600.9 58937.7 16908.1 45792.7 4723.15 21307 16480
333193 333193 0.000209863 0.00238981 0.0243889 0.0319544 0.0228592 0.0177298 0.0165168 0.0165647 0.0169329 0.0172869 0.0175044 0.0175722 0.0175222 0.0174094 0.0172937 0.0172422  3.97504e+07 2.25183e+07 1.14573e+06 5.14463e+06 1.41516e+06 1.37524e+06 402931 315852 151040 201361 66405.4 58982.9 15878.5 47143.3 4885.19 38281
3.56738e+06 3.56738e+06 0.00141444 0.0159459 0.147993 0.187273 0.139072 0.110447 0.10367 0.10414 0.106412 0.108542 0.109827 0.110206 0.109879 0.109182 0.108474 0.10816  2.23171e+08 2.50122e+07 1.2741e+07 772883 3.1921e+06 1.10851e+06 1.1667e+06 345249 325955 146216 205979 73219.9 59912.2 15452.5 47241.3 42898.9
3.45696e+06 3.45696e+06 0.00244202 0.0273845 0.241768 0.302407 0.229305 0.183979 0.17293 0.17349 0.176955 0.18021 0.182136 0.182643 0.182048 0.180883 0.179723 0.179212  4.08728e+07 3.98795e+07 5.20528e+06 2.29309e+06 148692 682336 263339 294481 86677.4 84836.9 36128.9 51346.7 18316.8 14258.6 3581.76 20921.1
1.07162e+06 1.07162e+06 0.000321328 0.00365678 0.0370857 0.0485047 0.0347924 0.027022 0.0251789 0.0252491 0.0258055 0.0263407 0.0266688 0.0267703 0.0266932 0.0265213 0.0263453 0.026267  9.10514e+07 2.13497e+07 2.14769e+07 2.23215e+06 985977 79427.4 404426 158303 172863 49032.2 46191.3 18965.2 26055.7 9013.4 6838.26 11482
719123 719123 0.000315525 0.00359021 0.036362 0.0475157 0.0340974 0.0264948 0.0246945 0.0247675 0.0253157 0.0258423 0.0261652 0.0262653 0.0261901 0.0260216 0.025849 0.0257722  4.66499e+07 2.88285e+07 6.29746e+06 6.20517e+06 1.14224e+06 652762 79826.5 258906 144790 155275 45296.9 53882.5 20737.1 30155.2 10991.6 21539.9
5.59201e+06 5.59201e+06 0.0018403 0.0207181 0.189666 0.239818 0.179267 0.142658 0.133823 0.13427 0.137044 0.139662 0.141228 0.141664 0.141218 0.140314 0.139406 0.139004  1.63022e+08 2.54062e+07 1.48845e+07 3.88827e+06 3.75535e+06 1.00839e+06 609208 89895.7 233919 135815 155417 45973 56782.5 21173.2 30863.6 33336.1
1.3788e+06 1.3788e+06 0.000977354 0.0110589 0.106217 0.13609 0.0997316 0.0785308 0.0735056 0.0737912 0.0754099 0.0769422 0.0778724 0.0781526 0.077924 0.0774268 0.0769203 0.0766953  8.33669e+06 2.91805e+07 4.97756e+06 2.49631e+06 719882 790590 256830 157286 24041.1 57292.5 32785 38013.9 11039.3 13523.1 4883.38 14778
766080 766080 0.00029605 0.00336899 0.0341599 0.0446526 0.0320273 0.02488 0.0231882 0.0232569 0.0237724 0.0242675 0.0245713 0.0246656 0.024595 0.0244369 0.0242747 0.0242025  2.04956e+07 4.36327e+06 1.6064e+07 2.64497e+06 1.40288e+06 462438 539646 176158 105549 15625.4 36021.7 19952.1 22423.7 6324.68 7556.64 10744.3
377025 377025 0.000253109 0.0028819 0.0293721 0.0384826 0.0275478 0.0213699 0.0199059 0.0199608 0.0204018 0.0208264 0.0210869 0.0211678 0.0211071 0.0209711 0.0208317 0.0207697  8.42843e+07 1.00695e+07 1.73717e+06 4.99427e+06 1.61626e+06 871973 321975 317585 151800 96175.5 17009.2 32075 19111.7 22525.8 6429.72 19322.8
3.72476e+06 3.72476e+06 0.00197961 0.0222411 0.199919 0.25073 0.188619 0.150856 0.141816 0.142417 0.145413 0.148213 0.149886 0.150355 0.14989 0.148938 0.14798 0.147556  1.17877e+08 3.81635e+07 6.32262e+06 1.28274e+06 3.12806e+06 1.40819e+06 770278 333503 285713 159634 100010 19002.9 32017.6 18789.7 22459 25934.7
1.79073e+06 1.79073e+06 0.00138659 0.0156577 0.14747 0.18811 0.139026 0.109909 0.102924 0.103264 0.105447 0.107517 0.108765 0.109125 0.108792 0.108095 0.10739 0.107078  5.41968e+06 2.14594e+07 7.19052e+06 1.08282e+06 238430 627496 343305 188831 85688.4 68226.9 39633.1 24052.1 4501.58 7275.75 4192.68 10790.4
766039 766039 0.000360937 0.0041069 0.0415851 0.0543764 0.0390331 0.0303241 0.0282552 0.0283313 0.0289529 0.029551 0.0299175 0.0300303 0.0299434 0.0297504 0.029553 0.0294652  4.05948e+07 2.83537e+06 1.17555e+07 3.63851e+06 574060 147382 415866 228859 122991 53955.2 41489.3 23299.4 13694.1 2488.11 3921.4 7898.36
175888 175888 0.00013042 0.00148542 0.0151896 0.0198972 0.0142181 0.0110255 0.0102732 0.0103059 0.0105376 0.01076 0.0108968 0.0109399 0.0109092 0.0108391 0.0107671 0.010735  4.31341e+07 2.27473e+07 995571 4.19848e+06 1.60496e+06 478392 151127 273738 231575 116503 56657.5 38945.6 25485.9 14879.4 2802.15 12830.8
5.62286e+06 5.62286e+06 0.00260634 0.0289924 0.238921 0.288395 0.223263 0.182831 0.173665 0.175191 0.179233 0.182846 0.184992 0.18563 0.185107 0.183977 0.18283 0.18232  1.94514e+08 2.3936e+07 1.29101e+07 671797 2.97912e+06 1.21858e+06 485866 176633 247665 245020 119213 61519.3 39325.1 26373.4 15150.2 15835.8
2.75696e+06 2.75696e+06 0.00242856 0.0272496 0.241807 0.303267 0.229587 0.183917 0.17273 0.173217 0.176636 0.179862 0.181772 0.18227 0.18167 0.180503 0.179344 0.178833  7.08038e+06 3.46216e+07 4.45052e+06 1.67367e+06 89815.9 517592 235585 110057 41771.4 51981.7 54046.4 25306.4 13010.9 7983.04 5353.57 6167.85
815980 815980 0.000302275 0.00343954 0.0348473 0.0455345 0.0326694 0.0253836 0.0236586 0.023729 0.0242551 0.0247604 0.0250703 0.0251665 0.0250946 0.0249333 0.0247679 0.0246943  8.01513e+07 3.69898e+06 1.86726e+07 1.93418e+06 733860 48713.1 310333 143000 65176.1 23828.1 28534.1 28599.7 12944.6 6453.63 3859.16 5453.34
115041 115041 6.75178e-05 0.000769429 0.00791077 0.0103844 0.00740432 0.00573372 0.00534004 0.00535638 0.00547683 0.00559264 0.00566393 0.00568644 0.00567051 0.00563407 0.00559658 0.00557986  6.41076e+07 2.60399e+07 1.41607e+06 5.91659e+06 1.32131e+06 731509 57661.1 337306 128810 81700.3 32581.1 31276.5 37070 16394.2 8440.64 12031.9
3.98733e+06 3.98733e+06 0.00154646 0.017434 0.161712 0.205017 0.152385 0.120955 0.11344 0.113873 0.116294 0.118575 0.119947 0.120342 0.119976 0.11921 0.118436 0.118094  4.31791e+07 3.44304e+07 1.37515e+07 1.00063e+06 3.79476e+06 1.11713e+06 715422 70764.4 382063 130261 92503.7 37826.5 32593.7 39683.6 17230.2 21582.3
1.72121e+06 1.72121e+06 0.00130611 0.0147611 0.140095 0.179254 0.132102 0.104226 0.0975309 0.0978299 0.0998934 0.101856 0.10304 0.103382 0.103066 0.102404 0.101735 0.101439  1.43359e+07 8.49915e+06 6.91855e+06 2.39586e+06 196589 815345 275431 188638 19627 103563 32956.3 23799.1 9539.04 7843.15 9510.07 9120.07
555187 555187 0.000359464 0.00408863 0.0412611 0.053844 0.0386943 0.0300939 0.0280569 0.0281415 0.028764 0.0293614 0.0297275 0.0298408 0.0297552 0.0295639 0.029368 0.0292808  1.60354e+08 7.50151e+06 4.66537e+06 3.56913e+06 1.30364e+06 123860 548296 186014 124417 12514.1 63777.2 19622.7 13725.1 5340.85 4282.23 9963.75
1.07928e+06 1.07928e+06 0.000704722 0.00799708 0.0789123 0.102236 0.0741578 0.0579801 0.0541289 0.0542928 0.055473 0.0566019 0.0572898 0.0574976 0.0573285 0.0569601 0.0565845 0.0564177  9.27422e+07 4.41725e+07 2.54001e+06 2.42587e+06 1.57446e+06 810292 109966 337382 163772 125121 14230.4 70555.7 19802.6 14977.6 5873.65 15169
4.6591e+06 4.6591e+06 0.00130044 0.0146932 0.13913 0.177766 0.131099 0.103518 0.0969142 0.0972379 0.0993043 0.101264 0.102447 0.102791 0.102479 0.101822 0.101158 0.100863  1.03648e+07 4.45134e+07 2.30777e+07 1.5198e+06 1.73283e+06 1.26159e+06 698827 122943 293274 159514 127760 15865 73460.3 19609.1 15057.3 20875.5
2.2493e+06 2.2493e+06 0.00137717 0.0155466 0.14603 0.185955 0.137543 0.108835 0.10197 0.102338 0.104521 0.106585 0.107829 0.108191 0.107864 0.107174 0.106477 0.106167  2.0838e+06 1.94522e+06 8.61009e+06 4.27282e+06 309306 415219 332855 186207 34556.8 75257.3 41558.7 33269.7 4076.82 18529.8 4780.31 8686.35
1.02014e+06 1.02014e+06 0.000820161 0.00929813 0.0909165 0.117392 0.0854596 0.0669681 0.0625642 0.0627628 0.0641245 0.0654238 0.0662143 0.0664518 0.0662557 0.0658304 0.0653974 0.0652051  1.87438e+08 1.09007e+06 1.06478e+06 4.32713e+06 2.24133e+06 189558 273390 220692 120702 21663.1 45572.2 24331.9 18866.4 2244.41 9947.61 7074.47
620379 620379 0.000601406 0.00683398 0.0683033 0.089001 0.0642496 0.0500562 0.046665 0.0467803 0.0477875 0.0487568 0.0493483 0.0495265 0.0493797 0.0490609 0.0487362 0.0485919  4.94295e+07 4.03818e+07 557983 734555 1.82237e+06 1.12653e+06 147110 229288 179955 107391 23275.8 40186.5 24345.4 19607.6 2420.17 17928.4
7.55635e+06 7.55635e+06 0.00307722 0.0343276 0.289232 0.356003 0.274603 0.222831 0.210226 0.21108 0.215258 0.219126 0.221392 0.221966 0.221233 0.219829 0.218438 0.217827  4.64679e+07 2.76769e+07 1.89044e+07 437437 542422 1.38922e+06 970243 155950 233474 187352 109513 26121.4 39958.6 24673.4 19752.8 20514.2
2.19254e+06 2.19254e+06 0.00208649 0.0234222 0.20893 0.261349 0.197174 0.157977 0.14858 0.149216 0.152344 0.155264 0.157006 0.157492 0.157003 0.156007 0.155005 0.154563  6.85201e+06 9.34264e+06 5.52437e+06 2.56917e+06 68911.4 99580.4 290967 218124 37002.1 53374.8 42565 24079.9 5688.92 8338.61 5105.19 8276.2
1.00162e+06 1.00162e+06 0.000689782 0.00783395 0.0778841 0.101323 0.0733072 0.0571788 0.0533155 0.0534431 0.0545865 0.0556869 0.0563576 0.0565583 0.0563894 0.0560253 0.055655 0.0554905  3.24169e+08 3.5797e+06 5.04405e+06 2.43265e+06 1.13453e+06 37343.8 59677.8 177084 129931 21288.4 29609.8 22794.9 12476.3 2859.64 4086.04 6417.04
1.11857e+06 1.11857e+06 0.000702131 0.00797076 0.0789298 0.102466 0.0742367 0.0579754 0.0540917 0.0542379 0.0554071 0.0565289 0.0572125 0.0574179 0.0572476 0.0568788 0.0565033 0.0563366  1.20726e+08 7.0425e+07 1.48536e+06 2.08892e+06 1.03341e+06 593015 52311.9 71559.6 163397 129328 26479.2 35974.8 28118.6 15362.5 3709.61 13092.2
1.06963e+07 1.06963e+07 0.00264686 0.0295414 0.250313 0.306976 0.235845 0.19146 0.180967 0.182043 0.18593 0.189483 0.191585 0.192169 0.19158 0.190382 0.189179 0.188648  4.54371e+07 5.37728e+07 3.18615e+07 1.00411e+06 1.46337e+06 842980 513220 64580.6 71974.5 158007 130756 29042.6 37559.9 29030.4 15466.1 17011.6
2.33122e+06 2.33122e+06 0.00127825 0.0144437 0.136875 0.174898 0.128932 0.101787 0.0952857 0.0956038 0.0976393 0.0995705 0.100737 0.101077 0.100771 0.100126 0.0994723 0.0991827  7.74259e+06 8.21838e+06 9.93861e+06 4.30067e+06 154488 277479 188962 118612 16234.1 16569.3 35629.3 29537.8 6512.39 8187.42 6244.31 6862.38
972731 972731 0.000534053 0.00606888 0.0606941 0.0790221 0.0570128 0.0444251 0.041429 0.0415445 0.0424501 0.0433196 0.0438508 0.0440127 0.0438841 0.0436015 0.0433131 0.0431848  2.14502e+08 4.05121e+06 4.50917e+06 5.10734e+06 2.32415e+06 96755.5 185737 127137 77981.3 10321.9 10178.1 21164.4 16996.5 3638.27 4460.53 6993.05
1.12512e+06 1.12512e+06 0.000764853 0.0086795 0.0856328 0.111048 0.0805796 0.062982 0.0587746 0.0589322 0.0601975 0.061411 0.0621497 0.0623705 0.0621846 0.0617838 0.0613763 0.0611953  3.68682e+07 5.43709e+07 2.13601e+06 1.76443e+06 1.90672e+06 952471 94145.1 163571 121390 77500.5 13244.6 11638.3 23241.5 19394.2 4393.69 13527.1
5.11789e+06 5.11789e+06 0.00143598 0.0161968 0.150974 0.19159 0.142101 0.112684 0.105675 0.106098 0.108378 0.110524 0.111818 0.112195 0.111857 0.111144 0.110423 0.110103  1.1775e+08 1.96547e+07 2.59755e+07 1.3506e+06 1.11986e+06 1.33272e+06 726283 108238 173133 132379 82743.7 15273.8 12249.3 23602 19629.6 18301.8
2.08141e+06 2.08141e+06 0.00156716 0.0176676 0.163887 0.207852 0.154504 0.122614 0.11497 0.11539 0.11783 0.120133 0.121517 0.121915 0.121542 0.120765 0.119982 0.119635  7.20392e+06 2.10328e+07 3.7554e+06 4.49605e+06 262327 250623 324914 183408 30535.8 46779.2 35457.2 21521 3898.45 3020.11 5717.9 9086.06
1.13593e+06 1.13593e+06 0.000568747 0.00646155 0.0644695 0.083872 0.0605706 0.0472241 0.0440462 0.0441697 0.0451311 0.0460537 0.0466171 0.0467884 0.0466513 0.046351 0.0460445 0.0459083  8.43824e+07 3.76734e+06 1.14753e+07 1.82845e+06 2.26469e+06 156241 161445 211127 116516 18751.1 27732.5 20314.3 11938.4 2099.1 1585.59 7606.94
1.07268e+06 1.07268e+06 0.000883672 0.0100239 0.0984996 0.127694 0.0928402 0.0726101 0.067749 0.0679083 0.0693441 0.0707242 0.0715624 0.0718092 0.0715914 0.0711289 0.0706599 0.0704519  3.35244e+07 2.40757e+07 1.14943e+06 3.81288e+06 938542 1.03587e+06 130311 115072 142091 83019.3 20741.8 29022.8 21952.3 12831.5 2326.65 9871.56
5.71847e+06 5.71847e+06 0.00337078 0.0372439 0.289673 0.342966 0.270793 0.224811 0.214547 0.216691 0.22168 0.226062 0.228639 0.229387 0.228737 0.22736 0.225968 0.225352  8.57389e+07 1.73171e+07 1.19803e+07 666713 2.27493e+06 724894 840372 137294 110639 134056 80310.6 23003.7 30629.1 22869.6 13093.6 12352.5
1.27796e+06 1.27796e+06 0.00169571 0.019119 0.177448 0.225604 0.167786 0.133032 0.124611 0.124962 0.127528 0.129966 0.131427 0.131835 0.13142 0.130575 0.129727 0.129352  9.41896e+06 1.52812e+07 3.17604e+06 1.32215e+06 74105.1 325363 132161 165689 29862.8 22849.6 27081.5 16097.1 4693.31 6069.48 4454.06 4865.14
1.19282e+06 1.19282e+06 0.000747677 0.00848637 0.0838919 0.108883 0.0789489 0.061671 0.0575346 0.0576818 0.0589179 0.0601051 0.0608281 0.0610442 0.0608621 0.0604697 0.0600706 0.0598934  2.67041e+08 4.92609e+06 8.34004e+06 1.5488e+06 670720 44491.7 210836 86195.5 105462 18349.4 13542.2 15501.8 8918.24 2523.35 3181.53 4783.83
2.29873e+06 2.29873e+06 0.00156797 0.0177113 0.167157 0.214132 0.15831 0.124945 0.116815 0.117055 0.11942 0.121688 0.123049 0.123425 0.123031 0.122235 0.121437 0.121084  1.04377e+08 5.92375e+07 1.69118e+06 2.59029e+06 825125 454265 48486.8 187461 90001.9 104515 23605.4 16068.8 18173 10724.3 3319.52 10271.5
1.17002e+07 1.17002e+07 0.00342754 0.0381422 0.31449 0.384578 0.29903 0.243844 0.230356 0.231309 0.235816 0.239972 0.242391 0.242984 0.242169 0.240635 0.239122 0.238458  9.36852e+07 4.5964e+07 2.69074e+07 965111 1.41074e+06 637019 401188 54896.5 179246 91130.6 106379 25553.9 16498.5 18237.1 10670.4 13666.8
3.8155e+06 3.8155e+06 0.00255105 0.0285836 0.250477 0.312529 0.237643 0.190992 0.179599 0.180186 0.183769 0.187131 0.189118 0.189637 0.189016 0.187808 0.186606 0.186077  6.35041e+06 1.66913e+07 8.44722e+06 3.40628e+06 135434 244814 137784 91430.8 13223.1 40237.8 20394.4 23549.9 5605.03 3508.54 3800.08 5008.44
1.59049e+06 1.59049e+06 0.000917199 0.0103934 0.101166 0.130496 0.0951881 0.0746561 0.0697483 0.0699565 0.0714596 0.0728952 0.0737672 0.0740268 0.0738059 0.0733317 0.0728498 0.0726359  2.15564e+07 3.31646e+06 8.97084e+06 3.55244e+06 1.42812e+06 71055.2 143096 81762.1 52979.8 7381.87 21613.8 10559.1 11784.6 2719.61 1659.07 4077.33
642993 642993 0.000638164 0.00724308 0.0716055 0.0927642 0.0672213 0.0525436 0.0490589 0.0492172 0.0502968 0.0513281 0.0519574 0.0521492 0.0519975 0.051664 0.0513233 0.0511719  4.08018e+07 1.22996e+07 2.098e+06 2.54058e+06 1.26266e+06 673196 80379.7 121965 91892.1 61066.4 10045.4 26632.1 13796.4 15474.8 3721.96 7690.69
4.1994e+06 4.1994e+06 0.00302397 0.0337196 0.283164 0.347599 0.268293 0.217989 0.205841 0.206801 0.21098 0.214829 0.217088 0.217675 0.21697 0.215599 0.214238 0.213639  6.50713e+07 1.93524e+07 7.16144e+06 1.4254e+06 1.50385e+06 931745 577148 96300.6 126571 101860 67712.3 11797.7 28864.5 14939.2 16431.9 12062.1
1.50783e+06 1.50783e+06 0.00217817 0.0244189 0.215263 0.267879 0.202915 0.163094 0.153594 0.154336 0.157607 0.160644 0.162453 0.162961 0.162461 0.161435 0.160403 0.159946  5.03892e+06 1.16539e+07 3.66985e+06 998098 213468 265281 197093 131183 23963.5 29568.8 23876.4 15450.2 2633.34 6259.19 3179.01 5995.46
958514 958514 0.000920166 0.0104301 0.101787 0.131505 0.095843 0.075104 0.0701323 0.0703224 0.0718222 0.0732585 0.0741308 0.0743891 0.0741656 0.0736881 0.0732033 0.0729883  9.61215e+06 2.63159e+06 6.27117e+06 1.56695e+06 422252 112007 155101 117370 76545.7 13510.2 16075.4 12530.5 7844.38 1297.08 3005.35 4310.03
550671 550671 0.000799641 0.00907044 0.0891363 0.115392 0.0838552 0.0656106 0.0612504 0.0614226 0.0627441 0.0640096 0.0647796 0.0650099 0.0648165 0.0643994 0.0639751 0.0637868  6.72647e+07 7.25993e+06 1.08059e+06 1.88513e+06 736581 357838 146885 113983 100257 75090.3 17922.4 19562.8 16183.4 10116.4 1728.25 9446.79
2.49188e+06 2.49188e+06 0.00219542 0.0246645 0.221438 0.278512 0.20984 0.167694 0.15744 0.157926 0.161106 0.164105 0.165888 0.166366 0.165829 0.164766 0.163704 0.163236  3.21146e+07 3.03268e+07 4.524e+06 684552 1.10716e+06 628933 352788 169359 111234 102274 78626.9 20158.2 20623.4 16858.4 10390.6 11384.8
1.92007e+06 1.92007e+06 0.00227767 0.0255687 0.227949 0.285939 0.215984 0.172895 0.162404 0.162924 0.166205 0.169294 0.171128 0.171619 0.171065 0.169971 0.168878 0.168396  4.88624e+07 5.89997e+06 5.76706e+06 750252 120390 225687 158873 91860.1 45696 27634.6 25271.7 19162.9 4849.29 4819.57 3874.79 4907.91
1.20315e+06 1.20315e+06 0.00105351 0.0119308 0.115438 0.148733 0.10878 0.085411 0.0797961 0.0800117 0.0817062 0.0833271 0.0843095 0.0845974 0.084341 0.0837981 0.083248 0.0830042  7.8242e+07 2.55291e+07 3.18569e+06 2.53649e+06 333056 65747.4 136021 96971 54748.9 26257.9 15291.9 13488.3 9890.03 2427.37 2351.44 4194.99
1.08583e+06 1.08583e+06 0.000806861 0.00915266 0.0899702 0.116505 0.0846595 0.0662303 0.0618219 0.0619909 0.0633214 0.0645965 0.0653722 0.0656039 0.0654083 0.0649871 0.0645589 0.0643688  3.59131e+07 2.48835e+07 6.33077e+06 1.14208e+06 994006 251987 62054.1 90974.1 102475 61089.3 32944.2 16611.1 15470.4 11668.6 2981.81 7912.39
5.30083e+06 5.30083e+06 0.00264483 0.0295948 0.256306 0.318169 0.242901 0.195855 0.18444 0.185158 0.188887 0.192362 0.194412 0.194952 0.19432 0.193084 0.191853 0.191311  3.48043e+07 1.72158e+07 1.26143e+07 3.13659e+06 788482 772084 245910 68965.5 84755.4 110871 64615.6 35311.9 16891.7 15547.8 11569.3 10760.7
1.85101e+06 1.85101e+06 0.002572 0.0288424 0.25455 0.319001 0.242078 0.194098 0.182268 0.182717 0.186261 0.189612 0.19159 0.192094 0.191453 0.190221 0.189 0.188463  2.50228e+07 6.25838e+06 3.21453e+06 1.82669e+06 458637 162530 178165 60964.3 17436.1 19843.3 27135.1 15285.1 8209.81 3770.93 3415.38 4837.06
1.56555e+06 1.56555e+06 0.00166919 0.0188249 0.17513 0.222862 0.1656 0.131218 0.122883 0.12322 0.125749 0.128153 0.129596 0.129998 0.129589 0.128755 0.127918 0.127548  1.33587e+08 1.30712e+07 3.37067e+06 1.37745e+06 788327 246291 96692.8 107280 35785 9850.6 10780.7 14204.8 7732.2 4026.5 1802.32 3860.53
1.10979e+06 1.10979e+06 0.00117797 0.0133354 0.12855 0.165621 0.12136 0.09534 0.0890562 0.0892654 0.0911242 0.0929064 0.0939839 0.0942941 0.0940029 0.0933959 0.0927829 0.0925115  2.99436e+07 2.91528e+07 3.20601e+06 799940 504650 423883 134608 97432.2 100684 39654.4 11989.2 11484 17977.1 9661.68 5092.29 7050.61
5.10322e+06 5.10322e+06 0.00279831 0.0311351 0.256915 0.311256 0.241124 0.197186 0.187016 0.18843 0.192605 0.196365 0.198589 0.199224 0.198636 0.197412 0.196178 0.195632  4.58549e+07 2.10967e+07 1.35971e+07 1.56118e+06 443470 370899 377914 126831 110738 108055 43275.8 13319.5 11889 18715 9836.64 12221.3
2.21242e+06 2.21242e+06 0.00280155 0.0313964 0.275339 0.345093 0.2627 0.210789 0.197837 0.198176 0.201887 0.205417 0.207489 0.207993 0.207278 0.205937 0.204616 0.204036  2.52525e+06 8.7423e+06 4.37301e+06 1.75481e+06 196968 74859.2 75956.6 86351.3 29232.2 26700.6 25203.6 9860.63 2956.17 2554.15 4004.98 4626.72
1.36033e+06 1.36033e+06 0.00153651 0.017352 0.163453 0.209043 0.154609 0.122107 0.114208 0.114474 0.116813 0.119049 0.120393 0.120769 0.120388 0.119612 0.118831 0.118486  2.13964e+07 1.31899e+06 4.70126e+06 1.84348e+06 745238 104885 44240.2 45381 50208.8 16334.3 14330.4 13022.9 4920.91 1429.87 1203.77 3982.89
800474 800474 0.00118828 0.0134515 0.129611 0.166972 0.122374 0.0961422 0.0898028 0.0900103 0.0918821 0.0936773 0.0947625 0.0950746 0.0947806 0.0941686 0.0935506 0.093277  3.61412e+07 1.81393e+07 551010 1.5994e+06 981816 312414 67668.2 31546.8 42165 57310.6 18742.7 19446.9 17307.4 6581.41 1916.22 6926.17
5.02907e+06 5.02907e+06 0.00339383 0.0378279 0.316154 0.38932 0.301515 0.244882 0.230851 0.231549 0.235916 0.23999 0.242358 0.242919 0.242083 0.240535 0.239014 0.238347  2.59989e+07 1.94115e+07 1.07044e+07 385216 1.03723e+06 939291 268604 69373.2 32307.3 43971 62216.5 20333.3 21267.2 18227.1 6837.34 9038.02
1.21704e+06 1.21704e+06 0.00178437 0.0201264 0.187372 0.238998 0.177661 0.140651 0.131592 0.131855 0.134487 0.137006 0.138514 0.138923 0.138474 0.137578 0.136682 0.136287  8.22531e+06 4.68795e+06 3.60101e+06 1.45785e+06 59667.7 194099 226984 62092.3 16673.3 7556.07 10125.4 14241.3 4515.72 4639.81 3891.41 3321.92
763583 763583 0.00108021 0.0122362 0.118651 0.153137 0.111938 0.0878167 0.0819987 0.0821913 0.0839124 0.0855641 0.0865645 0.086855 0.0865887 0.0860298 0.0854644 0.0852139  1.8086e+07 4.30242e+06 2.56108e+06 1.7701e+06 750914 36318.3 127080 149193 39761.1 10294.7 4496.43 5816.48 7915.72 2435.35 2439.42 3715.36
373740 373740 0.000617877 0.00701922 0.0699747 0.0910663 0.0658012 0.0513002 0.0478363 0.0479591 0.048994 0.049989 0.0505961 0.0507793 0.0506292 0.0503028 0.0499701 0.0498224  1.57156e+07 1.49867e+07 1.261e+06 806635 777160 520788 39038.2 103190 171683 36973.8 11563.6 5112.63 6895.55 9734.27 2961.42 7569.63
3.11007e+06 3.11007e+06 0.00243167 0.0272429 0.238592 0.297031 0.225754 0.181596 0.170934 0.171627 0.175139 0.178412 0.180351 0.180874 0.180297 0.179151 0.178006 0.177501  1.45997e+07 8.44367e+06 9.27514e+06 785725 534958 608063 513371 49575.2 110359 200002 40491.3 12963.8 5581.86 7325.46 10193.6 10923.6
794926 794926 0.00179153 0.0202015 0.187598 0.238968 0.177785 0.140857 0.131835 0.132123 0.134774 0.137307 0.138822 0.139235 0.138787 0.137891 0.136994 0.136598  1.98554e+06 2.72008e+06 1.61332e+06 1.44502e+06 129050 106337 137668 129419 13003.5 27341.6 50217.3 9663.85 3033.54 1271.94 1638.38 4653.77
591376 591376 0.00124139 0.0140331 0.13351 0.170882 0.125785 0.0991913 0.09281 0.0931014 0.0950778 0.0969574 0.0980935 0.0984248 0.0981265 0.0974973 0.0968603 0.096578  9.22372e+07 1.0385e+06 1.48497e+06 787963 737368 77979.6 69235.3 90060.4 82514.9 7995.66 16204.6 28732.1 5350.13 1629.53 666.091 3222.23
593296 593296 0.00106066 0.0120131 0.116349 0.150013 0.109686 0.086093 0.080418 0.0806259 0.0823268 0.0839557 0.0849425 0.0852309 0.0849715 0.0844239 0.0838694 0.0836237  5.08993e+07 2.30632e+07 683255 535609 324444 451823 60291 49300 70994 84615.4 9348.98 17370.4 33528.1 5937.76 1840.29 4405.07
4.1398e+06 4.1398e+06 0.00328157 0.0356818 0.245023 0.272317 0.221375 0.190473 0.185586 0.189701 0.195469 0.200211 0.203048 0.204064 0.203711 0.202626 0.201459 0.200931  4.4026e+07 2.3348e+07 1.1142e+07 522844 376483 265813 447169 71092.5 52856.1 72977.9 92487.7 10762 18523.5 35243.2 6116.03 6341.84
1.75351e+06 1.75351e+06 0.00287099 0.0321106 0.276787 0.343919 0.263225 0.212254 0.199672 0.200242 0.204117 0.207758 0.209897 0.210435 0.209731 0.208389 0.207061 0.206477  3.97305e+06 7.85781e+06 4.07986e+06 876783 46198.9 42871.4 39909 79844.3 13414.6 9527.48 13082.3 16880.1 1909.78 3217.68 6065.3 2093.28
880511 880511 0.00101658 0.0115018 0.110371 0.14143 0.103689 0.0816336 0.0763766 0.0766482 0.0783154 0.0798983 0.0808591 0.0811473 0.0809087 0.0803921 0.0798664 0.079633  1.10486e+08 2.0741e+06 4.20469e+06 1.64322e+06 348610 23378.1 24364 23047.5 44979.8 7270.68 4962.66 6562.02 8178.55 896.873 1472.4 3661.79
547661 547661 0.000747488 0.00848521 0.0839697 0.109052 0.0790418 0.0617192 0.0575653 0.0577047 0.0589373 0.0601229 0.0608449 0.0610604 0.0608778 0.0604851 0.0600858 0.0599085  3.4846e+07 2.74974e+07 781963 1.35121e+06 599712 225619 47902.3 34790.7 31745.8 69281.8 11670.9 7467.51 10077.6 13134.4 1446.81 8184.36
3.42889e+06 3.42889e+06 0.00197266 0.0221506 0.198137 0.247779 0.186664 0.149517 0.140667 0.141325 0.144338 0.147144 0.14882 0.149297 0.148842 0.1479 0.146951 0.146531  1.80729e+07 1.6274e+07 1.30931e+07 519590 881042 467067 234345 66936.7 44806.9 38395.6 82475.7 14243.4 8723 11153.8 14278 10331.9
1.25146e+06 1.25146e+06 0.00190761 0.0214374 0.193155 0.242288 0.182053 0.145526 0.136783 0.137369 0.14028 0.143001 0.144629 0.145092 0.144648 0.14373 0.142806 0.142397  1.08778e+07 3.25664e+06 3.05791e+06 2.03683e+06 90452.5 180135 109899 61284.2 18281.8 11673 9795.46 20695.4 3437.68 2041.88 2575.66 5605.81
733876 733876 0.00116413 0.0131753 0.126712 0.162991 0.119511 0.0939576 0.0877992 0.0880264 0.0898744 0.0916425 0.0927121 0.0930225 0.0927378 0.0921405 0.0915365 0.0912689  6.18224e+07 5.68424e+06 1.76292e+06 1.38191e+06 928957 50112.8 109769 67913.7 37069.7 10686.6 6583.45 5335.69 10910.1 1758.55 1018.33 3991.48
470579 470579 0.000913932 0.0103624 0.101399 0.131194 0.0955292 0.0747939 0.0698114 0.0699844 0.0714684 0.0728929 0.0737581 0.0740134 0.0737899 0.073314 0.0728313 0.0726172  2.85924e+07 1.39048e+07 1.48876e+06 487225 434740 355770 38362 70670.7 50354.2 37283.9 12684.3 7347.64 6060.05 12554.2 1981.22 5626.08
3.71778e+06 3.71778e+06 0.00550239 0.058499 0.340161 0.361101 0.306489 0.273104 0.269776 0.276967 0.285606 0.292422 0.296431 0.297868 0.297405 0.295931 0.294343 0.293625  2.49267e+07 1.26634e+07 6.55718e+06 791114 290672 304055 286431 43916.9 72097.9 51525.2 40576.5 14234.8 7958.99 6278.27 12627.4 7568.07
1.80103e+06 1.80103e+06 0.00705969 0.0767899 0.52273 0.608608 0.506097 0.42958 0.409469 0.410573 0.416896 0.422601 0.425673 0.426046 0.424377 0.421721 0.41922 0.41814  1.49861e+07 4.43815e+06 2.09412e+06 316488 31743.8 19626.5 30435.7 35657.2 6562.66 10154.3 7431.28 5942.5 2026.24 1096.59 859.514 2738.96
1.18402e+06 1.18402e+06 0.00274993 0.0308194 0.270439 0.338763 0.25769 0.206623 0.193763 0.19402 0.197655 0.201133 0.203182 0.203691 0.202999 0.201691 0.2004 0.199832  6.3346e+07 7.77385e+06 2.21672e+06 432296 53899.9 8881 7080.44 11529.9 13145.2 2298.64 3372.72 2351.55 1803.09 593.343 312.243 1001.14
643911 643911 0.00110019 0.0124479 0.119421 0.153224 0.112391 0.0884442 0.0826954 0.082946 0.0847183 0.0864083 0.0874326 0.0877353 0.0874726 0.0869122 0.0863435 0.0860913  3.55133e+07 1.65125e+07 2.33571e+06 554577 165777 68606.7 25583 15486.2 22320.2 28866.4 6489.79 8954.33 6689.94 5398.52 1774.43 3936.96
3.5884e+06 3.5884e+06 0.00301652 0.0336743 0.285477 0.352245 0.271122 0.219619 0.207016 0.207781 0.211868 0.215671 0.2179 0.218465 0.217743 0.216358 0.214987 0.214384  2.57209e+07 1.77407e+07 8.04837e+06 1.25678e+06 338852 143846 81948.4 34519.2 19686.3 26521.4 34014.5 7887.7 10428.5 7431.53 5888.28 6145.4
1.29321e+06 1.29321e+06 0.00232469 0.0260796 0.231163 0.289236 0.218889 0.175448 0.164848 0.165385 0.168723 0.171864 0.173729 0.174231 0.173673 0.172564 0.171458 0.17097  1.05831e+07 4.64791e+06 3.29157e+06 1.1069e+06 181412 64100.6 33584.1 21187.8 8994.77 4910.75 6473.27 8142.53 1818.42 2334.17 1643.43 2610
819710 819710 0.00129177 0.0145993 0.138591 0.177308 0.130636 0.103045 0.0963985 0.0966811 0.0987196 0.100662 0.101835 0.102175 0.101864 0.101211 0.10055 0.100257  4.4242e+07 5.52842e+06 2.5056e+06 1.42606e+06 481207 97508.4 38142.1 20251.1 12476.4 5106.59 2684.79 3413.37 4151.64 899.223 1125.04 2006.3
323287 323287 0.000617797 0.00701926 0.0700618 0.0912455 0.0659007 0.051351 0.0478659 0.0479788 0.0490096 0.0500027 0.0506089 0.0507916 0.0506411 0.0503143 0.0499815 0.0498337  3.26698e+07 1.17643e+07 1.46808e+06 707456 512461 217665 75649.7 30031.9 20787.1 15645.9 6847.16 3516.86 4564.7 5632.6 1189.66 4162.44
4.11663e+06 4.11663e+06 0.00518197 0.0567792 0.410988 0.481157 0.390594 0.32848 0.313664 0.315861 0.322031 0.327467 0.33055 0.33125 0.33014 0.328119 0.326145 0.325281  1.30597e+07 1.45441e+07 5.80466e+06 841353 458960 396955 197204 85996.7 33493.6 23875.3 18297.7 7986.04 3976.17 4948.16 5967.83 5612.96
1.63289e+06 1.63289e+06 0.00502975 0.0555644 0.429274 0.519059 0.414297 0.341829 0.322974 0.323371 0.328635 0.333569 0.336336 0.336811 0.335526 0.333369 0.331304 0.330407  6.54168e+06 2.34178e+06 2.57174e+06 521910 72235.7 58507.2 65027.3 36872.8 17158.7 6413.76 4578.07 3438.29 1450.44 699.57 859.52 1976.87
854073 854073 0.00238688 0.0267938 0.238717 0.299862 0.226649 0.181293 0.170094 0.17049 0.173831 0.177003 0.178883 0.179375 0.178786 0.177638 0.176496 0.175993  7.89672e+07 3.40584e+06 1.21564e+06 769139 143789 28471 27448.4 31328.8 17250.4 7659.39 2729.76 1864.93 1347.39 549.616 258.008 1022.79
676917 676917 0.00157982 0.0178415 0.168065 0.215098 0.159116 0.125618 0.117434 0.117664 0.120041 0.122322 0.123692 0.124072 0.123677 0.122878 0.122076 0.121722  4.77574e+07 1.73956e+07 956063 286797 233005 106789 33997.5 29771.3 36637 24568.2 13119.3 4635.93 3416.79 2521.43 1018.71 2393.19
3.89672e+06 3.89672e+06 0.0041052 0.0445464 0.300516 0.33485 0.274461 0.23649 0.229925 0.234392 0.240961 0.246378 0.249578 0.250653 0.250133 0.24877 0.24734 0.246698  4.63461e+07 2.14456e+07 8.07615e+06 508910 170656 170930 108180 41011.3 33331.2 39812.3 27063.2 14740 5075.69 3612.63 2613.79 3469.52
1.47607e+06 1.47607e+06 0.00257615 0.0287382 0.242561 0.296489 0.227903 0.185187 0.175086 0.176176 0.180003 0.183502 0.185579 0.186172 0.185618 0.184466 0.183306 0.182792  4.78215e+07 8.56473e+06 3.71793e+06 605670 36509.1 19085.6 24711.8 19339.8 7823.73 6146.24 7263.01 4950.47 2624.85 876.192 616.789 1020.48
1.23844e+06 1.23844e+06 0.0011903 0.0134683 0.129252 0.16612 0.121893 0.0958535 0.0895494 0.0897635 0.0916412 0.0934414 0.0945309 0.0948472 0.0945573 0.093949 0.0933338 0.0930613  3.88085e+07 2.49439e+07 4.55268e+06 1.41483e+06 218744 17020.5 10183.2 13551.4 10420.7 4075.81 3087.15 3520.25 2320.48 1193.36 388.266 709.974
484365 484365 0.000438495 0.00498765 0.0503286 0.0657629 0.0472783 0.0367481 0.034234 0.0343168 0.0350623 0.0357813 0.0362214 0.0363559 0.0362498 0.036016 0.0357772 0.0356711  2.30883e+07 1.13615e+07 5.98129e+06 1.25469e+06 519487 149788 30407.8 16554.8 19364.1 18570 7585.03 5574.31 6373.41 4317.77 2186.97 2009.86
4.76863e+06 4.76863e+06 0.00467853 0.0512574 0.371284 0.431755 0.349447 0.294465 0.282026 0.284745 0.29089 0.296222 0.299292 0.300096 0.299182 0.297389 0.295607 0.294823  1.98358e+07 1.08246e+07 6.13915e+06 3.11799e+06 825821 412600 159166 40215.8 21205.6 22615.5 22195.5 9121.64 6429.9 7078.32 4681.99 4515.3
1.66543e+06 1.66543e+06 0.00573479 0.0629502 0.461316 0.547861 0.444793 0.37168 0.352818 0.353739 0.359557 0.364883 0.367835 0.368319 0.366922 0.364599 0.362382 0.36142  4.93494e+06 3.53897e+06 1.94403e+06 590319 247462 105080 67915.7 31484.3 8396.78 4312.28 4429.1 4283.59 1705.4 1168.49 1264.53 1619.3
895093 895093 0.00263892 0.0296008 0.261781 0.328797 0.249422 0.199722 0.187316 0.187622 0.191169 0.194554 0.196549 0.197046 0.196378 0.195109 0.193856 0.193305  4.2861e+07 2.56534e+06 1.80815e+06 499801 133048 84314.1 44110.2 29611.5 13365.6 3399.51 1662.35 1632.03 1516.94 583.63 389.091 939.644
313712 313712 0.000946926 0.0107363 0.105025 0.135938 0.0990071 0.077502 0.0723158 0.072477 0.0740024 0.0754699 0.0763609 0.0766223 0.0763896 0.0758965 0.0753968 0.0751752  1.28166e+07 1.0738e+07 833546 402759 193642 128734 74929.7 47210.1 37122.4 22922.9 6600.98 3276.37 3237.14 3089.73 1178.54 2701.35
2.9552e+06 2.9552e+06 0.00508211 0.0552675 0.37786 0.429281 0.352761 0.30167 0.290987 0.294788 0.301652 0.307444 0.310782 0.31172 0.310853 0.309056 0.30725 0.306452  2.31035e+07 6.68483e+06 5.28791e+06 508705 247123 172719 147656 84285.9 54454.3 42311.1 26921 7809.67 3756.64 3542.22 3325.34 4106.18
1.24767e+06 1.24767e+06 0.00647089 0.0708942 0.510677 0.607333 0.497093 0.416024 0.394109 0.394166 0.399829 0.40514 0.408008 0.408303 0.406637 0.404024 0.401573 0.400516  2.77792e+06 4.12406e+06 1.20389e+06 416740 38852.7 26947.5 27610.5 27849.4 15729.9 10089.5 7687.75 4861.75 1362.65 638.573 592.94 1220.71
963508 963508 0.00359985 0.040147 0.336907 0.417145 0.322963 0.261469 0.245686 0.245881 0.250192 0.254312 0.256698 0.257219 0.256296 0.254641 0.253028 0.252323  8.68688e+06 1.44365e+06 2.09744e+06 294556 89603.9 12928.5 11097.8 11756.3 11477.8 6151.22 3742.05 2717.97 1649.01 446.205 203.363 564.699
211280 211280 0.00086642 0.00982918 0.0966802 0.125366 0.0910987 0.0712077 0.0664054 0.0665438 0.0679468 0.0692997 0.0701225 0.0703655 0.0701529 0.0697001 0.0692407 0.0690369  1.16599e+07 6.25758e+06 503184 519228 130019 86852.8 25655 14009.1 19844.6 23333.4 12408.6 7927 5967.74 3763.74 1001.78 1744.1
2.90073e+06 2.90073e+06 0.00709746 0.0768359 0.505004 0.578001 0.48428 0.415333 0.398431 0.400971 0.407987 0.414069 0.417384 0.417941 0.416427 0.413898 0.411485 0.410438  9.28006e+06 6.70339e+06 3.645e+06 304168 321858 122191 102069 33285.7 16935.1 23358.4 26919.9 13906.5 8665.2 6329.97 3910.86 2810.84
730984 730984 0.00445857 0.049474 0.39702 0.485925 0.382709 0.312815 0.29452 0.294605 0.299432 0.304039 0.306656 0.307143 0.305986 0.304008 0.302105 0.301276  1.47415e+06 1.90168e+06 1.18035e+06 258808 20067.3 31877.6 19189.3 18922.6 6180.24 2935.14 4014.85 4523.44 2249.83 1361.37 973.632 1016.39
668698 668698 0.0037492 0.0417623 0.346761 0.427799 0.332457 0.269794 0.253657 0.253868 0.258297 0.262523 0.264966 0.265494 0.26454 0.262836 0.261177 0.260451  2.17143e+07 768302 998108 392364 81801.3 8719.92 16093.4 9866.58 9431.2 2941.37 1333.78 1748.4 1896.7 912.689 537.658 769.422
314053 314053 0.0014176 0.0160266 0.152512 0.195811 0.144248 0.1136 0.106119 0.106318 0.108482 0.110563 0.111818 0.112171 0.111818 0.111095 0.110369 0.110047  1.83152e+07 6.90601e+06 409541 314203 215080 107446 16476.9 19722.9 17190.6 19224.3 6117.02 2656.79 3663.74 4048.73 1928.25 2764.06
1.66407e+06 1.66407e+06 0.00283753 0.0317064 0.271148 0.335244 0.257134 0.207905 0.195907 0.196661 0.200586 0.204239 0.206388 0.206946 0.206271 0.204961 0.203659 0.203087  1.15797e+07 9.17083e+06 4.0522e+06 306782 217498 184077 116715 20684.7 21705.3 20186 22207.1 6961.87 2945.13 3884.56 4176.7 4752.3
953980 953980 0.00357307 0.0397678 0.328148 0.402345 0.312973 0.254836 0.240306 0.240989 0.245492 0.249698 0.25214 0.252713 0.251844 0.250239 0.248665 0.247975  846922 2.1274e+06 1.72931e+06 613497 52264.2 44270.2 43313.4 30569.4 5480.24 5385.81 5044.39 5446.61 1647.08 673.215 875.425 1978.78
685148 685148 0.00261218 0.029315 0.260372 0.327687 0.248212 0.198487 0.186025 0.186263 0.189758 0.193105 0.19508 0.19557 0.194903 0.193642 0.192397 0.191849  4.03152e+07 441633 1.12472e+06 619830 210138 23809.8 23201.6 23197.1 15964.5 2748.02 2589.86 2331.83 2429.07 711.489 283.267 1174.49
583736 583736 0.00232547 0.0261329 0.235092 0.296649 0.223503 0.178319 0.167135 0.167452 0.170697 0.173791 0.175626 0.176101 0.175516 0.174383 0.173258 0.172763  2.11236e+07 1.11542e+07 220885 330778 229400 118321 27248.1 23744.4 28663.3 23588.7 4112.48 3608.56 3495.05 3709.25 1056.92 2172.98
3.1664e+06 3.1664e+06 0.00637129 0.0674745 0.381462 0.404261 0.346179 0.309698 0.305797 0.313447 0.322701 0.329979 0.334211 0.335662 0.335066 0.333392 0.331619 0.330822  1.25705e+07 9.41109e+06 5.77056e+06 150730 177583 164324 112086 31514.3 25302.2 30126.9 25150.9 4370.32 3662.93 3496.63 3621.4 3096.88
1.17832e+06 1.17832e+06 0.00669102 0.0731414 0.517479 0.611498 0.503097 0.422677 0.400826 0.400971 0.406758 0.412166 0.415085 0.415394 0.413716 0.41108 0.408606 0.407538  1.34824e+06 2.26951e+06 1.54293e+06 283176 9067.59 12769.1 18091.7 15959.2 4992.47 3832.9 4524.66 3776.12 634.194 514.897 485.587 921.102
1.01375e+06 1.01375e+06 0.00562261 0.0618341 0.459962 0.549666 0.444167 0.36919 0.349151 0.34939 0.354882 0.360051 0.36293 0.363392 0.362003 0.359701 0.357507 0.356555  3.74395e+07 700274 1.14777e+06 357930 56666.1 2861.05 5042.72 7406.77 6325.98 1877.26 1366.41 1537.05 1230.32 199.452 157.475 420.662
376967 376967 0.00154685 0.0174646 0.164159 0.209712 0.155196 0.122599 0.114638 0.114885 0.117229 0.119475 0.120827 0.121207 0.120827 0.120049 0.119267 0.118921  1.63107e+07 1.04651e+07 541388 218541 100721 78901.3 10439.1 12582 17537.8 15946.3 5354.67 3836.64 4454.23 3636.46 578.964 1673.62
4.06191e+06 4.06191e+06 0.00631863 0.0687136 0.468001 0.539594 0.446812 0.380471 0.364383 0.366834 0.373592 0.37949 0.382766 0.383412 0.382075 0.379754 0.377515 0.37654  2.37704e+07 1.27639e+07 5.63626e+06 422967 146231 90463.1 94724.7 14251.2 15228.6 20822.1 18958 6298.4 4350.36 4894.14 3907.37 2380.92
861757 861757 0.00209045 0.0235027 0.212451 0.267778 0.201176 0.160419 0.150419 0.150807 0.153837 0.156713 0.158429 0.158895 0.158387 0.157372 0.156358 0.15591  3.09334e+07 4.37855e+06 2.58135e+06 471954 42293.3 18720.6 15503.3 19035.9 2899.53 2939.63 3937.81 3515.76 1130.24 756.971 833.661 1053.14
862908 862908 0.00128455 0.0145152 0.137582 0.175836 0.129597 0.102251 0.0956496 0.0959269 0.0979542 0.0998871 0.101056 0.101397 0.10109 0.100443 0.0997884 0.0994981  4.65956e+07 1.61675e+07 2.37305e+06 1.1767e+06 219528 23873.2 11557.5 9655.36 11561.8 1697.93 1658.36 2143.48 1851.06 577.255 376.861 919.638
