1 2 1 1 11.5992 54 3970 3.62093
1 3 1 1 22.036 54 859 1.90597
1 5 1 1 7.23734 54 194 5.80323
1 6 1 1 10.331 54 5686 4.06544
1 7 1 1 51.905 54 751 0.80917
1 10 1 1 46.5481 54 9560 0.902293
1 11 1 1 2.16153 54 828 19.4307
1 14 1 1 30.0647 54 5977 1.39698
1 15 1 1 2.68541 54 266 15.6401
1 18 1 1 36.3103 54 2823 1.1567
1 19 1 1 28.4081 54 666 1.47845
1 22 1 1 15.4505 54 3124 2.71836
1 23 1 1 5.71223 54 50 7.35264
1 26 1 1 38.2339 54 1955 1.0985
1 27 1 1 5.43155 54 145 7.7326
1 30 1 1 20.916 54 2521 2.00803
1 31 1 1 11.7014 54 311 3.58931
1 34 1 1 13.9195 54 2694 3.01736
1 35 1 1 14.9773 54 170 2.80424
1 38 1 1 52.9651 54 1064 0.792975
1 39 1 1 9.4683 54 60 4.43586
1 42 1 1 24.3784 54 2576 1.72283
1 43 1 1 6.36417 54 5 6.59944
1 44 3 3 3.12107 54 1 13.4569
1 46 1 1 9.11605 54 3633 4.60726
1 47 1 1 7.2618 54 5 5.78369
1 50 1 1 53.9715 54 6266 0.778188
1 51 1 1 12.8172 54 68 3.27685
1 53 1 1 11.5015 54 276 3.6517
1 54 1 1 57.7802 54 2185 0.726892
1 58 1 1 21.3791 54 7160 1.96454
1 62 1 1 17.9025 54 2846 2.34604
1 66 1 1 24.9093 54 1159 1.68612
1 70 1 1 25.402 54 194 1.65341
1 71 1 1 5.86137 54 15 7.16556
1 74 1 1 9.50494 54 1758 4.41876
1 76 1 1 32.5527 54 139 1.29022
1 78 1 1 16.1057 54 5394 2.60777
1 78 3 3 2.25738 54 1 18.6056
1 79 1 1 11.42 54 284 3.67776
1 82 1 1 40.2225 54 4172 1.04419
1 83 1 1 32.5463 54 734 1.29047
1 83 2 2 51.0218 54 100 0.823177
1 84 1 1 1.17883 54 3 35.6285
1 85 3 3 0.0786895 54 2 533.743
1 86 1 1 24.0348 54 1680 1.74747
1 86 2 2 22.462 54 158 1.86982
1 86 3 3 0.369982 54 1 113.519
1 87 1 1 8.61719 54 40 4.87398
1 90 1 1 11.8975 54 2030 3.53016
1 90 2 2 9.38776 54 100 4.47391
1 91 1 1 35.8832 54 569 1.17047
1 94 1 1 26.4524 54 2326 1.58776
1 94 3 3 3.90346 54 1 10.7597
1 95 1 1 18.0005 54 20 2.33327
1 98 1 1 38.3881 54 5174 1.09409
1 99 1 1 96.8842 54 3563 0.433507
1 102 1 1 49.2189 54 17275 0.853331
1 103 1 1 79.178 54 3730 0.53045
1 106 1 1 53.8191 54 5314 0.780393
1 107 1 1 47.8521 54 32 0.877705
1 110 1 1 67.2258 54 4552 0.62476
1 111 1 1 58.9029 54 692 0.713038
1 113 1 1 8.17981 54 4 5.13459
1 114 1 1 35.7224 54 21772 1.17573
1 114 2 2 73.9382 54 418 0.568042
1 114 3 3 2.73929 54 7 15.3325
1 115 1 1 49.9902 54 3886 0.840165
1 118 1 1 45.7399 54 26023 0.918235
1 118 2 2 32.1089 54 207 1.30805
1 119 1 1 143.315 54 1429 0.29306
1 120 3 3 0.947612 54 3 44.3219
1 122 1 1 42.6903 54 4936 0.983831
1 123 1 1 92.7896 54 4866 0.452637
1 124 1 1 84.1686 54 1139 0.498998
1 124 3 3 0.159924 54 5 262.625
1 125 3 3 32.6283 54 115 1.28723
1 126 1 1 57.6845 54 6555 0.728099
1 126 2 2 28.6228 54 614 1.46736
1 127 1 1 21.4202 54 1194 1.96077
1 128 1 1 11.6472 54 1407 3.60601
1 129 1 1 9.42496 54 100 4.45625
1 129 3 3 0.199324 54 2 210.712
1 130 1 1 46.787 54 8511 0.897684
1 130 2 2 97.5771 54 606 0.430429
1 131 1 1 13.2211 54 3350 3.17673
1 132 1 1 4.48961 54 1359 9.35492
1 133 1 1 14.2863 54 65 2.93988
1 134 1 1 70.4999 54 8222 0.595746
1 134 2 2 59.6066 54 1170 0.70462
1 135 1 1 347.974 54 5277 0.120699
1 136 1 1 76.5918 54 1455 0.548362
1 137 1 1 2.14483 54 30 19.582
1 138 1 1 235.292 54 4376 0.178501
1 138 2 2 88.5379 54 1146 0.474373
1 139 1 1 20.1458 54 2091 2.0848
1 140 1 1 2.86029 54 137 14.6838
1 141 1 1 9.82417 54 84 4.27517
1 142 1 1 73.9835 54 2700 0.567694
1 142 2 2 62.0689 54 508 0.676667
1 143 1 1 84.437 54 3778 0.497413
1 144 1 1 3.31147 54 85 12.6832
1 146 1 1 35.2273 54 3632 1.19226
1 146 2 2 29.8755 54 300 1.40583
1 147 1 1 126.464 54 2217 0.332112
1 147 2 2 31.7386 54 224 1.32331
1 148 1 1 18.136 54 1017 2.31584
1 149 1 1 20.4488 54 41 2.05391
1 150 1 1 74.8806 54 7919 0.560893
1 150 2 2 48.0325 54 3414 0.874408
1 151 1 1 149.704 54 6313 0.280554
1 152 1 1 23.3457 54 3476 1.79905
1 153 1 1 19.4152 54 173 2.16325
1 154 1 1 29.2121 54 17818 1.43776
1 155 1 1 152.859 54 14497 0.274764
1 156 1 1 18.8456 54 3079 2.22863
1 157 1 1 23.5137 54 912 1.7862
1 158 1 1 28.9289 54 12114 1.45184
1 159 1 1 37.6815 54 9998 1.11461
1 160 1 1 6.40083 54 4899 6.56165
1 161 1 1 7.54097 54 67 5.56958
1 162 1 1 22.1419 54 14243 1.89686
1 163 1 1 56.9698 54 16847 0.737233
1 164 1 1 9.26772 54 3786 4.53186
1 165 1 1 23.7888 54 659 1.76554
1 166 1 1 40.5776 54 21464 1.03505
1 167 1 1 53.907 54 12396 0.779119
1 167 3 3 7.15202 54 3 5.87247
1 168 1 1 30.3739 54 8206 1.38277
1 169 1 1 11.7831 54 16 3.56442
1 170 1 1 64.0197 54 14156 0.656048
1 171 1 1 157.498 54 10871 0.266669
1 172 1 1 31.3333 54 3499 1.34043
1 173 3 3 2.36679 54 1 17.7456
1 174 1 1 62.0482 54 2813 0.676893
1 175 1 1 3.77405 54 25 11.1286
1 176 1 1 26.9263 54 45 1.55981
1 176 3 3 3.97228 54 2 10.5733
1 178 1 1 30.7294 54 6216 1.36677
1 179 1 1 58.4403 54 6464 0.718682
1 180 1 1 53.8064 54 874 0.780577
1 182 1 1 72.7174 54 13509 0.577578
1 183 1 1 42.8321 54 3065 0.980573
1 184 1 1 11.4768 54 760 3.65956
1 185 1 1 10.5452 54 89 3.98287
1 186 1 1 48.7771 54 7777 0.861061
1 187 1 1 24.1973 54 3087 1.73573
1 188 1 1 116.763 54 2704 0.359702
2 2 1 4 18.0397 54 2480 2.3282
2 3 1 4 55.6601 54 5296 0.75458
2 4 1 4 19.7654 54 499 2.12492
2 6 1 4 11.8317 54 4563 3.54978
2 7 1 4 43.5419 54 5642 0.964587
2 8 1 4 35.3444 54 1425 1.18831
2 10 1 4 23.9232 54 5149 1.75562
2 11 1 4 39.3477 54 4944 1.06741
2 12 1 4 17.0359 54 1010 2.46537
2 12 3 6 0.910378 54 1 46.1347
2 14 1 4 22.8016 54 3782 1.84198
2 15 1 4 26.6764 54 2376 1.57443
2 16 1 4 31.7578 54 450 1.32251
2 16 3 6 15.0848 54 13 2.78425
2 17 2 6 14.9718 54 12 2.80528
2 18 1 4 23.381 54 192 1.79633
2 19 1 4 30.9551 54 4612 1.3568
2 20 1 4 8.74736 54 326 4.80145
2 20 3 6 0.629038 54 2 66.7686
2 22 1 4 17.8795 54 1749 2.34906
2 23 1 4 28.4976 54 3446 1.47381
2 24 1 4 59.9639 54 1207 0.700421
2 24 3 6 8.18345 54 7 5.13231
2 25 3 6 3.1134 54 1 13.4901
2 26 1 4 34.0794 54 3571 1.23242
2 27 1 4 44.3304 54 5790 0.947431
2 27 3 6 1.67925 54 6 25.0111
2 28 1 4 20.422 54 1494 2.0566
2 29 2 6 16.4738 54 5 2.54951
2 30 1 4 31.3069 54 1000 1.34156
2 31 1 4 43.3049 54 2944 0.969866
2 32 1 4 14.1243 54 580 2.97359
2 34 1 4 12.9793 54 2396 3.23591
2 35 1 4 37.7223 54 4728 1.1134
2 36 1 4 19.189 54 948 2.18875
2 38 1 4 52.2156 54 2378 0.804357
2 39 1 4 49.5236 54 4288 0.84808
2 40 1 4 32.3713 54 1850 1.29745
2 42 1 4 22.097 54 2909 1.90071
2 43 1 4 32.325 54 12716 1.2993
2 44 1 4 23.072 54 1285 1.82039
2 46 1 4 20.0837 54 8558 2.09124
2 47 1 4 29.7858 54 13450 1.41007
2 48 1 4 37.6404 54 2416 1.11582
2 50 1 4 44.5533 54 7592 0.942692
2 51 1 4 36.7345 54 20669 1.14334
2 52 1 4 18.4138 54 2348 2.2809
2 52 3 6 9.07771 54 11 4.62672
2 54 1 4 33.3112 54 4523 1.26084
2 55 1 4 25.2928 54 11310 1.66055
2 56 1 4 23.137 54 1729 1.81527
2 56 3 6 35.7999 54 21 1.17319
2 58 1 4 26.4899 54 5222 1.58551
2 59 1 4 43.8444 54 10215 0.957933
2 60 1 4 17.511 54 2244 2.39849
2 60 3 6 2.62031 54 2 16.0286
2 62 1 4 26.9495 54 6600 1.55847
2 63 1 4 21.3722 54 9644 1.96517
2 63 3 6 4.56905 54 4 9.19228
2 64 1 4 24.2091 54 2075 1.73488
2 66 1 4 30.0268 54 2300 1.39875
2 67 1 4 25.5114 54 7980 1.64632
2 67 3 6 1.90821 54 2 22.0102
2 68 1 4 23.1781 54 962 1.81206
2 68 3 6 0.00013803 54 22 304282
2 70 1 4 26.4863 54 3297 1.58572
2 71 1 4 55.913 54 8678 0.751167
2 72 1 4 17.494 54 3388 2.40082
2 74 1 4 61.1616 54 5464 0.686705
2 75 1 4 38.4599 54 5910 1.09205
2 76 1 4 40.7498 54 1646 1.03068
2 78 1 4 20.5743 54 7811 2.04138
2 79 1 4 32.877 54 14481 1.27749
2 79 3 6 12.7178 54 7 3.30245
2 80 1 4 17.4814 54 3615 2.40255
2 80 3 6 2.49209 54 7 16.8533
2 82 1 4 26.2463 54 5030 1.60022
2 83 1 4 31.5684 54 20094 1.33044
2 83 2 5 45.8632 54 974 0.915766
2 84 1 4 27.341 54 5041 1.53615
2 84 3 6 21.0033 54 18 1.99969
2 86 1 4 37.3327 54 9675 1.12502
2 86 2 5 22.0099 54 118 1.90824
2 87 1 4 35.0926 54 15213 1.19683
2 87 2 5 25.4325 54 1107 1.65143
2 88 1 4 18.0585 54 3968 2.32577
2 88 3 6 24.2391 54 27 1.73274
2 90 1 4 44.4893 54 8618 0.944048
2 90 2 5 38.5149 54 239 1.09049
2 91 1 4 38.3967 54 13488 1.09384
2 91 2 5 73.2539 54 1047 0.573349
2 92 1 4 81.7233 54 6403 0.513929
2 92 2 5 21.9272 54 120 1.91543
2 94 1 4 66.2769 54 8642 0.633705
2 95 1 4 48.8272 54 30146 0.860177
2 96 1 4 18.1296 54 6166 2.31666
2 96 3 6 9.97117 54 3 4.21215
2 98 1 4 30.374 54 1864 1.38276
2 99 1 4 48.0027 54 32928 0.87495
2 99 3 6 0.845241 54 2 49.69
2 100 1 4 66.4084 54 4554 0.63245
2 100 3 6 17.8646 54 5 2.35102
2 102 1 4 55.6651 54 7520 0.754512
2 103 1 4 48.4124 54 29963 0.867547
2 103 3 6 34.6906 54 25 1.2107
2 104 1 4 21.4545 54 13466 1.95763
2 104 3 6 35.7817 54 60 1.17378
2 106 1 4 71.2777 54 10129 0.589244
2 107 1 4 58.6849 54 28715 0.715687
2 107 3 6 11.3806 54 8 3.6905
2 108 1 4 153.868 54 10069 0.272961
2 108 3 6 0.0923571 54 5 454.757
2 110 1 4 41.4799 54 6215 1.01254
2 110 3 6 1.58949 54 1 26.4235
2 111 1 4 116.513 54 25165 0.360475
2 111 3 6 0.0953681 54 2 440.399
2 112 1 4 109.223 54 4621 0.384536
2 112 3 6 11.0496 54 6 3.80105
2 114 1 4 51.5698 54 17686 0.814431
2 114 2 5 41.9729 54 2112 1.00065
2 115 1 4 68.3757 54 15945 0.614253
2 115 3 6 4.91502 54 2 8.54524
2 116 1 4 19.6152 54 7007 2.1412
2 116 3 6 3.01775 54 1 13.9177
2 118 1 4 130.966 54 19854 0.320693
2 118 2 5 143.942 54 2679 0.291785
2 119 1 4 58.7534 54 41459 0.714852
2 119 2 5 64.864 54 5527 0.647508
2 119 3 6 25.859 54 24 1.62419
2 120 1 4 24.2249 54 17917 1.73376
2 120 2 5 60.5039 54 105 0.69417
2 120 3 6 26.166 54 41 1.60514
2 122 1 4 81.1169 54 15179 0.517771
2 122 2 5 39.3409 54 2582 1.06759
2 123 1 4 119.042 54 52821 0.352818
2 123 2 5 45.8444 54 6051 0.916143
2 123 3 6 2.1942 54 1 19.1413
2 124 1 4 64.0739 54 11162 0.655493
2 124 3 6 1.34691 54 1 31.1824
2 126 1 4 72.9854 54 21947 0.575458
2 126 2 5 61.7263 54 2165 0.680423
2 127 1 4 53.8713 54 44291 0.779636
2 127 2 5 72.599 54 7199 0.578521
2 128 1 4 27.2132 54 23050 1.54337
2 128 2 5 29.0241 54 421 1.44708
2 130 1 4 76.3068 54 7949 0.55041
2 130 2 5 37.2307 54 742 1.1281
2 131 1 4 111.314 54 35127 0.37731
2 131 2 5 96.5227 54 812 0.435131
2 131 3 6 6.51561 54 11 6.44606
2 132 1 4 53.9726 54 20085 0.778173
2 132 3 6 11.7384 54 7 3.57801
2 134 1 4 95.4555 54 12097 0.439996
2 134 2 5 81.3472 54 3287 0.516305
2 135 1 4 73.7336 54 42867 0.569618
2 135 2 5 54.9248 54 5968 0.764681
2 136 1 4 27.4676 54 28832 1.52908
2 136 2 5 36.2452 54 224 1.15878
2 138 1 4 80.1071 54 1117 0.524298
2 138 2 5 70.8897 54 5721 0.59247
2 139 1 4 96.7657 54 35555 0.434038
2 139 2 5 76.2269 54 7736 0.550986
2 139 3 6 3.15599 54 3 13.308
2 140 1 4 22.2281 54 13854 1.8895
2 140 3 6 12.9068 54 12 3.25411
2 142 1 4 86.2843 54 3483 0.486763
2 142 2 5 27.6541 54 1783 1.51876
2 143 1 4 131.454 54 30624 0.319504
2 143 2 5 38.2935 54 1533 1.09679
2 144 1 4 49.4762 54 11235 0.848893
2 146 1 4 53.3037 54 3611 0.787938
2 146 2 5 31.5686 54 9855 1.33044
2 147 1 4 56.8477 54 31822 0.738816
2 147 2 5 41.1284 54 5176 1.02119
2 148 1 4 34.8783 54 11552 1.20419
2 150 1 4 88.7938 54 1384 0.473006
2 150 2 5 35.7649 54 1940 1.17434
2 151 1 4 33.4984 54 28929 1.25379
2 151 2 5 95.0778 54 2378 0.441743
2 152 1 4 33.7327 54 11518 1.24508
2 154 1 4 30.9607 54 7225 1.35656
2 154 2 5 31.9071 54 101 1.31632
2 155 1 4 74.2769 54 32680 0.565452
2 155 2 5 11.8155 54 399 3.55466
2 156 1 4 38.9964 54 23992 1.07702
2 157 2 6 3.87867 54 2 10.8285
2 158 1 4 39.3761 54 781 1.06664
2 159 1 4 52.9257 54 25078 0.793565
2 159 2 5 94.7066 54 524 0.443475
2 159 3 6 17.8467 54 4 2.35337
2 160 1 4 29.3818 54 19973 1.42945
2 162 1 4 25.1908 54 712 1.66728
2 163 1 4 38.0529 54 29289 1.10373
2 163 3 6 3.54297 54 2 11.8545
2 164 1 4 40.0771 54 16654 1.04798
2 164 3 6 7.8213 54 3 5.36995
2 166 1 4 85.1448 54 3589 0.493277
2 167 1 4 53.1385 54 31787 0.790387
2 167 3 6 38.2973 54 25 1.09668
2 168 1 4 47.0266 54 11536 0.893111
2 168 3 6 7.93952 54 2 5.28999
2 169 2 6 3.78668 54 5 11.0915
2 170 1 4 127.414 54 2375 0.329633
2 170 2 5 62.377 54 951 0.673325
2 171 1 4 177.287 54 25077 0.236904
2 171 2 5 104.503 54 1933 0.401903
2 171 3 6 20.743 54 17 2.02478
2 172 1 4 92.177 54 4010 0.455645
2 172 3 6 51.5964 54 57 0.814011
2 173 2 6 6.94131 54 2 6.05073
2 174 1 4 21.1935 54 9212 1.98174
2 174 2 5 13.6612 54 105 3.07441
2 174 3 6 2.52637 54 4 16.6246
2 175 1 4 105.532 54 27674 0.397983
2 175 3 6 25.1168 54 62 1.67219
2 176 1 4 123.279 54 4015 0.34069
2 176 3 6 0.00609995 54 172 6885.3
2 177 2 6 31.9363 54 18 1.31512
2 178 1 4 50.2913 54 7007 0.835135
2 179 1 4 124.189 54 30797 0.338194
2 179 3 6 17.9899 54 34 2.33464
2 180 1 4 49.6275 54 11795 0.846304
2 180 3 6 45.0815 54 108 0.931646
2 182 1 4 82.5209 54 3167 0.508962
2 182 3 6 0.478246 54 1 87.8208
2 183 1 4 85.2461 54 30403 0.492691
2 183 3 6 13.2128 54 11 3.17874
2 184 1 4 15.2108 54 5468 2.7612
2 184 3 6 5.71568 54 76 7.3482
2 186 1 4 76.6974 54 6616 0.547606
2 187 1 4 53.004 54 33982 0.792394
2 187 3 6 14.8767 54 8 2.82321
2 188 1 4 23.999 54 10140 1.75007
2 188 3 6 19.9284 54 12 2.10754
3 1 1 7 33.0464 54 4462 1.27094
3 2 1 7 104.287 54 12381 0.402733
3 3 1 7 111.154 54 7817 0.377855
3 4 1 7 27.5411 54 2502 1.525
3 4 2 9 3.5869 54 2 11.7093
3 5 1 7 30.7226 54 1239 1.36707
3 6 1 7 63.029 54 3891 0.66636
3 7 1 7 81.9774 54 4667 0.512336
3 7 2 9 8.18164 54 9 5.13344
3 8 1 7 33.791 54 1744 1.24294
3 8 3 9 12.8114 54 4 3.27834
3 9 1 7 44.6977 54 1802 0.939646
3 9 2 9 5.392 54 7 7.78931
3 10 1 7 66.9426 54 4405 0.627403
3 10 3 9 4.02528 54 5 10.434
3 11 1 7 48.9257 54 2573 0.858445
3 12 1 7 11.3473 54 6734 3.70133
3 12 2 9 10.5627 54 72 3.97627
3 13 1 7 23.5736 54 1308 1.78166
3 14 1 7 52.1463 54 3073 0.805427
3 15 1 7 39.8832 54 930 1.05307
3 16 1 7 23.1907 54 1072 1.81107
3 17 1 7 31.0194 54 944 1.35399
3 18 1 7 41.9908 54 1000 1.00022
3 19 1 7 16.675 54 514 2.51874
3 20 1 7 10.0682 54 67 4.17155
3 20 3 9 9.93975 54 4 4.22546
3 21 1 7 22.6931 54 66 1.85079
3 22 1 7 24.5602 54 548 1.71008
3 23 1 7 17.1142 54 110 2.45411
3 24 1 7 29.4168 54 150 1.42775
3 25 1 7 2.32629 54 10 18.0545
3 26 1 7 13.3302 54 263 3.15074
3 27 1 7 15.7108 54 53 2.67331
3 27 2 9 0.359663 54 1 116.776
3 28 1 7 10.786 54 255 3.89393
3 28 2 9 1.60279 54 5 26.2043
3 29 1 7 21.4181 54 3576 1.96096
3 30 1 7 54.5143 54 2229 0.77044
3 31 1 7 40.6834 54 1069 1.03236
3 32 1 7 28.5479 54 111 1.47121
3 33 1 7 48.989 54 411 0.857336
3 34 1 7 22.1435 54 100 1.89672
3 35 1 7 7.28061 54 5 5.76875
3 36 1 7 14.6827 54 113 2.86051
3 37 1 7 26.5092 54 272 1.58435
3 38 1 7 29.6852 54 888 1.41485
3 39 1 7 23.2037 54 145 1.81005
3 40 1 7 26.5741 54 160 1.58049
3 41 1 7 40.6294 54 183 1.03373
3 42 1 7 17.5933 54 562 2.38727
3 43 1 7 48.4943 54 35 0.866081
3 44 1 7 29.3213 54 331 1.43241
3 45 1 7 31.3575 54 405 1.33939
3 46 1 7 20.4755 54 600 2.05123
3 47 1 7 24.6315 54 70 1.70513
3 48 1 7 23.6962 54 191 1.77243
3 48 3 9 0.308608 54 1 136.095
3 49 1 7 49.6299 54 497 0.846264
3 50 1 7 21.5047 54 132 1.95307
3 50 3 9 0.537202 54 3 78.1829
3 51 1 7 11.8857 54 5 3.53365
3 52 1 7 29.8771 54 132 1.40576
3 53 1 7 30.5906 54 205 1.37297
3 54 1 7 40.6249 54 1094 1.03385
3 54 3 9 8.04166 54 2 5.2228
3 55 1 7 26.2894 54 275 1.5976
3 55 3 9 3.17583 54 1 13.2249
3 56 1 7 8.62027 54 100 4.87224
3 57 1 7 12.4848 54 188 3.36409
3 58 1 7 81.1325 54 407 0.517672
3 60 1 7 93.703 54 225 0.448225
3 61 1 7 31.356 54 518 1.33946
3 62 1 7 7.28519 54 128 5.76512
3 63 1 7 17.3401 54 48 2.42213
3 64 1 7 45.303 54 150 0.92709
3 65 1 7 29.5585 54 223 1.42091
3 66 1 7 36.4021 54 659 1.15378
3 67 1 7 10.1729 54 86 4.12862
3 68 1 7 27.0176 54 154 1.55454
3 69 1 7 19.1773 54 738 2.19008
3 70 1 7 54.6418 54 1502 0.768642
3 71 1 7 12.2119 54 25 3.43926
3 71 3 9 2.73998 54 2 15.3286
3 72 1 7 53.0129 54 364 0.792259
3 72 3 9 10.025 54 6 4.18954
3 73 1 7 67.0916 54 293 0.62601
3 74 1 7 71.4878 54 422 0.587513
3 74 3 9 12.841 54 4 3.27077
3 75 1 7 41.3863 54 435 1.01483
3 76 1 7 11.8962 54 160 3.53052
3 77 1 7 13.7668 54 139 3.05082
3 78 1 7 28.7528 54 192 1.46073
3 78 2 8 23.4627 54 72 1.79008
3 78 3 9 2.40751 54 2 17.4454
3 79 1 7 23.3339 54 15 1.79996
3 79 3 9 3.14392 54 1 13.3591
3 80 1 7 52.6599 54 298 0.79757
3 80 3 9 4.43571 54 1 9.4686
3 81 1 7 12.7418 54 92 3.29625
3 81 3 9 22.6769 54 4 1.8521
3 82 1 7 50.6413 54 898 0.829363
3 82 3 9 19.6533 54 11 2.13704
3 83 1 7 9.07587 54 5 4.62766
3 83 3 9 0.884999 54 3 47.4577
3 84 1 7 65.793 54 175 0.638366
3 84 3 9 2.88172 54 1 14.5746
3 85 1 7 74.8769 54 428 0.56092
3 86 1 7 72.6475 54 720 0.578134
3 86 3 9 28.3872 54 10 1.47954
3 87 1 7 8.6628 54 7 4.84832
3 87 3 9 3.72185 54 1 11.2847
3 88 1 7 43.3283 54 90 0.969342
3 88 3 9 15.6233 54 7 2.68829
3 89 1 7 29.9815 54 659 1.40086
3 90 1 7 31.9463 54 1182 1.31471
3 91 1 7 28.6909 54 25 1.46388
3 92 1 7 95.3108 54 304 0.440664
3 92 3 9 11.5329 54 5 3.64174
3 93 1 7 14.5026 54 829 2.89603
3 93 3 9 3.0796 54 1 13.6381
3 94 1 7 33.9989 54 948 1.23533
3 94 2 8 18.3281 54 240 2.29156
3 95 1 7 12.693 54 15 3.30891
3 95 3 9 0.567369 54 1 74.0259
3 96 1 7 31.7221 54 212 1.324
3 96 3 9 2.19781 54 1 19.1099
3 97 1 7 37.4268 54 584 1.12219
3 98 1 7 13.9327 54 280 3.01449
3 98 2 8 20.5662 54 145 2.04219
3 98 3 9 12.3507 54 4 3.40061
3 99 2 8 75.9607 54 1868 0.552917
3 99 3 9 12.9112 54 10 3.25299
3 100 1 7 50.7826 54 97 0.827054
3 100 2 8 25.7551 54 3345 1.63074
3 100 3 9 6.37957 54 10 6.58352
3 101 1 7 52.8577 54 413 0.794587
3 102 1 7 16.6999 54 103 2.51498
3 103 1 7 9.491 54 57 4.42525
3 103 3 9 9.24393 54 2 4.54352
3 104 1 7 21.8011 54 41 1.92651
3 104 3 9 7.6885 54 10 5.46271
3 105 1 7 14.7658 54 30 2.84442
3 106 1 7 14.6197 54 181 2.87283
3 108 1 7 14.0128 54 60 2.99725
3 109 1 7 42.3531 54 56 0.991663
3 110 1 7 5.31694 54 9 7.89928
3 112 1 7 16.3608 54 99 2.56712
3 113 1 7 9.0514 54 99 4.64017
3 114 1 7 51.6495 54 202 0.813173
3 116 1 7 29.062 54 48 1.44519
3 116 3 9 4.07794 54 1 10.2993
3 118 1 7 95.6369 54 5977 0.439161
3 119 1 7 11.1492 54 15 3.76708
3 120 1 7 8.66257 54 6 4.84845
3 121 1 7 27.805 54 4625 1.51052
3 121 3 9 0.0635651 54 1 660.74
3 122 1 7 47.39 54 4949 0.886263
3 124 1 7 21.015 54 627 1.99857
3 124 3 9 5.04537e-07 54 4 8.32446e+07
3 125 1 7 33.1786 54 1285 1.26588
3 125 3 9 0.0490138 54 3 856.901
3 126 1 7 56.4524 54 1296 0.74399
3 126 2 8 91.3979 54 780 0.459529
3 128 1 7 52.3789 54 378 0.80185
3 128 3 9 6.81542 54 3 6.1625
3 129 1 7 32.6793 54 3022 1.28522
3 130 1 7 11.524 54 393 3.64458
3 131 2 8 3.40371 54 282 12.3395
3 132 1 7 21.698 54 414 1.93567
3 133 1 7 96.6899 54 3098 0.434378
3 134 1 7 16.7895 54 525 2.50156
3 135 1 7 8.21349 54 361 5.11354
3 136 1 7 10.4799 54 313 4.00768
3 137 1 7 35.2565 54 1603 1.19127
3 137 3 9 15.2415 54 20 2.75564
3 138 1 7 122.423 54 1447 0.343073
3 138 3 9 11.0353 54 4 3.80597
3 139 1 7 26.3128 54 76 1.59618
3 140 1 7 17.8295 54 175 2.35565
3 140 2 8 3.55972 54 139 11.7987
3 140 3 9 14.3448 54 7 2.92789
3 141 1 7 77.4293 54 640 0.542431
3 142 1 7 69.855 54 272 0.601246
3 143 1 7 12.4552 54 282 3.37208
3 144 1 7 17.57 54 547 2.39044
3 145 1 7 89.4067 54 2342 0.469763
3 146 1 7 109.731 54 630 0.382755
3 147 1 7 15.993 54 50 2.62616
3 148 1 7 23.6575 54 948 1.77534
3 149 1 7 53.9183 54 7373 0.778956
3 150 1 7 69.8802 54 5092 0.601029
3 151 1 7 51.0126 54 1842 0.823327
3 152 1 7 33.2636 54 166 1.26264
3 153 1 7 44.8173 54 7284 0.937138
3 154 1 7 36.1562 54 2667 1.16163
3 155 1 7 23.4327 54 682 1.79237
3 156 1 7 5.05606 54 243 8.30686
3 157 1 7 54.3212 54 14501 0.773179
3 157 3 9 7.94728 54 7 5.28483
3 158 1 7 17.5894 54 6628 2.38781
3 158 2 8 9.73382 54 8 4.31485
3 159 1 7 13.0206 54 1061 3.22565
3 160 3 9 11.9288 54 53 3.52088
3 161 1 7 32.6588 54 10178 1.28603
3 162 1 7 38.0114 54 2135 1.10493
3 162 2 8 12.4568 54 17 3.37164
3 163 1 7 15.2538 54 966 2.75341
3 164 1 7 29.6748 54 1132 1.41534
3 164 2 8 2.94748 54 28 14.2495
3 165 1 7 6.45066 54 10834 6.51096
3 166 1 7 100.903 54 2765 0.416241
3 166 2 8 25.6306 54 35 1.63867
3 166 3 9 15.9243 54 4 2.63748
3 168 1 7 23.4054 54 502 1.79446
3 169 1 7 11.5418 54 4864 3.63895
3 169 2 8 28.8933 54 58 1.45362
3 169 3 9 20.9546 54 10 2.00434
3 170 1 7 43.6158 54 5051 0.962953
3 170 2 8 15.5324 54 245 2.70402
3 171 3 9 39.8293 54 28 1.0545
3 172 1 7 36.4621 54 620 1.15188
3 172 3 9 21.9445 54 15 1.91392
3 173 1 7 9.73224 54 9440 4.31555
3 173 3 9 20.9537 54 123 2.00442
3 174 1 7 39.7127 54 3587 1.0576
3 174 2 8 9.01784 54 199 4.65743
3 174 3 9 12.8096 54 144 3.27879
3 175 3 9 6.13051 54 7 6.85098
3 176 1 7 7.87415 54 610 5.33391
3 176 3 9 1.7095 54 1 24.5687
3 177 1 7 20.0514 54 5029 2.09461
3 177 3 9 37.8786 54 63 1.10881
3 178 1 7 53.1525 54 711 0.79018
3 178 2 8 15.1286 54 169 2.77621
3 179 2 8 2.03281 54 104 20.661
3 179 3 9 11.718 54 9 3.58422
3 180 1 7 18.8397 54 473 2.22933
3 180 3 9 47.8574 54 37 0.877606
3 181 1 7 25.5235 54 2341 1.64555
3 181 2 8 30.0721 54 38 1.39664
3 181 3 9 22.5908 54 54 1.85916
3 182 1 7 14.9154 54 1273 2.81588
3 182 2 8 15.2463 54 97 2.75476
3 182 3 9 18.6697 54 9 2.24963
3 183 2 8 5.72559 54 40 7.33548
3 183 3 9 1.63872 54 7 25.6297
3 184 1 7 20.082 54 914 2.09142
3 184 2 8 32.1298 54 20 1.3072
3 185 3 9 15.0443 54 8 2.79175
3 186 2 8 13.1987 54 30 3.18214
3 187 3 9 4.03067 54 2 10.4201
3 188 3 9 16.3354 54 6 2.57111
4 1 1 22 23.9788 54 579 1.75155
4 1 2 23 97.5072 54 195 0.430738
4 2 1 22 20.7353 54 540 2.02553
4 2 2 23 39.2834 54 145 1.06915
4 3 1 22 14.5156 54 514 2.89343
4 3 2 23 64.7243 54 56 0.648906
4 4 2 23 41.8573 54 83 1.00341
4 5 2 23 169.748 54 267 0.247426
4 6 2 23 48.3644 54 283 0.868408
4 7 1 22 61.4852 54 3002 0.683091
4 7 2 23 12.1056 54 90 3.46947
4 8 1 22 1.90626 54 234 22.0327
4 8 2 23 157.992 54 936 0.265837
4 9 2 23 51.0931 54 433 0.822029
4 10 1 22 4.74827 54 68 8.84533
4 10 2 23 72.1832 54 253 0.581853
4 11 1 22 31.7881 54 618 1.32125
4 11 2 23 2.46614e-05 54 73 1.70307e+06
4 12 2 23 16.821 54 370 2.49688
4 13 2 23 97.9469 54 410 0.428804
4 14 1 22 17.8592 54 81 2.35173
4 14 2 23 19.7029 54 271 2.13166
4 15 1 22 62.2855 54 728 0.674314
4 15 2 23 33.4757 54 165 1.25464
4 16 2 23 93.331 54 463 0.450011
4 17 1 22 17.0507 54 40 2.46325
4 17 2 23 108.848 54 637 0.38586
4 18 2 23 115.528 54 920 0.363549
4 19 1 22 46.4184 54 172 0.904814
4 19 2 23 49.3544 54 54 0.850988
4 20 2 23 51.8444 54 20 0.810116
4 21 2 23 65.3608 54 44 0.642587
4 22 1 22 24.9025 54 20 1.68658
4 22 2 23 96.191 54 365 0.436631
4 23 1 22 11.8795 54 29 3.53551
4 23 2 23 13.4072 54 29 3.13265
4 24 2 23 36.1951 54 65 1.16038
4 25 2 23 78.1732 54 416 0.537269
4 26 1 22 48.9397 54 1785 0.8582
4 26 2 23 143.78 54 870 0.292113
4 27 1 22 15.3113 54 29 2.74308
4 27 2 23 32.4688 54 227 1.29355
4 28 1 22 5.6931 54 15 7.37735
4 28 2 23 38.149 54 31 1.10095
4 29 1 22 14.6475 54 338 2.86738
4 29 2 23 13.467 54 105 3.11873
4 30 1 22 42.6699 54 1011 0.984301
4 30 2 23 93.4464 54 520 0.449456
4 31 2 23 38.9983 54 44 1.07697
4 32 1 22 7.41923 54 230 5.66097
4 32 2 23 63.7359 54 130 0.65897
4 33 2 23 156.358 54 325 0.268615
4 34 2 23 154.259 54 236 0.272269
4 35 2 23 28.875 54 30 1.45455
4 36 2 23 22.243 54 90 1.88824
4 37 1 22 15.9353 54 5 2.63566
4 37 2 23 17.3518 54 355 2.4205
4 38 2 23 114.254 54 440 0.367601
4 39 1 22 44.3446 54 70 0.947127
4 39 2 23 32.9585 54 145 1.27433
4 40 2 23 25.8552 54 113 1.62443
4 41 1 22 19.808 54 45 2.12036
4 41 2 23 69.0564 54 320 0.608199
4 42 1 22 5.39273 54 6 7.78826
4 42 2 23 41.5444 54 165 1.01097
4 43 1 22 31.3963 54 54 1.33774
4 43 2 23 20.8026 54 5 2.01898
4 44 2 23 18.1452 54 27 2.31467
4 45 1 22 30.5848 54 221 1.37323
4 45 2 23 101.306 54 90 0.414585
4 46 1 22 3.56532 54 94 11.7801
4 46 2 23 40.8614 54 227 1.02787
4 47 1 22 6.32659 54 16 6.63865
4 47 2 23 34.368 54 114 1.22207
4 48 2 23 62.5624 54 87 0.67133
4 49 1 22 45.036 54 343 0.932587
4 49 2 23 44.1304 54 113 0.951725
4 50 1 22 35.601 54 148 1.17974
4 50 2 23 10.4071 54 222 4.03571
4 51 2 23 55.1409 54 81 0.761685
4 52 1 22 4.79473 54 25 8.75961
4 52 2 23 33.4933 54 52 1.25398
4 53 1 22 8.8423 54 96 4.74989
4 53 2 23 53.3029 54 67 0.78795
4 54 1 22 36.4483 54 1023 1.15232
4 54 2 23 0.00150278 54 288 27948.2
4 55 1 22 15.2493 54 631 2.75422
4 55 2 23 38.2137 54 76 1.09908
4 56 1 22 75.7747 54 203 0.554274
4 56 2 23 90.6442 54 50 0.46335
4 57 1 22 9.21414 54 35 4.55821
4 57 2 23 45.7743 54 448 0.917546
4 58 2 23 87.0765 54 358 0.482334
4 59 1 22 6.52426 54 13 6.43751
4 59 2 23 97.2709 54 132 0.431784
4 60 1 22 5.09684 54 11 8.2404
4 60 2 23 14.9151 54 15 2.81594
4 61 1 22 74.267 54 108 0.565527
4 61 2 23 58.0625 54 18 0.723359
4 62 1 22 4.73042 54 25 8.8787
4 62 2 23 49.3991 54 95 0.850219
4 63 1 22 33.9962 54 70 1.23543
4 63 2 23 21.5049 54 21 1.95304
4 64 2 23 12.3671 54 34 3.39611
4 65 1 22 10.7435 54 115 3.90933
4 65 2 23 111.714 54 44 0.37596
4 66 1 22 21.2491 54 57 1.97655
4 66 2 23 58.4793 54 580 0.718202
4 67 2 23 57.4541 54 52 0.731018
4 68 1 22 1.71925 54 9 24.4292
4 68 2 23 46.3356 54 85 0.906431
4 69 1 22 13.0604 54 47 3.21584
4 69 2 23 53.5113 54 252 0.784881
4 70 1 22 20.937 54 102 2.00602
4 70 2 23 37.3835 54 388 1.12349
4 71 2 23 24.7522 54 31 1.69682
4 72 1 22 7.16629 54 79 5.86077
4 72 2 23 31.2605 54 69 1.34355
4 73 1 22 0.743812 54 24 56.4658
4 73 2 23 47.0321 54 27 0.893006
4 74 1 22 31.1896 54 248 1.3466
4 74 2 23 16.0481 54 33 2.61713
4 75 1 22 4.13817 54 75 10.1494
4 75 2 23 4.53891 54 11 9.25333
4 76 1 22 13.2553 54 23 3.16855
4 76 2 23 62.922 54 111 0.667493
4 77 1 22 15.0501 54 104 2.79068
4 77 2 23 230.605 54 765 0.18213
4 78 1 22 74.9684 54 83 0.560236
4 78 2 23 36.6173 54 346 1.147
4 79 2 23 41.8114 54 36 1.00451
4 80 1 22 58.4991 54 70 0.71796
4 80 2 23 45.9688 54 43 0.913663
4 81 2 23 0.000266368 54 159 157676
4 82 1 22 22.3658 54 1034 1.87787
4 82 2 23 64.9328 54 161 0.646822
4 83 2 23 0.454571 54 31 92.3948
4 84 1 22 14.3285 54 25 2.93122
4 84 2 23 78.2841 54 123 0.536507
4 85 1 22 6.38285 54 20 6.58013
4 85 2 23 61.1903 54 2165 0.686384
4 86 1 22 14.373 54 68 2.92215
4 86 2 23 58.552 54 272 0.717311
4 87 2 23 0.427135 54 17 98.3296
4 88 1 22 24.0151 54 171 1.7489
4 88 2 23 92.5388 54 72 0.453864
4 89 1 22 37.0332 54 110 1.13412
4 89 2 23 183.861 54 437 0.228433
4 90 1 22 20.8217 54 120 2.01713
4 90 2 23 49.4209 54 175 0.849843
4 91 2 23 29.9998 54 18 1.40001
4 92 1 22 16.2918 54 45 2.57799
4 92 2 23 81.6781 54 810 0.514214
4 93 1 22 5.73259 54 6 7.32653
4 93 2 23 69.3507 54 3510 0.605617
4 94 1 22 84.2468 54 215 0.498535
4 94 2 23 22.1826 54 125 1.89338
4 95 2 23 15.1243 54 12 2.77698
4 96 1 22 32.7734 54 218 1.28153
4 96 2 23 1.75555e-05 54 32 2.39241e+06
4 97 1 22 21.6667 54 25 1.93846
4 97 2 23 52.0651 54 178 0.806683
4 98 1 22 12.5033 54 145 3.35912
4 98 2 23 26.7219 54 176 1.57175
4 99 2 23 22.541 54 8 1.86327
4 100 1 22 22.9628 54 229 1.82905
4 100 2 23 45.3556 54 44 0.926015
4 101 1 22 3.85453 54 47 10.8963
4 101 2 23 95.3977 54 295 0.440262
4 102 1 22 27.5373 54 45 1.5252
4 102 2 23 67.2076 54 233 0.62493
4 103 2 23 23.2299 54 19 1.80801
4 104 1 22 55.305 54 275 0.759425
4 104 2 23 65.7582 54 40 0.638703
4 105 1 22 25.0745 54 1018 1.67501
4 105 2 23 83.7295 54 103 0.501615
4 106 1 22 8.92314 54 14 4.70686
4 106 2 23 41.6581 54 204 1.00821
4 107 2 23 14.5624 54 4 2.88414
4 108 1 22 15.1029 54 491 2.78092
4 108 2 23 53.2314 54 29 0.789007
4 109 1 22 66.0172 54 6476 0.636198
4 109 2 23 94.4596 54 378 0.444634
4 110 1 22 5.90317 54 105 7.11482
4 110 2 23 27.3996 54 400 1.53287
4 111 1 23 4.63222 54 1 9.06693
4 112 1 22 20.1222 54 277 2.08725
4 112 2 23 16.6138 54 18 2.52802
4 113 1 22 26.0942 54 3674 1.60955
4 113 2 23 41.5411 54 190 1.01105
4 114 2 23 48.5642 54 73 0.864835
4 115 2 23 13.2973 54 5 3.15854
4 116 1 22 16.2933 54 358 2.57775
4 116 2 23 4.62419e-05 54 56 908267
4 117 2 23 229.889 54 1052 0.182697
4 118 1 22 25.4422 54 3470 1.6508
4 118 2 23 68.5136 54 560 0.613017
4 119 2 23 3.92645 54 2 10.6967
4 120 1 22 24.1108 54 1194 1.74196
4 120 2 23 89.4686 54 58 0.469438
4 121 1 22 23.0399 54 1283 1.82293
4 121 2 23 229.799 54 146 0.182768
4 122 1 22 15.3111 54 3907 2.74311
4 122 2 23 30.0354 54 33 1.39835
4 123 2 23 0.520303 54 17 80.7222
4 124 1 22 41.4909 54 415 1.01227
4 124 2 23 64.7626 54 113 0.648523
4 125 1 22 70.8828 54 1400 0.592527
4 125 2 23 122.122 54 3577 0.343919
4 126 1 22 31.7041 54 2466 1.32475
4 126 2 23 36.3523 54 67 1.15536
4 127 1 23 2.8319 54 14 14.831
4 128 1 22 9.13633 54 234 4.59703
4 128 2 23 39.7334 54 36 1.05704
4 129 1 22 15.4928 54 176 2.71094
4 129 2 23 0.988375 54 27 42.494
4 130 1 22 17.8143 54 104 2.35766
4 130 2 23 73.5247 54 257 0.571237
4 131 2 23 9.94574 54 9 4.22291
4 132 1 22 5.07548 54 250 8.27509
4 132 2 23 58.0173 54 44 0.723922
4 133 2 23 84.5349 54 436 0.496836
4 134 1 22 16.9203 54 149 2.48222
4 134 2 23 2.08433 54 18 20.1504
4 136 1 22 24.5192 54 275 1.71295
4 137 2 23 75.9238 54 98 0.553186
4 138 2 23 9.30738 54 89 4.51255
4 139 2 23 1.8164e-07 54 7 2.31227e+08
4 140 1 22 9.67921 54 183 4.3392
4 140 2 23 86.9102 54 22 0.483257
4 141 1 22 32.2098 54 720 1.30395
4 142 1 22 53.4815 54 329 0.785318
4 144 1 22 78.9659 54 399 0.531875
4 145 1 22 46.5435 54 541 0.902382
4 146 1 22 8.47086 54 84 4.95818
4 148 1 22 5.16848 54 150 8.12618
4 152 1 22 8.1425 54 17 5.15812
4 153 1 22 19.5524 54 400 2.14807
4 156 1 22 29.8997 54 330 1.40469
4 157 2 23 97.8345 54 187 0.429297
4 158 1 22 12.5054 54 208 3.35854
4 158 2 23 85.3177 54 22 0.492278
4 159 1 22 24.3366 54 189 1.72579
4 159 2 23 6.6382 54 5 6.32702
4 160 1 22 11.1811 54 629 3.75634
4 160 2 23 31.8843 54 10 1.31726
4 161 2 23 11.8455 54 118 3.54564
4 162 2 23 13.5018 54 70 3.1107
4 163 1 22 23.1706 54 175 1.81264
4 163 2 23 17.7682 54 3 2.36377
4 164 2 23 93.6554 54 586 0.448452
4 165 2 23 60.9208 54 266 0.689419
4 166 2 23 26.1738 54 161 1.60466
4 167 2 23 6.84342 54 7 6.13728
4 168 2 23 3.3255 54 24 12.6297
4 169 2 23 71.7813 54 96 0.58511
4 170 2 23 103.363 54 36 0.406333
4 171 2 23 19.3586 54 41 2.16958
4 172 2 23 23.4645 54 16 1.78994
4 173 1 22 7.37219 54 1394 5.69708
4 173 2 23 108.161 54 251 0.388311
4 174 2 23 87.1384 54 89 0.481992
4 175 2 23 7.67863 54 2 5.46972
4 176 1 22 10.4026 54 50 4.03744
4 176 2 23 43.9636 54 59 0.955336
4 177 1 22 12.2134 54 523 3.43886
4 177 2 23 16.4532 54 70 2.55269
4 178 1 22 31.6143 54 1018 1.32851
4 178 2 23 5.75912e-05 54 134 729278
4 179 2 23 37.667 54 48 1.11504
4 180 1 22 30.5421 54 200 1.37515
4 180 2 23 1.11539 54 60 37.6551
4 181 1 22 25.947 54 827 1.61868
4 181 2 23 50.5806 54 76 0.830358
4 182 2 23 91.5969 54 45 0.458531
4 183 2 23 218.847 54 1136 0.191915
4 184 1 22 28.6769 54 291 1.46459
4 184 2 23 0.000179653 54 190 233784
4 185 2 23 112.918 54 267 0.371953
4 186 2 23 0.000294909 54 79 142417
4 187 2 23 6.97765 54 20 6.01922
5 2 5 17 6.92342 54 7 6.06636
5 3 5 17 10.8825 54 3 3.8594
5 5 7 17 11.3727 54 5 3.69306
5 6 5 17 17.0086 54 11 2.46933
5 7 5 17 21.2861 54 34 1.97312
5 8 7 17 12.0275 54 23 3.492
5 9 7 17 9.89699e-05 54 104 424371
5 10 5 17 11.6483 54 39 3.60569
5 11 6 17 9.88089 54 11 4.25063
5 12 7 17 15.2711 54 108 2.75029
5 13 7 17 4.37534 54 19 9.59925
5 14 7 17 1.63673 54 117 25.6609
5 15 7 17 4.03427 54 5 10.4108
5 16 7 17 21.5727 54 45 1.9469
5 17 7 17 27.7505 54 80 1.51349
5 20 7 17 8.35091 54 19 5.02939
5 21 7 17 2.27141 54 1 18.4908
5 23 7 17 4.29129 54 4 9.78726
5 27 7 17 1.91922 54 11 21.8839
5 28 7 17 2.28385 54 9 18.39
5 29 7 17 0.268609 54 1 156.361
5 33 1 10 10.3841 54 126 4.04466
5 33 3 12 24.303 54 3957 1.72818
5 34 1 10 4.32428 54 7 9.71261
5 34 3 12 14.4429 54 3375 2.90801
5 35 1 10 2.57383 54 25 16.3181
5 35 3 12 16.8788 54 3445 2.48833
5 36 1 10 8.30438 54 175 5.05757
5 36 3 12 24.5741 54 2391 1.70912
5 37 1 10 7.71906 54 154 5.44108
5 37 3 12 19.3489 54 2556 2.17066
5 38 1 10 7.77618 54 189 5.40111
5 38 3 12 21.7332 54 3614 1.93253
5 39 1 10 11.5939 54 100 3.62258
5 39 3 12 27.9241 54 2543 1.50408
5 40 1 10 7.22905 54 95 5.80989
5 40 3 12 40.228 54 1540 1.04405
5 41 1 10 63.4922 54 235 0.661498
5 41 3 12 41.0045 54 1312 1.02428
5 42 1 10 20.5793 54 411 2.04089
5 42 3 12 121.941 54 2347 0.344428
5 43 1 10 24.881 54 1102 1.68803
5 43 3 12 152.508 54 1728 0.275395
5 44 1 10 47.2812 54 947 0.888302
5 44 3 12 55.0162 54 3435 0.763411
5 44 6 17 8.96674 54 3 4.68398
5 45 1 10 15.9947 54 724 2.62587
5 45 3 12 36.0422 54 2759 1.1653
5 46 1 10 22.9483 54 362 1.8302
5 46 3 12 65.1093 54 3902 0.645069
5 47 1 10 22.2572 54 162 1.88703
5 47 3 12 102.477 54 2286 0.409848
5 48 1 10 30.4475 54 617 1.37942
5 48 3 12 26.6706 54 1635 1.57477
5 49 1 10 49.5902 54 1413 0.846941
5 49 3 12 58.0825 54 2152 0.72311
5 50 1 10 61.3712 54 658 0.68436
5 50 3 12 91.7658 54 1459 0.457687
5 51 1 10 27.3788 54 1034 1.53403
5 51 3 12 49.0387 54 1032 0.856466
5 52 1 10 28.4821 54 1493 1.47461
5 52 3 12 62.2323 54 1075 0.674891
5 53 1 10 17.7006 54 1218 2.3728
5 53 3 12 35.4007 54 1263 1.18642
5 53 4 13 33.946 54 1426 1.23726
5 54 1 10 40.4524 54 839 1.03826
5 54 2 11 28.9901 54 2040 1.44877
5 54 3 12 53.9382 54 1046 0.778669
5 54 4 13 29.1381 54 738 1.44141
5 55 1 10 40.6548 54 834 1.03309
5 55 2 11 70.3098 54 3208 0.597356
5 55 3 12 68.0909 54 377 0.616823
5 55 4 13 20.0813 54 2659 2.0915
5 56 1 10 39.3763 54 862 1.06663
5 56 2 11 27.2923 54 4235 1.53889
5 56 3 12 30.77 54 515 1.36497
5 56 4 13 20.8688 54 2555 2.01258
5 57 1 10 11.2871 54 4 3.72108
5 57 4 13 5.99797 54 3677 7.00236
5 58 1 10 28.37 54 815 1.48044
5 58 3 12 15.4822 54 1890 2.71279
5 58 4 13 33.0671 54 9215 1.27015
5 59 1 10 64.0945 54 810 0.655282
5 59 3 12 25.9674 54 1561 1.61741
5 59 4 13 46.9332 54 16489 0.89489
5 60 1 10 77.8582 54 1260 0.539442
5 60 3 12 20.9077 54 2826 2.00883
5 60 4 13 31.5629 54 12907 1.33068
5 61 1 10 52.1763 54 877 0.804964
5 61 3 12 18.7996 54 5114 2.2341
5 61 4 13 22.7206 54 13467 1.84854
5 62 1 10 55.1684 54 1116 0.761306
5 62 2 11 189.114 54 3511 0.222088
5 62 3 12 61.3183 54 884 0.684951
5 62 4 13 19.8039 54 19680 2.12079
5 63 1 10 31.8235 54 1310 1.31978
5 63 2 11 124.043 54 4056 0.338593
5 63 3 12 33.9807 54 651 1.236
5 63 4 13 62.5181 54 16499 0.671806
5 64 1 10 46.1538 54 1700 0.910001
5 64 2 11 73.9312 54 3816 0.568096
5 64 3 12 37.4014 54 467 1.12295
5 64 4 13 44.5415 54 21384 0.942941
5 66 6 15 8.81963 54 161 4.76211
5 67 5 14 27.8409 54 408 1.50857
5 67 6 15 10.6134 54 96 3.95725
5 70 5 14 8.1638 54 111 5.14466
5 71 6 15 23.8539 54 84 1.76072
5 73 4 13 12.8386 54 258 3.27138
5 74 4 13 8.39507 54 619 5.00294
5 75 4 13 3.46623 54 1291 12.1169
5 76 4 13 0.822497 54 1236 51.064
5 78 5 14 81.6293 54 773 0.514521
5 78 6 15 122.561 54 1152 0.342687
5 79 4 13 10.5526 54 755 3.98007
5 80 4 13 3.18926 54 345 13.1692
5 82 3 12 5.70281 54 103 7.36479
5 85 1 10 82.6738 54 14963 0.508021
5 85 3 12 101.685 54 11961 0.413041
5 86 1 10 53.4815 54 16437 0.785319
5 86 3 12 150.72 54 9969 0.278663
5 87 1 10 63.07 54 16367 0.665927
5 87 3 12 53.6684 54 10233 0.782583
5 88 1 10 97.9839 54 13579 0.428642
5 88 3 12 273.383 54 7450 0.153631
5 89 1 10 48.3595 54 16615 0.868496
5 89 3 12 64.9703 54 9794 0.646449
5 90 1 10 104.353 54 16805 0.402479
5 90 3 12 64.4464 54 8121 0.651704
5 91 1 10 133.354 54 13262 0.314952
5 91 3 12 113.344 54 7580 0.370555
5 92 1 10 47.3473 54 10947 0.887062
5 92 3 12 82.0234 54 7253 0.512049
5 94 5 14 10.9422 54 46.9155 3.83835
5 99 5 14 90.5092 54 905.681 0.464041
5 99 6 15 63.5114 54 500.874 0.661298
5 100 5 14 17.5839 54 441.75 2.38855
5 101 1 10 22.4809 54 1341 1.86825
5 101 3 12 55.2215 54 3829 0.760574
5 101 5 14 14.9094 54 61.4007 2.81701
5 101 6 15 37.3345 54 40.0001 1.12496
5 102 1 10 35.7659 54 1792 1.1743
5 102 3 12 115.199 54 4948 0.364586
5 103 1 10 11.8816 54 2598 3.53487
5 103 3 12 94.5386 54 4751 0.444263
5 104 1 10 15.128 54 759 2.7763
5 104 3 12 40.988 54 664 1.02469
5 105 1 10 4.8733 54 219 8.6184
5 105 3 12 41.6141 54 1266 1.00927
5 106 1 10 46.8786 54 982 0.895931
5 106 3 12 112.558 54 3552 0.373142
5 107 1 10 29.3365 54 2359 1.43166
5 107 3 12 130.821 54 6106 0.321048
5 108 1 10 19.5472 54 39 2.14865
5 108 3 12 29.3594 54 2329 1.43054
5 109 1 10 80.5626 54 532 0.521334
5 109 3 12 56.0919 54 3491 0.748771
5 109 5 14 4.83647 54 87.9746 8.68402
5 109 6 15 14.6254 54 180 2.87171
5 110 1 10 52.4526 54 132 0.800722
5 110 3 12 37.2723 54 3037 1.12684
5 110 6 15 25.1713 54 336.926 1.66856
5 110 7 17 6.39897e-08 54 1 6.56355e+08
5 111 1 10 23.3463 54 53 1.799
5 111 3 12 41.2543 54 137 1.01807
5 112 1 10 0.273004 54 64 153.844
5 112 3 12 2.55861 54 128 16.4151
5 113 1 10 39.8688 54 674 1.05346
5 113 3 12 91.4282 54 2935 0.459377
5 114 1 10 21.9424 54 574 1.9141
5 114 3 12 151.078 54 3780 0.278002
5 114 5 14 17.0793 54 34 2.45911
5 115 1 10 29.0175 54 858 1.4474
5 115 3 12 42.2212 54 4460 0.994761
5 116 1 10 35.0658 54 468 1.19775
5 116 3 12 69.5191 54 3401 0.604151
5 117 1 10 36.6529 54 575 1.14588
5 117 3 12 34.6178 54 4648 1.21325
5 118 1 10 44.0617 54 302 0.953209
5 118 3 12 63.0836 54 6853 0.665783
5 119 1 10 16.1133 54 505 2.60655
5 119 3 12 133.178 54 5094 0.315366
5 120 1 10 8.72729 54 438 4.81249
5 120 3 12 104.586 54 2824 0.401582
5 121 1 10 7.68091 54 340 5.4681
5 121 3 12 66.0438 54 3576 0.635941
5 122 1 10 10.6085 54 268 3.9591
5 122 3 12 68.4966 54 5519 0.613169
5 123 1 10 15.0192 54 256 2.79642
5 123 3 12 14.2261 54 2935 2.95232
5 124 1 10 31.8801 54 345 1.31743
5 124 3 12 37.0726 54 273 1.13291
5 125 1 10 27.8616 54 203 1.50745
5 125 3 12 11.2163 54 1210 3.74454
5 126 1 10 52.5622 54 419 0.799054
5 126 3 12 38.044 54 2806 1.10398
5 126 5 14 26.4658 54 163.608 1.58695
5 126 6 15 101.12 54 937.36 0.415346
5 127 1 10 58.7366 54 182 0.715057
5 127 3 12 59.6584 54 2378 0.704009
5 127 6 15 82.6076 54 365 0.508428
5 128 1 10 25.5742 54 85 1.64228
5 128 3 12 70.5261 54 5386 0.595524
5 129 1 10 0.396877 54 105 105.826
5 129 3 12 85.7758 54 2872 0.489648
5 130 1 10 9.38699 54 5 4.47428
5 130 3 12 99.0912 54 905 0.423852
5 131 3 12 56.0948 54 1011 0.748732
5 131 5 14 39.5828 54 868.264 1.06107
5 132 1 10 9.38717 54 4 4.47419
5 132 3 12 20.8758 54 1148 2.0119
5 133 1 10 100.903 54 1890 0.416243
5 133 3 12 43.605 54 5602 0.963192
5 134 1 10 70.5663 54 896 0.595185
5 134 3 12 81.0581 54 6326 0.518147
5 134 5 14 20.9345 54 320.219 2.00626
5 135 1 10 42.3592 54 1290 0.99152
5 135 3 12 167.862 54 7658 0.250205
5 136 1 10 42.9892 54 1324 0.976989
5 136 3 12 45.2849 54 3929 0.927462
5 136 5 14 40.5755 54 49.5678 1.03511
5 136 8 17 6.76424 54 3 6.20913
5 137 1 10 44.538 54 1465 0.943015
5 137 3 12 143.77 54 3520 0.292134
5 137 5 14 26.8437 54 68.2079 1.56462
5 137 8 17 2.77162 54 1 15.1536
5 138 1 10 72.7154 54 1128 0.577594
5 138 3 12 53.7521 54 6594 0.781365
5 138 5 14 20.7327 54 539.127 2.02578
5 138 6 15 11.312 54 73.0001 3.71288
5 139 1 10 25.8757 54 1301 1.62314
5 139 3 12 148.063 54 9029 0.283664
5 140 1 10 107.89 54 1736 0.389285
5 140 3 12 70.2493 54 6788 0.597871
5 141 1 10 75.5486 54 1326 0.555933
5 141 3 12 52.6535 54 5030 0.797668
5 142 1 10 17.0033 54 1041 2.47011
5 142 3 12 141.455 54 6059 0.296914
5 142 6 15 22.5871 54 30 1.85947
5 143 1 10 73.098 54 988 0.574571
5 143 3 12 60.2038 54 6914 0.69763
5 144 1 10 116.873 54 1290 0.359364
5 144 3 12 40.4961 54 4145 1.03714
5 144 8 17 0.165492 54 1 253.789
5 145 1 10 58.5247 54 1322 0.717646
5 145 3 12 49.2411 54 4153 0.852946
5 145 8 17 2.80606 54 1 14.9676
5 146 1 10 58.0381 54 890 0.723662
5 146 3 12 59.5737 54 6133 0.705009
5 147 1 10 27.7421 54 999 1.51394
5 147 3 12 73.6233 54 6221 0.570472
5 148 1 10 60.6099 54 1010 0.692957
5 148 3 12 61.4367 54 6611 0.683631
5 149 1 10 63.3427 54 2559 0.66306
5 149 3 12 37.8378 54 4645 1.11
5 150 1 10 159.482 54 1636 0.263353
5 150 3 12 85.9239 54 5894 0.488804
5 151 1 10 66.5769 54 1911 0.630849
5 151 3 12 72.9599 54 1709 0.575659
5 152 1 10 54.5864 54 4312 0.769422
5 152 3 12 32.7666 54 3296 1.28179
5 153 1 10 23.9558 54 2421 1.75323
5 153 2 11 52.3738 54 975 0.801928
5 153 3 12 29.1293 54 2524 1.44185
5 153 4 13 26.9236 54 5606 1.55997
5 153 5 15 135.698 54 62.4888 0.30951
5 153 6 16 2.08189 54 3 20.174
5 154 1 10 86.9799 54 2489 0.48287
5 154 2 11 62.5101 54 293 0.671891
5 154 3 12 21.1178 54 21104 1.98885
5 154 4 13 46.683 54 1851 0.899686
5 154 5 14 38.2173 54 1053.48 1.09898
5 155 1 10 57.5399 54 3306 0.729928
5 155 3 12 46.5942 54 31032 0.9014
5 155 4 13 110.977 54 8295 0.378456
5 156 1 10 83.2869 54 3691 0.504281
5 156 2 11 92.0168 54 268 0.456439
5 156 3 12 64.345 54 34152 0.652731
5 156 4 13 226.584 54 8919 0.185362
5 156 5 14 9.88068 54 85.652 4.25072
5 157 1 10 124.724 54 3345 0.336743
5 157 2 11 54.5186 54 2866 0.770379
5 157 3 12 86.1006 54 22897 0.487802
5 157 4 13 52.8716 54 2502 0.794378
5 158 1 10 97.3184 54 4866 0.431573
5 158 2 11 136.015 54 1545 0.30879
5 158 3 12 49.3279 54 37681 0.851444
5 158 4 13 77.3686 54 1621 0.542856
5 159 1 10 68.1135 54 3866 0.616618
5 159 2 11 80.9229 54 1582 0.519013
5 159 3 12 37.8871 54 32308 1.10856
5 159 4 13 25.2041 54 919 1.6664
5 159 7 16 106.871 54 2799 0.392999
5 160 1 10 61.1847 54 7075 0.686447
5 160 2 11 39.4462 54 5331 1.06474
5 160 3 12 71.5074 54 20662 0.587352
5 160 4 13 30.6286 54 4080 1.37127
5 160 6 16 58.3918 54 4812 0.719279
5 161 1 10 54.969 54 5141 0.764067
5 161 2 11 46.1354 54 1917 0.910364
5 161 3 12 55.2554 54 12789 0.760107
5 161 4 13 184.485 54 5219 0.227661
5 161 7 16 46.2766 54 6269 0.907586
5 161 8 17 10.2631 54 31 4.09235
5 162 1 10 103.107 54 6541 0.407345
5 162 2 11 36.173 54 558 1.16109
5 162 3 12 39.5212 54 18112 1.06272
5 162 4 13 30.4575 54 186 1.37897
5 162 5 14 56.8711 54 591.123 0.738513
5 162 7 16 173.789 54 9903 0.241672
5 162 8 17 2.5491 54 1 16.4764
5 163 1 10 44.4338 54 12605 0.945226
5 163 2 11 71.2049 54 957 0.589847
5 163 3 12 56.9221 54 20045 0.737851
5 163 4 13 135.748 54 5901 0.309396
5 163 5 15 34.6139 54 154.059 1.21339
5 163 6 16 95.5947 54 10147 0.439355
5 164 1 10 33.8648 54 7879 1.24023
5 164 2 11 192.421 54 2298 0.218272
5 164 3 12 75.6246 54 35381 0.555375
5 164 4 13 137.93 54 1232 0.304502
5 164 5 14 15.0612 54 519.267 2.78862
5 164 7 16 212.296 54 10422 0.197837
5 165 1 10 19.8876 54 15651 2.11187
5 165 2 11 78.8775 54 2755 0.532471
5 165 3 12 47.6976 54 61525 0.880547
5 165 4 13 155.074 54 2961 0.270839
5 165 5 15 39.3448 54 39.9999 1.06748
5 165 6 16 177.1 54 9995 0.237155
5 166 1 10 36.9035 54 14364 1.1381
5 166 2 11 97.9183 54 1466 0.428929
5 166 3 12 56.144 54 76078 0.748076
5 166 4 13 156.571 54 4054 0.268249
5 166 5 14 28.2785 54 1638.07 1.48522
5 166 6 15 70.01 54 511 0.599914
5 166 7 16 126.05 54 11227 0.333201
5 166 8 17 14.6632 54 6 2.86432
5 167 1 10 31.2426 54 9812 1.34432
5 167 2 11 108.201 54 1039 0.388167
5 167 3 12 97.2876 54 32022 0.43171
5 167 4 13 132.139 54 5964 0.317846
5 167 5 15 14.7353 54 139.238 2.8503
5 167 6 16 117.696 54 10684 0.356851
5 167 7 17 9.65208 54 13 4.35139
5 168 1 10 20.7123 54 11604 2.02778
5 168 2 11 65.1541 54 1254 0.644626
5 168 3 12 96.9821 54 93684 0.43307
5 168 4 13 57.6838 54 116 0.728108
5 168 5 16 75.4801 54 11233 0.556438
5 168 6 17 3.43891 54 2 12.2132
5 169 1 10 86.5478 54 2634 0.485281
5 169 2 11 18.9358 54 440 2.21802
5 169 3 12 108.581 54 135502 0.386807
5 169 4 13 85.229 54 7276 0.49279
5 169 5 14 30.4763 54 1000 1.37812
5 169 6 15 1.16719 54 84.169 35.9839
5 169 7 16 149.769 54 9564 0.280431
5 170 1 10 109.796 54 8805 0.382526
5 170 2 11 20.1905 54 386 2.08019
5 170 3 12 52.4959 54 240907 0.800063
5 170 4 13 100.293 54 5821 0.418775
5 170 5 14 69.5416 54 2000 0.603955
5 170 6 15 62.5052 54 1797.25 0.671944
5 170 7 16 148.939 54 24913 0.281995
5 171 1 10 101.416 54 13650 0.414134
5 171 2 11 27.1055 54 392 1.5495
5 171 3 12 188.03 54 44365 0.223369
5 171 4 13 118.505 54 4294 0.354416
5 171 6 16 130.204 54 22787 0.32257
5 171 7 17 7.86105 54 2 5.3428
5 172 1 10 50.2565 54 10851 0.835713
5 172 2 11 13.4819 54 331 3.1153
5 172 3 12 243.629 54 106916 0.172393
5 172 4 13 117.641 54 5155 0.357018
5 172 6 16 132.78 54 14841 0.316312
5 173 1 10 40.5326 54 6151 1.0362
5 173 2 11 82.4117 54 427 0.509637
5 173 3 12 46.3395 54 131732 0.906354
5 173 4 13 45.4573 54 182 0.923944
5 173 7 17 7.6027 54 6 5.52436
5 174 1 10 157.967 54 6401 0.265878
5 174 2 11 42.7731 54 1373 0.981925
5 174 3 12 44.4379 54 123184 0.94514
5 174 4 13 98.108 54 283 0.4281
5 174 5 14 21.3755 54 1278 1.96486
5 174 8 17 30.7041 54 9 1.3679
5 175 1 10 92.999 54 9603 0.451618
5 175 2 11 66.1896 54 3251 0.634541
5 175 3 12 202.834 54 33421 0.207066
5 175 4 13 100.995 54 877 0.415862
5 175 6 17 31.8733 54 27 1.31772
5 176 1 10 158.049 54 1080 0.26574
5 176 2 11 92.8498 54 837 0.452343
5 176 3 12 76.4529 54 58244 0.549358
5 176 4 13 13.8974 54 88 3.02215
5 176 5 14 75.4035 54 1000 0.557003
5 176 7 17 7.85802 54 6 5.34486
5 177 1 10 90.6439 54 9584 0.463352
5 177 2 11 44.8182 54 365 0.93712
5 177 3 12 140.719 54 48012 0.298468
5 177 4 13 56.205 54 2940 0.747265
5 177 6 16 136.99 54 25131 0.306592
5 178 1 10 164.859 54 9259 0.254764
5 178 2 11 24.1983 54 279 1.73566
5 178 3 12 167.114 54 43453 0.251325
5 178 4 13 15.4377 54 53 2.7206
5 178 5 14 57.1307 54 1387.52 0.735157
5 178 7 16 117.855 54 27087 0.356371
5 179 1 10 74.6351 54 9165 0.562738
5 179 2 11 51.0332 54 709 0.822994
5 179 3 12 273.612 54 35704 0.153502
5 179 5 14 7.62559 54 139.708 5.50777
5 179 6 15 81.2997 54 507.621 0.516607
5 179 7 16 138.998 54 23577 0.302162
5 179 8 17 2.58529e-05 54 19 1.62457e+06
5 180 1 10 103.248 54 9522 0.406789
5 180 2 11 159.41 54 532 0.263471
5 180 3 12 331.221 54 64491 0.126804
5 180 4 13 22.6077 54 441 1.85777
5 180 5 14 80.9031 54 1000 0.519139
5 180 7 16 116.074 54 22120 0.361837
5 180 8 17 13.972 54 17 3.00601
5 181 1 10 220.763 54 8737 0.190249
5 181 2 11 40.2365 54 148 1.04383
5 181 3 12 396.951 54 46894 0.105807
5 181 4 13 125.73 54 3589 0.33405
5 181 5 14 86.0519 54 1276.68 0.488078
5 181 6 15 14.9732 54 501.948 2.805
5 181 7 16 87.7422 54 22321 0.478675
5 181 8 17 24.0975 54 41 1.74292
5 182 1 10 193.692 54 8898 0.21684
5 182 2 11 37.3071 54 624 1.12579
5 182 3 12 542.667 54 49205 0.0773956
5 182 4 13 133.166 54 5669 0.315396
5 182 5 14 21.7067 54 611.789 1.93488
5 182 6 15 54.0029 54 1000 0.777735
5 182 7 16 105.448 54 23832 0.398299
5 182 8 17 6.61506 54 28 6.34915
5 183 1 10 122.998 54 14967 0.341469
5 183 2 11 168.795 54 577 0.248822
5 183 3 12 63.9928 54 60411 0.656323
5 183 4 13 102.777 54 2636 0.408651
5 183 5 14 18.0903 54 275.066 2.32169
5 183 6 15 37.8836 54 1960 1.10866
5 183 7 16 90.5642 54 22259 0.463759
5 183 8 17 48.1771 54 26 0.871784
5 184 1 10 84.9815 54 13029 0.494225
5 184 2 11 61.8075 54 106 0.679529
5 184 3 12 96.3539 54 139514 0.435893
5 184 4 13 51.6816 54 2612 0.812668
5 184 5 14 103.639 54 1630.28 0.405253
5 184 6 15 46.2515 54 429.076 0.908078
5 184 7 16 90.5769 54 21839 0.463694
5 185 1 10 124.358 54 10956 0.337735
5 185 2 11 224.75 54 839 0.186874
5 185 3 12 274.284 54 56723 0.153126
5 185 4 13 119.558 54 1054 0.351295
5 185 5 14 101.679 54 1000 0.413066
5 185 6 15 43.2705 54 219.988 0.970638
5 185 8 17 6.60738 54 4 6.35652
5 186 1 10 243.024 54 9401 0.172822
5 186 2 11 102.43 54 389 0.410036
5 186 3 12 274.521 54 66287 0.152994
5 186 4 13 86.9701 54 2236 0.482925
5 186 5 14 66.8994 54 1468 0.627809
5 186 6 15 48.1818 54 2529.33 0.871699
5 186 8 17 3.1309 54 2 13.4147
5 187 1 10 162.553 54 17021 0.258377
5 187 2 11 219.556 54 467 0.191295
5 187 3 12 188.362 54 52164 0.222975
5 187 4 13 111.493 54 4321 0.376704
5 187 5 15 13.4671 54 105.702 3.1187
5 187 7 17 4.45173 54 1 9.43454
5 188 1 10 198.444 54 16407 0.211646
5 188 2 11 88.6934 54 290 0.473541
5 188 3 12 105.787 54 161620 0.397025
5 188 4 13 66.4942 54 2305 0.631634
5 188 5 14 89.5176 54 1080.52 0.469181
5 188 6 15 21.1737 54 388 1.98359
6 1 1 18 27.1251 54 4932 1.54838
6 1 2 21 2.1971 54 9 19.1161
6 2 1 18 24.0931 54 6171 1.74324
6 2 2 21 0.000579634 54 120 72459.5
6 3 1 18 43.2047 54 5603 0.972116
6 3 2 21 28.3127 54 162 1.48343
6 4 1 18 50.2746 54 1828 0.835412
6 4 4 21 28.0608 54 362 1.49675
6 5 4 21 3.8754 54 4 10.8376
6 6 4 21 21.5841 54 25 1.94588
6 7 2 21 55.6974 54 513 0.754075
6 8 1 18 34.0915 54 1628 1.23198
6 8 4 21 42.881 54 240 0.979454
6 9 1 18 21.0911 54 1513 1.99136
6 9 4 21 10.9487 54 24 3.83609
6 10 1 18 23.1663 54 2389 1.81298
6 10 2 21 14.1438 54 6 2.96949
6 11 1 18 21.4267 54 3614 1.96017
6 11 3 21 0.000550988 54 321 76226.8
6 12 1 18 17.9171 54 2312 2.34413
6 12 4 21 2.44501 54 262 17.1778
6 13 1 18 39.9418 54 2156 1.05153
6 13 4 21 8.09772 54 11 5.18665
6 14 1 18 19.6562 54 4554 2.13673
6 14 3 21 30.0553 54 92 1.39743
6 15 1 18 23.7239 54 7052 1.77037
6 15 3 21 13.5129 54 65 3.10815
6 16 1 18 54.7764 54 1622 0.766753
6 16 4 21 9.3313 54 263 4.50098
6 17 1 18 56.1209 54 8039 0.748384
6 17 4 21 3.71244 54 34 11.3133
6 18 1 18 38.9148 54 11963 1.07928
6 19 1 18 20.6526 54 8039 2.03364
6 19 3 21 51.1858 54 106 0.82054
6 20 1 18 29.4381 54 7923 1.42672
6 20 4 21 39.7657 54 149 1.05619
6 21 1 18 26.2644 54 5727 1.59912
6 21 4 21 2.36991 54 2 17.7222
6 22 1 18 20.2017 54 18621 2.07903
6 23 1 18 22.8878 54 42920 1.83504
6 23 4 21 25.7543 54 84 1.63079
6 24 1 18 35.1028 54 11949 1.19649
6 24 4 21 40.3292 54 60 1.04143
6 25 1 18 46.2212 54 5651 0.908675
6 26 1 18 40.0706 54 13722 1.04815
6 26 4 21 13.6316 54 32 3.08108
6 27 1 18 84.7773 54 19311 0.495415
6 27 3 21 10.4949 54 4 4.00193
6 28 1 18 61.9694 54 13526 0.677754
6 28 3 21 2.82397 54 17 14.8727
6 29 1 18 20.712 54 2000 2.02781
6 30 1 18 32.1759 54 17499 1.30532
6 31 1 18 16.5979 54 6000 2.53044
6 32 1 18 28.6417 54 6336 1.46639
6 33 1 18 20.2477 54 3998 2.07431
6 34 1 18 80.4123 54 8708 0.522308
6 35 1 18 74.9953 54 6000 0.560035
6 36 1 18 73.015 54 4002 0.575224
6 51 1 18 41.9838 54 1321 1.00039
6 52 1 18 22.9593 54 1350 1.82932
6 53 1 18 18.0114 54 945 2.33186
6 54 1 18 29.2221 54 2841 1.43727
6 55 1 18 47.1466 54 3193 0.890838
6 56 1 18 41.5068 54 2011 1.01188
6 58 1 18 61.0542 54 1994 0.687914
6 59 1 18 73.8776 54 422 0.568508
6 61 1 18 77.8456 54 641 0.53953
6 62 1 18 93.9145 54 998 0.447215
6 63 1 18 49.9519 54 182 0.840808
6 67 1 18 36.5989 54 608 1.14757
6 68 1 18 36.36 54 188 1.15512
6 68 2 19 56.0532 54 687 0.749288
6 68 3 20 75.2525 54 833 0.558121
6 69 1 18 261.37 54 2401 0.160692
6 69 2 19 40.0853 54 2598 1.04777
6 69 3 20 121.919 54 1680 0.344491
6 70 1 18 106.529 54 755 0.394259
6 70 2 19 31.6429 54 3232 1.32731
6 70 3 20 45.7734 54 1204 0.917563
6 71 1 18 26.2029 54 5056 1.60288
6 71 3 20 38.8291 54 1795 1.08166
6 72 1 18 23.0599 54 596 1.82134
6 72 2 19 10.4534 54 408 4.01783
6 72 3 20 12.9316 54 2345 3.24786
6 73 1 18 85.7347 54 6884 0.489884
6 73 2 19 15.6012 54 244 2.69209
6 73 3 20 13.6795 54 187 3.07028
6 74 1 18 103.902 54 8659 0.404228
6 74 2 19 39.7652 54 457 1.0562
6 74 3 20 39.075 54 1056 1.07486
6 75 1 18 61.3578 54 50 0.68451
6 75 2 19 11.9256 54 50 3.52183
6 76 1 18 56.6801 54 2101 0.741001
6 76 3 20 68.6456 54 635 0.611838
6 77 1 18 92.5926 54 9794 0.4536
6 77 2 19 73.8641 54 1534 0.568612
6 77 3 20 81.8842 54 2658 0.512919
6 78 1 18 9.23193 54 4485 4.54943
6 78 2 19 58.406 54 1193 0.719105
6 78 3 20 44.6984 54 1484 0.93963
6 79 1 18 23.5253 54 2523 1.78532
6 80 1 18 46.8483 54 6925 0.896511
6 80 3 20 16.4902 54 72 2.54696
6 81 1 18 69.5958 54 783 0.603484
6 81 2 19 25.6868 54 271 1.63508
6 81 3 20 44.3456 54 226 0.947106
6 82 1 18 54.6282 54 2446 0.768833
6 83 1 18 15.9284 54 99 2.6368
6 84 1 18 43.1566 54 1173 0.973201
6 85 2 19 29.3944 54 451 1.42884
6 85 3 20 38.8627 54 152 1.08073
6 87 3 20 41.8103 54 99.9998 1.00454
6 88 2 19 33.2588 54 472.805 1.26283
6 88 3 20 14.993 54 249.615 2.8013
6 89 2 19 61.3298 54 535.445 0.684823
6 89 3 20 81.3212 54 166.957 0.51647
6 90 1 18 36.1065 54 38 1.16322
6 90 2 19 103.078 54 679.387 0.407458
6 91 1 18 48.4963 54 927 0.866046
6 91 2 19 2.5547 54 66.3381 16.4403
6 92 1 18 62.8272 54 51 0.6685
6 93 1 18 29.2194 54 254 1.4374
6 93 2 19 21.537 54 620 1.95013
6 93 3 20 9.04411 54 406 4.6439
6 94 1 18 47.9981 54 850 0.875034
6 94 2 19 43.2951 54 2188.42 0.970087
6 94 3 20 31.8043 54 1074 1.32058
6 95 2 19 44.305 54 1232 0.947974
6 95 3 20 1.13036 54 1211.82 37.1562
6 96 1 18 22.1138 54 1049 1.89927
6 96 2 19 17.1811 54 485.282 2.44455
6 96 3 20 26.0722 54 1096.2 1.61091
6 96 4 21 12.6714 54 6 3.31455
6 97 2 19 17.764 54 1787.28 2.36434
6 97 3 20 11.55 54 524 3.63637
6 98 1 18 43.1969 54 3397 0.972292
6 98 2 19 31.9085 54 737.792 1.31626
6 98 3 20 20.6629 54 825.838 2.03263
6 98 4 21 8.26693 54 21 5.08048
6 99 2 19 40.2195 54 1047.07 1.04427
6 99 3 20 26.9441 54 37.7751 1.55878
6 100 1 18 12.0736 54 121 3.47867
6 100 2 19 27.5706 54 1351.26 1.52336
6 101 2 19 26.065 54 1761.99 1.61136
6 101 3 20 21.027 54 1603.07 1.99743
6 101 4 21 16.1816 54 5 2.59554
6 102 2 19 37.3606 54 616.063 1.12418
6 103 2 19 42.8212 54 579.289 0.980823
6 104 2 19 23.6304 54 583.834 1.77737
6 104 3 20 10.3822 54 63.454 4.0454
6 104 4 21 5.53597 54 2 7.58675
6 105 2 19 47.2748 54 1073.68 0.888422
6 106 1 18 61.1923 54 1470 0.686361
6 106 2 19 69.7637 54 3198.44 0.602033
6 106 3 20 45.6554 54 962.696 0.919934
6 107 1 18 90.6263 54 14620 0.463442
6 107 2 19 63.9574 54 847.895 0.656687
6 108 1 18 41.2141 54 2238 1.01907
6 108 2 19 37.8939 54 322.241 1.10836
6 109 2 19 42.9073 54 790.034 0.978855
6 109 3 20 41.7962 54 508.258 1.00488
6 110 1 18 63.0497 54 13270 0.666142
6 110 2 19 31.5144 54 1586.18 1.33272
6 110 3 20 22.9931 54 58.55 1.82664
6 111 2 19 32.9959 54 1047.24 1.27288
6 111 3 20 16.5455 54 37.0275 2.53846
6 112 1 18 54.7503 54 3398 0.767119
6 112 2 19 6.91424 54 69.6155 6.07442
6 112 4 21 6.83408 54 2 6.14567
6 113 1 18 120.656 54 3384 0.348097
6 113 2 19 30.2677 54 2295.88 1.38762
6 113 3 20 33.0644 54 1323.83 1.27025
6 114 1 18 101.3 54 3013 0.414611
6 114 2 19 49.6721 54 1826.58 0.845545
6 114 3 20 11.0081 54 1024.6 3.81538
6 114 4 21 23.4058 54 29 1.79443
6 115 1 19 17.6816 54 105.274 2.37534
6 115 2 20 12.6983 54 327.704 3.30752
6 116 1 19 30.1794 54 122.88 1.39168
6 116 3 21 5.56091 54 2 7.55272
6 117 2 19 46.6181 54 944.658 0.900937
6 117 3 20 53.7536 54 380.999 0.781343
6 118 2 19 81.6594 54 995.299 0.514331
6 118 4 21 11.3822 54 7 3.68998
6 119 2 19 78.933 54 2139.63 0.532097
6 119 4 21 5.26053 54 6 7.98399
6 120 2 19 112.321 54 2379.96 0.373928
6 120 3 20 90.8225 54 2951.55 0.46244
6 120 4 21 7.90391 54 6 5.31383
6 121 1 18 114.615 54 4368 0.366445
6 121 2 19 51.3785 54 3748.78 0.817462
6 121 3 20 27.3122 54 384.839 1.53778
6 121 4 21 5.63464 54 2 7.4539
6 122 1 18 61.9575 54 16024 0.677884
6 122 2 19 75.1015 54 3453.88 0.559243
6 122 3 20 24.9785 54 1141.42 1.68145
6 122 4 21 22.9867 54 9 1.82714
6 123 1 18 46.6231 54 7216 0.90084
6 123 2 19 71.013 54 3000 0.591441
6 123 3 20 18.0794 54 630.412 2.32309
6 123 4 21 23.3036 54 16 1.8023
6 124 1 18 77.8783 54 9210 0.539303
6 124 2 19 120.672 54 4437.27 0.348052
6 124 3 20 46.3083 54 605.348 0.906965
6 124 4 21 87.6058 54 30 0.47942
6 125 1 18 41.6215 54 12042 1.00909
6 125 2 19 131.374 54 5283.51 0.319697
6 125 3 20 19.8372 54 2420.23 2.11723
6 125 4 21 1.31651 54 15 31.9026
6 126 1 18 92.698 54 5489 0.453084
6 126 2 19 154.504 54 2788.3 0.271838
6 126 3 20 106.875 54 2152 0.392981
6 126 4 21 24.2019 54 13 1.7354
6 127 1 18 85.5364 54 20238 0.491019
6 127 2 19 25.8092 54 2174.77 1.62733
6 127 3 20 56.5141 54 199.336 0.743178
6 127 4 21 80.8979 54 34 0.519173
6 128 2 19 32.5094 54 1651.18 1.29193
6 128 3 20 42.6234 54 498.421 0.985375
6 128 4 21 7.24345e-05 54 54 579835
6 129 2 19 45.1826 54 4000 0.929561
6 129 3 20 15.2123 54 675.047 2.76093
6 129 4 21 8.02286 54 3 5.23504
6 130 2 19 53.0986 54 3865.4 0.790981
6 130 3 20 4.79048 54 402.887 8.76738
6 130 4 21 22.6358 54 70 1.85546
6 131 2 19 84.3886 54 2947.03 0.497697
6 131 3 20 28.2017 54 819.233 1.48927
6 131 4 21 32.9303 54 43 1.27542
6 132 2 19 55.6985 54 4134.58 0.75406
6 132 3 20 32.5864 54 2486.48 1.28888
6 132 4 21 2.30223 54 6 18.2432
6 133 1 18 40.263 54 784 1.04314
6 133 2 19 46.6016 54 3579.6 0.901256
6 133 3 20 47.6149 54 2168.15 0.882077
6 133 4 21 1.94198e-08 54 1 2.16275e+09
6 134 2 19 57.2819 54 4000 0.733216
6 134 3 20 43.3776 54 704.236 0.968242
6 134 4 21 3.49906 54 3 12.0032
6 135 2 19 107.982 54 3675.5 0.388954
6 135 3 20 58.2402 54 2143.76 0.721151
6 135 4 21 41.5445 54 105 1.01096
6 136 2 19 95.3141 54 4516.86 0.440648
6 136 3 20 23.8268 54 2764.69 1.76272
6 136 4 21 27.9587 54 77 1.50222
6 137 2 19 42.2694 54 4954.12 0.993626
6 137 3 20 19.3098 54 2340.49 2.17506
6 137 4 21 1.3293 54 9 31.5956
6 138 2 19 132.315 54 4827.01 0.317424
6 138 3 20 43.2911 54 2978.39 0.970177
6 138 4 21 1.8443e-05 54 233 2.27728e+06
6 139 1 18 38.4958 54 3107 1.09103
6 139 2 19 41.5611 54 3000 1.01056
6 139 3 20 33.6469 54 550.041 1.24826
6 139 4 21 14.4383 54 4 2.90893
6 140 2 19 73.322 54 4128.69 0.572816
6 140 3 20 38.7675 54 2629.92 1.08338
6 140 4 21 55.1212 54 71 0.761958
6 141 2 19 90.4244 54 4231.28 0.464476
6 141 3 20 79.031 54 3839.53 0.531437
6 141 4 21 25.2444 54 45 1.66373
6 142 2 19 57.2868 54 3561.66 0.733154
6 142 3 20 79.3464 54 3205.2 0.529325
6 142 4 21 42.733 54 22 0.982848
6 143 2 19 58.9494 54 3637.14 0.712475
6 143 3 20 48.5708 54 1043.96 0.864717
6 144 2 19 140.62 54 3262 0.298678
6 144 3 20 71.8617 54 2953.01 0.584456
6 144 4 21 3.44938 54 3 12.1761
6 145 2 19 94.2228 54 3488.12 0.445752
6 145 3 20 47.7649 54 2716.3 0.879307
6 146 2 19 86.0893 54 4653.01 0.487865
6 146 3 20 95.9959 54 3565.18 0.437518
6 146 4 21 9.18091e-05 54 89 457471
6 147 2 19 59.6153 54 3225.09 0.704517
6 147 3 20 10.6779 54 1001.38 3.93336
6 147 4 21 14.6349 54 10 2.86986
6 148 2 19 104.76 54 3999.04 0.400918
6 148 3 20 23.4695 54 3119.29 1.78956
6 148 4 21 13.9219 54 24 3.01684
6 149 2 19 48.8582 54 4967.21 0.859631
6 149 3 20 89.6491 54 2584.74 0.468493
6 149 4 21 14.6029 54 26 2.87615
6 150 1 19 61.4053 54 4732.4 0.68398
6 150 2 20 45.6655 54 3480.33 0.919731
6 151 1 19 31.5775 54 3000 1.33006
6 151 2 20 13.0524 54 1745.17 3.21779
6 151 3 21 13.045 54 22 3.21963
6 152 1 19 64.3904 54 3761.93 0.652271
6 152 2 20 41.715 54 2943.72 1.00683
6 152 3 21 19.3086 54 63 2.17519
6 153 1 19 83.6482 54 5208.12 0.502103
6 153 2 20 79.9689 54 5732.16 0.525204
6 153 3 21 7.18509 54 7 5.84544
6 154 1 19 103.715 54 4114.28 0.404956
6 154 2 20 88.2001 54 4180.52 0.47619
6 155 1 19 76.9001 54 2513.3 0.546163
6 155 2 20 130.834 54 3979.96 0.321017
6 155 3 21 16.0737 54 27 2.61297
6 156 1 19 226.749 54 5959.58 0.185227
6 156 2 20 264.899 54 5935.76 0.158551
6 156 3 21 11.7641 54 29 3.57019
6 157 2 19 316.721 54 5593.17 0.132609
6 157 3 20 249.103 54 5211.89 0.168605
6 157 4 21 30.915 54 71 1.35856
6 158 2 19 108.793 54 5050.8 0.386054
6 158 3 20 90.6296 54 3447.67 0.463425
6 158 4 21 10.724 54 22 3.91644
6 159 2 19 52.1002 54 3988.31 0.806138
6 159 3 20 69.9249 54 3788.58 0.600645
6 159 4 21 6.1447e-05 54 32 683516
6 160 2 19 277.546 54 6950.19 0.151326
6 160 3 20 164.33 54 6812.19 0.255584
6 160 4 21 9.42511 54 127 4.45618
6 161 2 19 82.6798 54 5346.6 0.507984
6 161 3 20 246.279 54 5294.54 0.170538
6 161 4 21 28.2999 54 16 1.4841
6 162 2 19 106.634 54 5000 0.39387
6 162 3 20 81.6471 54 3641.54 0.514409
6 162 4 21 0.00456867 54 249 9193.06
6 163 2 19 358.672 54 4125.7 0.117099
6 163 3 20 135.494 54 3039.44 0.309978
6 163 4 21 21.6542 54 74 1.93957
6 164 2 19 102.158 54 5858.86 0.411128
6 164 3 20 109.86 54 6910.93 0.382304
6 164 4 21 22.7258 54 48 1.84812
6 165 2 19 222.534 54 5897.44 0.188735
6 165 3 20 81.4563 54 6180.41 0.515614
6 165 4 21 28.5563 54 17 1.47078
6 166 2 19 133.514 54 5175.96 0.314574
6 166 3 20 202.289 54 5347.97 0.207624
6 166 4 21 43.3943 54 38 0.967869
6 167 2 19 138.683 54 3098.1 0.302849
6 167 3 20 151.04 54 4184.01 0.278071
6 167 4 21 21.5286 54 17 1.95089
6 168 2 19 137.862 54 6301.58 0.304652
6 168 3 20 114.142 54 6070.58 0.367964
6 168 4 21 17.3137 54 24 2.42583
6 169 2 19 141.167 54 5502.62 0.297519
6 169 3 20 89.1258 54 4988.62 0.471244
6 169 4 21 5.98915 54 9 7.01268
6 170 1 19 171.601 54 4090.92 0.244753
6 170 2 20 69.7473 54 3892.31 0.602174
6 170 3 21 69.1792 54 106 0.607119
6 171 2 19 126.752 54 4086.56 0.331357
6 171 3 20 99.4393 54 3406.5 0.422368
6 171 4 21 30.3875 54 23 1.38215
6 172 1 19 84.1976 54 5781.62 0.498827
6 172 2 20 69.5696 54 5715.14 0.603712
6 172 3 21 0.693413 54 6 60.57
6 173 2 19 70.7838 54 4789.42 0.593356
6 173 3 20 104.863 54 4321.26 0.400523
6 173 4 21 3.87542 54 11 10.8375
6 174 1 19 83.7486 54 3907.32 0.501501
6 174 2 20 59.362 54 2761.29 0.707523
6 174 3 21 25.4113 54 42 1.65281
6 175 1 19 44.6409 54 4080.87 0.940841
6 175 2 20 82.2353 54 2345.61 0.510729
6 175 3 21 25.67 54 21 1.63615
6 176 2 19 39.0533 54 5326.48 1.07545
6 176 3 20 25.1448 54 3275.48 1.67033
6 176 4 21 35.6269 54 200 1.17888
6 177 2 19 51.3268 54 5323.72 0.818286
6 177 3 20 20.4417 54 4772.61 2.05462
6 177 4 21 34.5248 54 59 1.21652
6 178 2 19 58.1413 54 4460.91 0.722378
6 178 3 20 104.613 54 6490 0.401481
6 178 4 21 21.7739 54 75 1.92892
6 179 2 19 112.776 54 3658.27 0.37242
6 179 3 20 85.9044 54 3701.89 0.488915
6 179 4 21 42.821 54 83 0.980828
6 180 2 19 159.53 54 5475.84 0.263273
6 180 3 20 291.602 54 6069.82 0.144032
6 180 4 21 42.4478 54 162 0.989451
6 181 2 19 199.688 54 5102.25 0.210328
6 181 3 20 296.414 54 5343.1 0.141694
6 181 4 21 0.000149031 54 59 281821
6 182 2 19 136.585 54 5054.68 0.3075
6 182 3 20 144.303 54 4633.23 0.291054
6 182 4 21 50.8295 54 226 0.826292
6 183 2 19 99.5261 54 3424.97 0.422
6 183 3 20 105.806 54 3157.2 0.396951
6 183 4 21 29.1629 54 415 1.44019
6 184 2 19 194.67 54 4458.81 0.215749
6 184 3 20 210.636 54 6044.87 0.199396
6 184 4 21 3.74006 54 14 11.2298
6 185 2 19 219.288 54 5101.91 0.191529
6 185 3 20 82.8821 54 5263.77 0.506744
6 185 4 21 0.218674 54 12 192.067
6 186 2 19 156.541 54 3412.66 0.2683
6 186 3 20 121.097 54 2824.51 0.34683
6 186 4 21 23.1822 54 132 1.81173
6 187 2 19 181.524 54 1629.17 0.231374
6 187 3 20 171.758 54 2705.03 0.24453
6 187 4 21 11.7896 54 18 3.56246
6 188 2 19 87.1583 54 2372.39 0.481882
6 188 3 20 164.721 54 2733.06 0.254976
7 1 1 24 17.2045 54 1345 2.44122
7 1 3 27 56.2082 54 322 0.747222
7 2 1 24 7.23502 54 347 5.8051
7 2 2 27 36.5687 54 23 1.14852
7 3 2 27 1.10687 54 24 37.945
7 4 1 24 12.919 54 1968 3.25103
7 4 4 27 18.4421 54 80 2.2774
7 5 1 24 53.2899 54 1620 0.788142
7 5 4 27 8.27593 54 34 5.07496
7 6 1 24 22.9113 54 540 1.83316
7 6 4 27 50.9823 54 124 0.823815
7 7 1 24 17.5834 54 1045 2.38862
7 7 2 27 29.6372 54 326 1.41714
7 8 1 24 12.5781 54 2775 3.33913
7 8 4 27 74.2227 54 630 0.565865
7 9 1 24 37.4808 54 1358 1.12057
7 9 4 27 82.5396 54 207 0.508846
7 10 2 27 27.8383 54 66 1.50871
7 11 1 24 10.5042 54 360 3.99839
7 11 4 27 16.674 54 84 2.51889
7 12 1 24 9.80937 54 30 4.28162
7 12 4 27 13.5405 54 147 3.10181
7 13 1 24 13.4857 54 230 3.11442
7 13 4 27 17.3499 54 52 2.42076
7 14 4 27 13.8801 54 50 3.02592
7 15 1 24 11.3159 54 654 3.7116
7 15 4 27 8.02966 54 23 5.23061
7 16 1 24 16.4917 54 878 2.54674
7 16 4 27 16.8922 54 124 2.48635
7 17 1 24 49.1108 54 1424 0.855209
7 17 4 27 26.3647 54 45 1.59304
7 18 1 24 98.1896 54 419 0.427744
7 18 3 27 24.5186 54 40 1.71298
7 19 1 24 50.6903 54 492 0.828561
7 19 4 27 22.2912 54 13 1.88416
7 20 4 27 15.9805 54 76 2.6282
7 21 1 24 25.4288 54 25 1.65167
7 21 4 27 11.9723 54 8 3.5081
7 22 4 27 6.79743 54 31 6.1788
7 23 4 27 14.7711 54 11 2.84339
7 24 1 24 13.4977 54 3282 3.11164
7 24 4 27 2.37435 54 36 17.689
7 25 1 24 18.9361 54 3138 2.21799
7 25 4 27 35.4456 54 18 1.18491
7 26 1 24 30.725 54 612 1.36697
7 26 4 27 143.463 54 253 0.292758
7 27 1 24 18.1216 54 2025 2.31768
7 27 4 27 32.7052 54 83 1.2842
7 28 1 24 44.1802 54 4367 0.950652
7 28 4 27 27.8639 54 130 1.50733
7 29 1 24 40.1715 54 2511 1.04552
7 29 4 27 5.40951 54 7 7.7641
7 31 1 24 18.4855 54 626 2.27206
7 31 4 27 10.8135 54 26 3.88404
7 32 1 24 13.729 54 3601 3.05923
7 32 4 27 19.9933 54 27 2.1007
7 33 1 24 78.1055 54 29 0.537734
7 33 4 27 13.5259 54 4 3.10514
7 34 1 24 69.084 54 1352 0.607956
7 35 1 24 25.0718 54 3995 1.67519
7 35 4 27 20.304 54 26 2.06856
7 36 1 24 9.80058 54 35 4.28546
7 36 4 27 23.1328 54 83 1.8156
7 37 1 24 2.74254 54 25 15.3143
7 39 4 27 12.4173 54 6 3.38236
7 44 1 24 11.1336 54 27 3.77235
7 49 1 24 8.15996 54 23 5.14709
7 53 1 24 0.857898 54 55 48.9569
7 53 4 27 1.01246 54 1 41.4831
7 55 1 24 9.23872 54 25 4.54609
7 56 1 24 15.5385 54 695 2.70295
7 57 1 24 86.3734 54 492 0.486261
7 60 1 24 15.7042 54 205 2.67444
7 61 1 24 92.9873 54 717 0.451675
7 61 4 27 5.11721 54 2 8.20759
7 62 1 24 66.4427 54 289 0.632124
7 64 1 24 35.5613 54 190 1.18106
7 65 1 24 28.7967 54 380 1.4585
7 66 1 24 54.178 54 800 0.775222
7 66 2 25 23.2976 54 271 1.80276
7 66 3 26 48.8083 54 768 0.86051
7 67 1 24 98.7221 54 384 0.425437
7 67 2 25 58.9268 54 1560 0.712748
7 67 3 26 141.262 54 2480 0.297319
7 67 4 27 13.4865 54 15 3.11423
7 68 1 24 63.1688 54 1058 0.664885
7 68 2 25 35.6271 54 996 1.17888
7 68 3 26 128.748 54 2119 0.326218
7 68 4 27 17.684 54 6 2.37503
7 69 1 24 108.123 54 1836 0.388445
7 69 2 25 23.3362 54 994 1.79978
7 69 3 26 63.3767 54 357 0.662704
7 70 1 24 24.0829 54 175 1.74397
7 70 2 25 16.4134 54 896 2.55889
7 70 3 26 32.1487 54 1414 1.30643
7 71 3 26 20.9785 54 429 2.00205
7 72 2 25 25.9541 54 829 1.61824
7 72 3 26 16.2722 54 1567 2.58109
7 73 1 24 23.9297 54 202 1.75514
7 73 2 25 26.0462 54 2993 1.61252
7 73 3 26 17.2342 54 563 2.43702
7 74 1 24 38.3563 54 2088 1.095
7 74 2 25 42.9904 54 1702 0.976963
7 74 3 26 38.1285 54 301 1.10154
7 75 1 24 25.2255 54 3096 1.66498
7 75 2 25 33.8165 54 493 1.242
7 75 3 26 15.2761 54 72 2.7494
7 75 4 27 1.93041 54 1 21.7571
7 76 1 24 7.8157 54 6 5.3738
7 76 2 25 36.0253 54 648 1.16585
7 76 3 26 46.4009 54 1163 0.905155
7 77 1 24 27.2581 54 1297 1.54083
7 77 2 25 80.6278 54 894 0.520912
7 77 3 26 82.3732 54 3477 0.509875
7 78 1 24 51.7856 54 2500 0.811036
7 78 2 25 40.1623 54 449 1.04576
7 78 3 26 46.8073 54 1040 0.897296
7 79 1 24 88.2483 54 5257 0.47593
7 79 2 25 16.5034 54 1012 2.54494
7 79 3 26 74.0334 54 897 0.567311
7 79 4 27 3.52452 54 1 11.9165
7 80 1 24 38.3146 54 243 1.09619
7 80 2 25 8.74051 54 825 4.80521
7 80 3 26 15.9709 54 897 2.62979
7 80 4 27 15.9855 54 4 2.62737
7 81 1 24 72.688 54 551 0.577812
7 81 2 25 7.25458 54 292 5.78945
7 81 3 26 29.2756 54 769 1.43464
7 82 1 24 21.647 54 75 1.94022
7 82 4 27 2.3604 54 1 17.7936
7 83 1 24 20.662 54 1962 2.03271
7 83 2 25 65.1437 54 2307 0.644729
7 83 3 26 36.1103 54 2044 1.1631
7 83 4 27 9.56464 54 3 4.39118
7 84 1 24 88.8746 54 799 0.472576
7 84 2 25 28.926 54 2077 1.45198
7 84 3 26 32.0602 54 1719 1.31004
7 85 1 24 59.0221 54 311 0.711598
7 85 2 25 26.7058 54 708.479 1.57269
7 85 3 26 94.3588 54 745 0.445109
7 86 2 25 22.3479 54 1003.85 1.87937
7 86 3 26 30.3978 54 583.442 1.38168
7 86 4 27 14.712 54 10 2.85481
7 87 2 25 21.3265 54 255.604 1.96938
7 87 3 26 60.8992 54 438.24 0.689664
7 87 4 27 4.07561 54 2 10.3052
7 88 1 24 5.17971 54 110 8.10856
7 88 2 25 61.6197 54 991.627 0.6816
7 88 3 26 69.4782 54 926.974 0.604506
7 89 1 24 17.7341 54 75 2.36832
7 89 2 25 118.854 54 5108.62 0.353374
7 89 3 26 78.7983 54 497 0.533007
7 89 4 27 1.33489 54 1 31.4633
7 90 2 25 116.123 54 1495 0.361684
7 90 3 26 115.744 54 329.295 0.362869
7 90 4 27 32.7401 54 12 1.28283
7 91 1 24 30.2167 54 442 1.38996
7 91 2 25 10.9989 54 1138.65 3.81858
7 91 3 26 118.442 54 954.628 0.354604
7 91 4 27 67.881 54 34 0.618729
7 92 1 24 20.1584 54 159 2.0835
7 92 2 25 11.84 54 2336.89 3.54728
7 92 3 26 19.4903 54 519.123 2.15492
7 92 4 27 9.62303 54 4 4.36453
7 93 1 24 98.6017 54 171 0.425956
7 93 2 25 58.8298 54 1130.4 0.713924
7 93 3 26 0.305398 54 2065.77 137.526
7 94 1 24 171.245 54 101 0.245263
7 94 2 25 60.0337 54 2998.07 0.699607
7 94 3 26 108.603 54 2316.56 0.386728
7 94 4 27 38.2055 54 31 1.09932
7 95 2 25 34.8324 54 1149.92 1.20577
7 95 3 26 52.2978 54 2433 0.803093
7 95 4 27 32.6987 54 36 1.28446
7 96 1 24 9.20873 54 20 4.56089
7 96 2 25 21.1794 54 864.706 1.98306
7 96 3 26 31.4115 54 4132 1.33709
7 96 4 27 31.3671 54 50 1.33898
7 97 1 24 21.1356 54 60 1.98717
7 97 2 25 52.0612 54 5218.62 0.806743
7 97 3 26 54.7132 54 3934.93 0.76764
7 97 4 27 1.51223 54 1 27.7736
7 98 1 24 114.398 54 221 0.36714
7 98 2 25 46.9572 54 1769.31 0.894431
7 98 3 26 44.5618 54 1757 0.942511
7 98 4 27 8.03087 54 5 5.22982
7 99 2 25 74.195 54 2663.19 0.566076
7 99 3 26 39.928 54 2340.91 1.05189
7 99 4 27 15.808 54 33 2.65688
7 100 1 24 2.86801 54 20 14.6443
7 100 2 25 51.6463 54 2601.75 0.813223
7 100 3 26 54.6889 54 1157.84 0.76798
7 100 4 27 44.1534 54 93 0.951229
7 101 1 24 40.7012 54 127 1.03191
7 101 2 25 115.761 54 3089.87 0.362818
7 101 3 26 56.7887 54 856.097 0.739584
7 101 4 27 19.1435 54 72 2.19396
7 102 2 25 55.6805 54 859.005 0.754304
7 102 3 26 17.8108 54 307.323 2.35812
7 102 4 27 22.2485 54 33 1.88776
7 103 2 25 46.7151 54 319.048 0.899068
7 103 4 27 24.5162 54 18 1.71315
7 104 1 24 21.6477 54 171 1.94016
7 104 2 25 34.6266 54 1388.94 1.21294
7 104 3 26 29.8488 54 32.9999 1.40709
7 104 4 27 0.807303 54 4 52.0251
7 105 2 25 48.7402 54 3564.06 0.861712
7 105 3 26 85.1306 54 1133.86 0.49336
7 105 4 27 0.033826 54 5 1241.65
7 106 2 25 96.5725 54 4105.76 0.434906
7 106 3 26 55.313 54 3370.62 0.759315
7 106 4 27 3.19799e-05 54 50 1.31332e+06
7 107 2 25 104.346 54 1510.7 0.402509
7 107 3 26 108.207 54 972.648 0.388145
7 107 4 27 17.1926 54 20 2.44291
7 108 1 24 10.379 54 25 4.04663
7 108 2 25 106.13 54 2756.1 0.395742
7 108 3 26 77.3644 54 1883.87 0.542886
7 108 4 27 1.11087 54 4 37.8083
7 109 1 24 19.4353 54 1485 2.16102
7 109 2 25 57.2038 54 2861.61 0.734217
7 109 3 26 170.402 54 1320.81 0.246476
7 109 4 27 1.30395 54 2 32.2099
7 110 2 25 55.1705 54 3051.41 0.761276
7 110 3 26 2.21237 54 471.208 18.9842
7 110 4 27 11.627 54 18 3.6123
7 111 2 25 28.21 54 3757.86 1.48883
7 111 3 26 25.4655 54 1777.25 1.64929
7 111 4 27 12.7933 54 5 3.28298
7 112 1 24 37.8085 54 207 1.11086
7 112 2 25 43.7424 54 1158.59 0.960166
7 112 3 26 2.87202 54 2050.63 14.6239
7 112 4 27 21.0658 54 11 1.99375
7 113 1 24 19.6144 54 2134 2.14129
7 113 2 25 122.244 54 3655.57 0.343574
7 113 3 26 71.5732 54 1898.43 0.586812
7 113 4 27 9.4438 54 6 4.44736
7 114 1 24 18.701 54 40 2.24587
7 114 2 25 101.007 54 4208.85 0.415814
7 114 3 26 45.6682 54 1677 0.919677
7 114 4 27 12.4408 54 4 3.37598
7 115 1 25 55.2844 54 1689.01 0.759708
7 115 2 26 69.8517 54 637.029 0.601274
7 115 3 27 31.8023 54 53 1.32066
7 116 2 25 63.2481 54 1798.13 0.664052
7 116 3 26 73.3673 54 1261.62 0.572462
7 116 4 27 24.9715 54 12 1.68192
7 117 2 25 104.053 54 2890.21 0.403639
7 117 3 26 145.829 54 2566.56 0.288008
7 117 4 27 22.5568 54 19 1.86196
7 118 2 25 102.109 54 3547.26 0.411325
7 118 3 26 132.1 54 3016.77 0.317941
7 119 1 25 45.5779 54 1380.11 0.921499
7 119 2 26 80.2022 54 816.63 0.523676
7 119 3 27 24.3404 54 46 1.72552
7 120 2 25 23.4125 54 1484.91 1.79391
7 120 3 26 76.999 54 555.694 0.545461
7 120 4 27 44.4371 54 36 0.945156
7 121 1 24 8.66794 54 380 4.84544
7 121 2 25 159.121 54 3420.93 0.26395
7 121 3 26 76.7179 54 1572.81 0.54746
7 121 4 27 63.0365 54 33 0.66628
7 122 1 24 7.68007 54 6 5.4687
7 122 2 25 74.1273 54 1507.87 0.566593
7 122 3 26 41.5789 54 1271.79 1.01013
7 122 4 27 0.36543 54 26 114.933
7 123 2 25 75.0094 54 2923.99 0.55993
7 123 3 26 47.9358 54 568.736 0.876173
7 123 4 27 63.8261 54 53 0.658038
7 124 2 25 289.36 54 1603.97 0.145148
7 124 3 26 221.201 54 2764.12 0.189872
7 124 4 27 11.7657 54 52 3.56969
7 125 1 24 73.9551 54 2518 0.567913
7 125 2 25 163.828 54 3374.75 0.256367
7 125 3 26 207.605 54 3329.01 0.202307
7 125 4 27 5.88019e-05 54 290 714262
7 126 1 24 41.6522 54 3466 1.00835
7 126 2 25 85.9225 54 1882.13 0.488813
7 126 3 26 93.3481 54 2313.82 0.449929
7 126 4 27 115.299 54 73 0.364269
7 127 2 25 28.5391 54 2302.67 1.47167
7 127 3 26 49.206 54 2274.82 0.853554
7 127 4 27 2.79673 54 6 15.0176
7 128 2 25 51.1504 54 1389.78 0.821107
7 128 3 26 37.3978 54 532.657 1.12306
7 128 4 27 4.18977 54 40 10.0244
7 129 1 24 36.7298 54 97 1.14349
7 129 2 25 38.805 54 2737.52 1.08234
7 129 3 26 53.5254 54 1751.46 0.784674
7 129 4 27 15.8764 54 44 2.64544
7 130 2 25 53.0912 54 3842.75 0.791091
7 130 3 26 40.729 54 4056.05 1.03121
7 130 4 27 41.8424 54 80 1.00377
7 131 2 25 149.383 54 4673 0.281157
7 131 3 26 97.2899 54 2021 0.431699
7 131 4 27 0.00282846 54 198 14849.1
7 132 2 25 207.851 54 6544.27 0.202068
7 132 3 26 145.633 54 2697.59 0.288397
7 132 4 27 61.2423 54 37 0.6858
7 133 1 24 71.0565 54 1263 0.591079
7 133 2 25 87.6464 54 3162.58 0.479198
7 133 3 26 155.683 54 4051.43 0.269778
7 133 4 27 34.7756 54 59 1.20774
7 134 2 25 112.336 54 4969.41 0.373879
7 134 3 26 116.697 54 4078.81 0.359906
7 134 4 27 0.0370522 54 870 1133.54
7 135 2 25 96.874 54 3827.76 0.433553
7 135 3 26 71.7763 54 3762.76 0.585152
7 135 4 27 69.9185 54 83 0.600699
7 136 2 25 147.12 54 5107.1 0.285482
7 136 3 26 98.9444 54 1569.72 0.424481
7 136 4 27 48.3876 54 77 0.867991
7 137 2 25 56.6182 54 5907.93 0.741811
7 137 3 26 59.9182 54 2378.36 0.700956
7 137 4 27 82.802 54 73 0.507234
7 138 2 25 123.372 54 6697.24 0.340433
7 138 3 26 106.99 54 4520.66 0.392559
7 138 4 27 0.000180183 54 108 233097
7 139 2 25 68.0967 54 2305.87 0.61677
7 139 3 26 63.0507 54 1398.61 0.666131
7 139 4 27 0.00785906 54 525 5344.15
7 140 1 24 3.47071 54 239 12.1013
7 140 2 25 118.454 54 5389.2 0.354568
7 140 3 26 46.7649 54 2125.14 0.898109
7 140 4 27 85.9009 54 169 0.488936
7 141 2 25 105.694 54 9052.2 0.397374
7 141 3 26 42.0148 54 3550.04 0.999649
7 141 4 27 24.88 54 183 1.6881
7 142 2 25 87.0325 54 7702.18 0.482578
7 142 3 26 64.3998 54 4862.3 0.652176
7 142 4 27 0.000244047 54 49 172098
7 143 2 25 49.1306 54 3795.72 0.854865
7 143 3 26 74.6094 54 4844.64 0.562932
7 143 4 27 55.7394 54 88 0.753507
7 144 2 25 170.239 54 8442.57 0.246712
7 144 3 26 255.506 54 5727.26 0.16438
7 144 4 27 62.4564 54 67 0.672469
7 145 2 25 140.686 54 9102.91 0.298538
7 145 3 26 144.166 54 4000.84 0.291332
7 145 4 27 66.5657 54 43 0.630955
7 146 2 25 91.7604 54 6620.91 0.457714
7 146 3 26 60.1241 54 3706.81 0.698555
7 146 4 27 7.64168 54 140 5.49618
7 147 2 25 88.6024 54 6599.04 0.474028
7 147 3 26 34.7177 54 3656.77 1.20976
7 147 4 27 10.0488 54 343 4.17959
7 148 2 25 93.5615 54 5961.81 0.448902
7 148 3 26 47.6054 54 2208.36 0.882253
7 148 4 27 59.8742 54 172 0.701471
7 149 2 25 87.3847 54 5444.18 0.480633
7 149 3 26 106.042 54 3733.77 0.396069
7 149 4 27 0.00107694 54 273 38999.3
7 150 2 25 107.045 54 8675.98 0.392359
7 150 3 26 67.9958 54 7005.29 0.617685
7 150 4 27 20.7081 54 176 2.02819
7 151 2 25 152.215 54 5833.38 0.275926
7 151 3 26 141.957 54 5552.48 0.295864
7 151 4 27 7.65155 54 206 5.48909
7 152 2 25 144.358 54 6578.46 0.290942
7 152 3 26 51.2185 54 1478.57 0.820016
7 152 4 27 0.415198 54 24 101.157
7 153 2 25 63.5854 54 9791.04 0.660529
7 153 3 26 109.193 54 8227.69 0.38464
7 153 4 27 24.9358 54 69 1.68432
7 154 2 25 33.873 54 11676.3 1.23993
7 154 3 26 73.7555 54 12449.9 0.569449
7 154 4 27 33.8288 54 18 1.24155
7 155 1 25 10.7907 54 3103.43 3.89224
7 155 2 26 41.0157 54 10147.5 1.024
7 155 3 27 17.9277 54 122 2.34274
7 156 2 25 85.2548 54 14011.2 0.492641
7 156 3 26 58.0935 54 8600.41 0.722973
7 156 4 27 6.90956 54 20 6.07854
7 157 2 25 135.482 54 13918.5 0.310005
7 157 3 26 164.106 54 7651.18 0.255932
7 157 4 27 6.8151 54 5 6.16278
7 158 2 25 64.3096 54 13576.9 0.653091
7 158 3 26 53.6604 54 7490.41 0.782701
7 158 4 27 3.2182 54 10 13.0508
7 159 2 25 21.3319 54 5298.67 1.96888
7 159 3 26 62.3422 54 9867.98 0.673701
7 160 2 25 54.1212 54 12636.1 0.776036
7 160 3 26 45.7838 54 7162.9 0.917355
7 160 4 27 0.00992656 54 393 4231.07
7 161 2 25 465.263 54 10949.2 0.0902715
7 161 3 26 116.67 54 7971.38 0.359988
7 161 4 27 34.1046 54 37 1.23151
7 162 2 25 131.988 54 17265 0.31821
7 162 3 26 57.8281 54 9993.42 0.72629
7 162 4 27 0.00389014 54 193 10796.5
7 163 1 25 50.029 54 6965.7 0.839513
7 163 2 26 116.646 54 5138.19 0.360065
7 163 3 27 0.00501087 54 308 8381.78
7 164 2 25 115.046 54 12145.3 0.365071
7 164 3 26 77.9065 54 7861.46 0.539108
7 164 4 27 3.72747 54 81 11.2677
7 165 2 25 208.519 54 11790 0.20142
7 165 3 26 61.8573 54 11336.1 0.678982
7 165 4 27 78.2992 54 93 0.536404
7 166 2 25 99.4705 54 13063.8 0.422236
7 166 3 26 44.1596 54 13092.2 0.951096
7 166 4 27 0.0111152 54 576 3778.61
7 167 2 25 81.8162 54 5407.31 0.513346
7 167 3 26 199.608 54 10068.9 0.210412
7 167 4 27 64.3289 54 25 0.652895
7 168 2 25 141.831 54 10500 0.296128
7 168 3 26 232.491 54 9811.34 0.180652
7 168 4 27 0.0185152 54 376 2268.4
7 169 2 25 185.182 54 11913.1 0.226804
7 169 3 26 94.8735 54 9061.35 0.442695
7 169 4 27 12.9672 54 278 3.23895
7 170 2 25 175.985 54 11921.7 0.238657
7 170 3 26 160.632 54 10182.9 0.261467
7 170 4 27 0.0065068 54 468 6454.79
7 171 2 25 50.649 54 5593.99 0.829237
7 171 3 26 140.447 54 9733.32 0.299046
7 171 4 27 41.5969 54 298 1.00969
7 172 2 25 263.322 54 9859.74 0.159501
7 172 3 26 134.277 54 7247.14 0.312787
7 172 4 27 0.00160255 54 152 26208.3
7 173 2 25 157.628 54 11593.6 0.26645
7 173 3 26 57.8885 54 9966.52 0.725533
7 173 4 27 39.3852 54 55 1.06639
7 174 2 25 125.636 54 9355.71 0.3343
7 174 3 26 168.36 54 9327.86 0.249465
7 174 4 27 50.5356 54 131 0.831097
7 175 1 25 61.7675 54 1355.31 0.679969
7 175 2 26 33.8527 54 8211.84 1.24067
7 175 3 27 18.3164 54 75 2.29302
7 176 2 25 63.0901 54 9262 0.665714
7 176 3 26 231.971 54 10714.3 0.181057
7 176 4 27 34.5403 54 149 1.21597
7 177 2 25 43.2583 54 10649.2 0.970912
7 177 3 26 112.115 54 12268.5 0.374615
7 177 4 27 19.3442 54 18 2.17119
7 178 2 25 71.3136 54 15459.7 0.588948
7 178 3 26 81.841 54 16272.8 0.51319
7 178 4 27 2.55973 54 2 16.4079
7 179 2 25 43.6456 54 3866.55 0.962295
7 179 3 26 57.3702 54 10166 0.732087
7 179 4 27 73.7207 54 138 0.569718
7 180 2 25 126.228 54 12704.7 0.332731
7 180 3 26 85.5433 54 13658.2 0.490979
7 180 4 27 40.9434 54 81 1.02581
7 181 2 25 99.869 54 13424.5 0.420551
7 181 3 26 73.6698 54 15552.3 0.570112
7 181 4 27 4.56669 54 2 9.19704
7 182 1 25 34.0752 54 15156.1 1.23257
7 182 2 26 25.4405 54 10432.4 1.65091
7 182 3 27 35.3634 54 66 1.18767
7 183 1 25 93.1372 54 3755.43 0.450947
7 183 2 26 39.7939 54 10780.4 1.05544
7 183 3 27 27.5152 54 297 1.52643
7 184 2 25 200.941 54 11873.6 0.209016
7 184 3 26 106.504 54 7919.02 0.394353
7 184 4 27 0.000270753 54 126 155123
7 185 2 25 108.989 54 13192.4 0.38536
7 185 3 26 84.2958 54 13219.4 0.498245
7 185 4 27 0.000873106 54 88 48104.1
7 186 2 25 61.065 54 12341.9 0.687792
7 186 3 26 43.1053 54 11408.3 0.974357
7 186 4 27 50.1838 54 197 0.836924
7 187 1 25 39.433 54 3131.97 1.0651
7 187 2 26 35.9968 54 10577.6 1.16677
7 187 3 27 5.95463 54 81 7.05333
7 188 2 25 140.857 54 9478.26 0.298174
7 188 3 26 106.561 54 4923.4 0.394139
7 188 4 27 2.45455 54 61 17.1111
8 1 2 31 12.7216 54 398 3.30146
8 2 2 31 33.22 54 1517 1.2643
8 3 2 31 0.00934097 54 996 4496.32
8 4 2 31 58.4278 54 125 0.718836
8 5 2 31 0.00120271 54 335 34921.2
8 6 1 31 69.6647 54 694 0.602887
8 7 2 31 0.00666447 54 900 6302.07
8 8 2 31 42.0393 54 485 0.999064
8 9 2 31 43.5396 54 210 0.964639
8 10 1 28 55.5446 54 180 0.756149
8 10 2 31 60.3787 54 1173 0.69561
8 11 2 31 42.9437 54 801 0.978025
8 12 2 31 28.0413 54 77 1.49779
8 13 2 31 14.6137 54 7 2.87402
8 14 2 31 10.7286 54 103 3.91476
8 15 1 28 22.0108 54 284 1.90815
8 15 2 31 32.8985 54 78 1.27665
8 17 1 28 33.6465 54 310 1.24827
8 17 2 31 59.1283 54 154 0.71032
8 18 4 31 49.2125 54 319 0.853442
8 19 2 31 38.6063 54 758 1.08791
8 20 2 31 78.1935 54 131 0.537129
8 21 1 28 11.2956 54 30 3.71827
8 21 2 31 18.8057 54 193 2.23337
8 22 2 31 44.3359 54 127 0.947313
8 23 2 31 62.3189 54 261 0.673953
8 24 1 28 8.66914 54 3 4.84477
8 24 2 31 47.2076 54 878 0.889687
8 25 1 28 25.3209 54 4714 1.65871
8 25 2 31 132.415 54 1386 0.317185
8 26 1 28 29.3177 54 24364 1.43258
8 26 2 31 41.6518 54 85 1.00836
8 27 1 28 20.185 54 7520 2.08075
8 27 3 31 4.79572 54 66 8.75781
8 28 1 28 20.8906 54 2236 2.01047
8 28 2 31 41.2925 54 316 1.01713
8 29 1 28 26.2531 54 2885 1.59981
8 29 2 31 41.6806 54 288 1.00766
8 30 2 31 64.845 54 192 0.647698
8 31 1 28 43.9754 54 1007 0.95508
8 31 2 31 39.1524 54 287 1.07273
8 32 1 28 34.1884 54 1173 1.22849
8 32 2 31 72.1746 54 590 0.581922
8 33 1 28 46.2079 54 1761 0.908936
8 33 2 31 79.4194 54 193 0.528838
8 34 1 28 46.1016 54 15382 0.911031
8 35 1 28 9.17675 54 356 4.57678
8 35 2 31 38.7579 54 83 1.08365
8 36 1 28 1.02072 54 56 41.1473
8 36 2 31 33.1078 54 296 1.26858
8 37 2 31 13.506 54 71 3.10972
8 39 3 31 18.8938 54 103 2.22295
8 40 1 28 33.8295 54 205 1.24152
8 40 4 31 26.2337 54 284 1.60099
8 41 1 28 11.671 54 8 3.59867
8 41 4 31 16.9883 54 168 2.47229
8 42 4 31 19.0508 54 22 2.20463
8 43 4 31 25.7793 54 84 1.62921
8 44 1 28 20.4181 54 40 2.05699
8 44 4 31 25.3184 54 524 1.65887
8 45 1 28 5.5015 54 46 7.63429
8 45 4 31 54.8239 54 240 0.766089
8 46 4 31 5.06807 54 11 8.28718
8 47 4 31 18.6433 54 40 2.25282
8 48 1 28 49.2931 54 47 0.852047
8 48 4 31 53.0942 54 979 0.791046
8 49 1 28 2.41424 54 51 17.3968
8 49 4 31 31.3737 54 1037 1.3387
8 50 4 31 18.7523 54 5 2.23973
8 51 4 31 19.2412 54 33 2.18282
8 52 1 28 18.4945 54 34 2.27094
8 52 4 31 40.3118 54 181 1.04188
8 53 4 31 47.8845 54 168 0.87711
8 54 4 31 31.314 54 23 1.34125
8 55 4 31 36.6211 54 110 1.14688
8 56 1 28 9.515 54 205 4.41409
8 56 4 31 92.6235 54 104 0.453449
8 57 4 31 84.16 54 968 0.499049
8 58 4 31 4.21089 54 5 9.97413
8 59 4 31 80.8236 54 152 0.51965
8 60 1 28 43.9469 54 476 0.955699
8 60 4 31 55.2097 54 158 0.760735
8 61 1 28 26.6563 54 141 1.57561
8 61 4 31 42.667 54 73 0.984368
8 62 1 28 11.4121 54 137 3.68031
8 62 4 31 74.0143 54 53 0.567458
8 63 4 31 11.3921 54 15 3.68675
8 64 4 31 29.8874 54 21 1.40527
8 65 4 31 40.7488 54 215 1.03071
8 66 1 28 17.1168 54 371 2.45372
8 66 2 29 32.5044 54 324 1.29213
8 66 3 30 26.9943 54 186 1.55589
8 67 4 31 18.4699 54 37 2.27397
8 68 1 28 9.99438 54 157 4.20236
8 68 4 31 35.2351 54 143 1.19199
8 69 4 31 31.4017 54 351 1.33751
8 70 4 31 18.9184 54 16 2.22006
8 71 4 31 27.5555 54 25 1.5242
8 72 1 28 30.1566 54 137 1.39273
8 72 2 29 6.31666 54 241 6.64909
8 72 3 30 16.2761 54 150 2.58047
8 72 4 31 43.8963 54 183 0.9568
8 73 2 29 36.1039 54 1796 1.16331
8 73 3 30 56.3401 54 1849 0.745472
8 73 4 31 28.3138 54 24 1.48337
8 74 2 29 34.6801 54 168 1.21107
8 74 3 30 58.148 54 1652 0.722295
8 74 4 31 23.9806 54 19 1.75141
8 75 2 29 40.7603 54 1943 1.03041
8 75 3 30 48.5012 54 5116 0.865958
8 75 4 31 10.2446 54 5 4.09971
8 76 1 28 76.1475 54 921 0.551561
8 76 2 29 44.8392 54 1096 0.936681
8 76 3 30 131.454 54 6260 0.319504
8 76 4 31 131.315 54 137 0.319843
8 77 1 28 18.6004 54 8 2.25802
8 77 3 30 35.3716 54 82.5 1.18739
8 77 4 31 67.1372 54 793 0.625585
8 78 2 29 16.1071 54 50 2.60755
8 78 3 30 53.311 54 2631 0.787829
8 79 1 28 30.6758 54 9065 1.36916
8 79 2 29 29.6884 54 86 1.41469
8 79 3 30 48.7969 54 4541 0.860711
8 79 4 31 23.9154 54 26 1.75619
8 80 1 28 30.2659 54 346 1.3877
8 80 2 29 33.2832 54 629 1.2619
8 80 3 30 39.3437 54 3988 1.06751
8 80 4 31 80.2245 54 127 0.523531
8 81 1 28 15.4944 54 3535 2.71065
8 81 2 29 48.1444 54 3240 0.872376
8 81 3 30 43.7016 54 2855 0.961063
8 81 4 31 11.4861 54 19 3.65661
8 82 1 28 12.1792 54 2879 3.44851
8 82 2 29 41.6327 54 2631 1.00882
8 82 3 30 29.4357 54 3579 1.42684
8 82 4 31 8.908 54 9 4.71486
8 83 1 28 12.1747 54 655 3.44977
8 83 2 29 52.8122 54 1114 0.795271
8 83 3 30 36.3086 54 1269 1.15675
8 83 4 31 1.46438e-06 54 15 2.86812e+07
8 84 1 28 19.8004 54 100 2.12117
8 84 2 29 30.9436 54 1250 1.35731
8 84 3 30 45.5862 54 900 0.921331
8 84 4 31 22.0513 54 111 1.90465
8 85 2 29 27.2833 54 3006 1.5394
8 85 3 30 36.8629 54 1366 1.13936
8 85 4 31 25.0129 54 71 1.67913
8 86 2 29 22.1513 54 1527 1.89605
8 86 3 30 66.229 54 4683 0.634163
8 86 4 31 14.4766 54 11 2.90124
8 87 2 29 20.3407 54 3075 2.06483
8 87 3 30 34.717 54 4635 1.20978
8 87 4 31 55.2105 54 26 0.760725
8 88 1 28 6.75472 54 60 6.21787
8 88 2 29 51.553 54 1370 0.814695
8 88 3 30 24.2797 54 2638 1.72984
8 88 4 31 4.27223 54 60 9.83094
8 89 1 28 51.9081 54 297 0.809123
8 89 2 29 56.6965 54 3325.79 0.740787
8 89 3 30 63.9886 54 1912 0.656367
8 89 4 31 7.42757 54 8 5.65461
8 90 1 28 43.3685 54 257 0.968446
8 90 2 29 35.0375 54 764 1.19872
8 90 3 30 66.5298 54 4179 0.631296
8 91 2 29 45.9879 54 582 0.913284
8 91 3 30 71.0988 54 4010 0.590727
8 92 1 28 57.225 54 553 0.733945
8 92 2 29 28.8866 54 1623 1.45396
8 92 3 30 142.873 54 5898 0.293967
8 92 4 31 80.2183 54 167 0.523572
8 93 1 28 124.291 54 656 0.337918
8 93 2 29 66.1395 54 668 0.635022
8 93 3 30 96.6453 54 2243 0.434579
8 93 4 31 22.6761 54 155 1.85217
8 94 1 28 47.3827 54 413 0.8864
8 94 3 31 23.8171 54 20 1.76344
8 95 1 28 24.2524 54 51 1.73179
8 95 2 29 16.904 54 70 2.48463
8 95 3 30 32.6177 54 150 1.28764
8 95 4 31 2.85 54 1 14.7368
8 96 1 28 14.8798 54 180 2.82262
8 96 2 29 16.4218 54 82 2.55758
8 96 4 31 8.15582 54 6 5.1497
8 97 2 29 26.5086 54 1686 1.58439
8 97 3 30 19.6556 54 385 2.1368
8 97 4 31 1.22072 54 1 34.4059
8 98 1 28 45.8913 54 845 0.915207
8 98 2 29 53.6873 54 1135 0.782308
8 98 3 30 53.0734 54 2655 0.791357
8 98 4 31 32.1948 54 32 1.30456
8 99 1 28 76.2123 54 271 0.551092
8 99 2 29 32.4912 54 1757 1.29266
8 99 3 30 67.1744 54 3614 0.625238
8 99 4 31 3.38676 54 58 12.4012
8 100 1 28 23.9189 54 300 1.75593
8 100 2 29 44.61 54 3307 0.941492
8 100 4 31 17.8971 54 27 2.34675
8 101 2 29 51.0479 54 3248 0.822757
8 101 3 30 9.40105 54 55 4.46759
8 101 4 31 5.7402 54 2 7.31682
8 102 2 29 32.6232 54 5388 1.28743
8 102 3 30 20.1328 54 1577 2.08615
8 102 4 31 28.4705 54 7 1.47521
8 103 2 29 18.454 54 1750 2.27593
8 103 3 30 37.6852 54 3660 1.1145
8 103 4 31 21.6948 54 41 1.93595
8 104 2 29 31.6893 54 1670.94 1.32537
8 104 3 30 18.1588 54 175 2.31293
8 104 4 31 1.57865 54 4 26.6049
8 105 2 29 49.9387 54 6393 0.841032
8 105 3 30 16.7759 54 219.685 2.50359
8 106 2 29 31.6416 54 5246.55 1.32737
8 106 3 30 66.7058 54 788.062 0.62963
8 106 4 31 4.10166 54 5 10.2397
8 107 2 29 51.1095 54 6318.22 0.821764
8 107 3 30 43.6993 54 5854.41 0.961114
8 107 4 31 5.93782 54 4 7.0733
8 108 1 28 13.6071 54 50 3.08663
8 108 2 29 56.6168 54 6036.8 0.741829
8 108 3 30 64.6612 54 2544 0.64954
8 108 4 31 10.5459 54 110 3.98259
8 109 1 28 45.7728 54 548 0.917576
8 109 2 29 57.2155 54 5739.48 0.734067
8 109 3 30 17.9241 54 69 2.34322
8 109 4 31 13.6905 54 107 3.06783
8 110 2 29 32.4334 54 8470.21 1.29496
8 110 4 31 178.952 54 87 0.2347
8 111 2 29 25.5531 54 8208.14 1.64364
8 111 4 31 11.1511 54 49 3.76645
8 112 1 28 25.9818 54 765 1.61651
8 112 2 29 25.8842 54 5583.05 1.62261
8 112 3 30 3.32078 54 280.802 12.6476
8 112 4 31 23.9943 54 9 1.75042
8 113 2 29 115.21 54 8509.18 0.364553
8 113 3 30 43.5237 54 443.825 0.964991
8 113 4 31 22.584 54 14 1.85972
8 114 2 29 37.0648 54 8426.35 1.13315
8 114 3 30 30.6236 54 335 1.37149
8 114 4 31 27.8473 54 30 1.50823
8 115 2 29 86.3474 54 8858.42 0.486407
8 115 3 30 42.605 54 2637.78 0.985799
8 115 4 31 31.0533 54 65 1.35252
8 116 1 28 41.58 54 58 1.0101
8 116 2 29 69.3579 54 5049.14 0.605554
8 116 3 30 26.6149 54 945.806 1.57807
8 116 4 31 18.879 54 63 2.22469
8 117 2 29 43.1044 54 4125.88 0.974378
8 117 3 30 12.103 54 67 3.47021
8 117 4 31 39.6036 54 69 1.06051
8 118 2 29 75.2182 54 4883.05 0.558376
8 118 3 30 134.659 54 3155.87 0.311899
8 118 4 31 87.0639 54 94 0.482404
8 119 2 29 87.164 54 6853.64 0.48185
8 119 3 30 146.378 54 3676.13 0.286928
8 119 4 31 30.8162 54 229 1.36292
8 120 1 28 8.53104 54 54 4.9232
8 120 2 29 159.035 54 5362.6 0.264093
8 120 3 30 59.0733 54 752 0.710981
8 120 4 31 36.9358 54 65 1.13711
8 121 2 29 178.666 54 6169.53 0.235075
8 121 3 30 34.0878 54 3125.3 1.23211
8 121 4 31 0.000852196 54 509 49284.5
8 122 2 29 69.3572 54 4266.49 0.605561
8 122 3 30 38.0012 54 5594.71 1.10523
8 122 4 31 0.0766686 54 1998 547.812
8 123 2 29 101.654 54 1392.32 0.413167
8 123 3 30 36.227 54 5295.14 1.15936
8 123 4 31 110.936 54 3617 0.378595
8 124 1 28 30.7856 54 75 1.36427
8 124 2 29 158.846 54 1048.08 0.264407
8 124 3 30 68.9565 54 5271.49 0.60908
8 124 4 31 0.00581553 54 2075 7222.05
8 125 4 31 143.855 54 1166 0.29196
8 126 3 31 125.451 54 2107 0.334791
8 127 1 29 38.8992 54 1271.68 1.07971
8 127 3 31 353.031 54 2298 0.11897
8 128 2 29 67.4982 54 4164.44 0.622238
8 128 3 30 29.5741 54 1317 1.42016
8 128 4 31 114.352 54 649 0.367286
8 129 2 29 84.1082 54 3050.49 0.499357
8 129 3 30 30.6005 54 635.023 1.37253
8 129 4 31 0.0258211 54 1197 1626.58
8 130 2 29 46.7802 54 4267.5 0.897817
8 130 3 30 14.5801 54 2716.11 2.88064
8 130 4 31 0.0179188 54 1108 2343.9
8 131 1 29 87.5838 54 3217.4 0.479541
8 131 2 30 111.156 54 1275 0.377847
8 131 3 31 0.0342178 54 3233 1227.43
8 132 2 29 50.8829 54 1848.44 0.825424
8 132 3 30 53.9119 54 463 0.779049
8 132 4 31 0.00751714 54 673 5587.23
8 133 2 29 9.06729 54 2144.41 4.63203
8 133 3 30 50.6933 54 671 0.828512
8 133 4 31 129.264 54 359 0.324916
8 134 2 29 95.8343 54 2022.88 0.438257
8 134 3 30 97.0316 54 2165.67 0.432849
8 134 4 31 0.0679075 54 2521 618.488
8 135 1 29 63.3535 54 2197.53 0.662947
8 135 2 30 193.774 54 3693.73 0.216748
8 135 3 31 287.952 54 1422 0.145858
8 136 2 29 24.5107 54 1783.28 1.71353
8 136 3 30 153.962 54 5401.5 0.272794
8 136 4 31 77.3202 54 1021 0.543196
8 137 2 29 33.2538 54 309 1.26301
8 137 3 30 23.2886 54 52 1.80346
8 137 4 31 0.0118959 54 900 3530.63
8 138 2 29 128.882 54 3620.86 0.325879
8 138 4 31 192.631 54 2822 0.218033
8 139 1 29 78.6729 54 5414.93 0.533856
8 139 2 30 138.311 54 2610.71 0.303663
8 139 3 31 150.322 54 3927 0.2794
8 140 1 29 146.402 54 7444.51 0.286882
8 140 2 30 70.4671 54 1096.2 0.596023
8 140 3 31 0.00120513 54 647 34850.9
8 141 2 29 26.1948 54 1865.35 1.60337
8 141 3 30 15.9696 54 129.083 2.62999
8 141 4 31 171.51 54 710 0.244884
8 142 2 29 124.098 54 6310.57 0.338441
8 142 3 30 44.728 54 2010.38 0.939009
8 142 4 31 75.5971 54 1524 0.555577
8 143 1 29 90.4119 54 6610.51 0.464541
8 143 2 30 136.128 54 4502 0.308534
8 143 3 31 161.36 54 955 0.260287
8 144 2 29 95.0378 54 4550 0.441929
8 144 3 30 52.182 54 3884 0.804875
8 144 4 31 193.334 54 777 0.217241
8 145 2 29 112.337 54 2809.96 0.373875
8 145 3 30 41.4397 54 1107.47 1.01352
8 145 4 31 143.075 54 499 0.293553
8 146 1 29 76.2504 54 8413.96 0.550817
8 146 2 30 70.9861 54 3773.08 0.591665
8 146 3 31 45.1285 54 872 0.930677
8 147 1 29 59.2795 54 3661.7 0.708508
8 147 2 30 107.052 54 3284.95 0.392332
8 147 3 31 21.6128 54 1447 1.94329
8 148 2 29 184.105 54 6341.68 0.228131
8 148 3 30 59.3486 54 3233.36 0.707683
8 148 4 31 46.3062 54 746 0.907006
8 149 2 29 122.926 54 5725.53 0.341668
8 149 3 30 35.3205 54 489.906 1.18911
8 149 4 31 56.6617 54 378 0.741242
8 150 2 29 119.337 54 8816.42 0.351945
8 150 3 30 33.878 54 2988.54 1.23974
8 150 4 31 122.039 54 2057 0.344153
8 151 2 29 105.043 54 7706.29 0.399835
8 151 3 30 424.828 54 9967.38 0.0988636
8 151 4 31 0.295881 54 3591 141.949
8 152 2 29 230.05 54 9598.51 0.182569
8 152 3 30 264.431 54 5869.61 0.158832
8 152 4 31 138.611 54 2042 0.303005
8 153 2 29 199.699 54 15411 0.210316
8 153 3 30 104.376 54 9741.19 0.402392
8 153 4 31 89.0986 54 855 0.471388
8 154 1 29 171.868 54 8803.33 0.244374
8 154 2 30 8.6631 54 8242.96 4.84815
8 154 3 31 213.069 54 2502 0.197119
8 155 2 30 60.2965 54 8077.36 0.696558
8 155 3 31 219.676 54 2370 0.191191
8 156 2 29 116.416 54 10095.4 0.360776
8 156 3 30 61.6602 54 6163 0.681152
8 156 4 31 168.774 54 2465 0.248853
8 157 2 29 328.311 54 12535.8 0.127927
8 157 3 30 53.8884 54 465 0.779388
8 157 4 31 84.4478 54 2603 0.497349
8 158 2 29 138.064 54 22550.9 0.304207
8 158 3 30 17.2603 54 397.087 2.43333
8 158 4 31 0.0163508 54 2155 2568.68
8 159 1 29 16.7715 54 308.068 2.50425
8 159 2 30 22.9063 54 2315.69 1.83355
8 159 3 31 219.195 54 1349 0.19161
8 160 2 29 40.6193 54 13473.2 1.03399
8 160 3 30 31.6467 54 7541.16 1.32715
8 160 4 31 26.0674 54 780 1.61121
8 161 2 29 87.483 54 13969.8 0.480093
8 161 3 30 61.9805 54 9822.73 0.677633
8 161 4 31 63.3125 54 317 0.663376
8 162 1 29 96.8572 54 18282.1 0.433628
8 162 2 30 92.5113 54 11579.5 0.453998
8 162 3 31 55.8365 54 420 0.752197
8 163 1 29 48.5053 54 3267.9 0.865885
8 163 2 30 91.9508 54 15021 0.456766
8 163 3 31 163.742 54 453 0.256501
8 164 2 29 213.751 54 14673.8 0.19649
8 164 3 30 220.767 54 7390.17 0.190246
8 164 4 31 0.118164 54 2244 355.438
8 165 2 29 74.7637 54 15849.6 0.56177
8 165 3 30 131.958 54 1634.68 0.318284
8 165 4 31 0.000732622 54 681 57328.3
8 166 2 29 209.218 54 11372.6 0.200747
8 166 3 30 97.7159 54 5219.65 0.429818
8 166 4 31 268.702 54 1424 0.156307
8 167 2 29 62.3682 54 2653.12 0.67342
8 167 3 30 21.2508 54 12221.4 1.9764
8 167 4 31 88.3112 54 1076 0.475591
8 168 2 29 63.6191 54 17007.1 0.660179
8 168 3 30 205.214 54 10654.8 0.204664
8 168 4 31 201.973 54 1082 0.207949
8 169 2 29 150.57 54 20371.6 0.27894
8 169 3 30 118.154 54 9879.64 0.355469
8 169 4 31 109.857 54 291 0.382317
8 170 2 29 172.112 54 20714.6 0.244027
8 170 3 30 116.505 54 10414.4 0.360499
8 170 4 31 0.00671822 54 1074 6251.66
8 171 2 29 85.3212 54 6015.41 0.492258
8 171 3 30 58.6774 54 17709 0.715779
8 171 4 31 0.106738 54 3535 393.485
8 172 2 29 132.474 54 16758.6 0.317043
8 172 3 30 50.3787 54 18353.5 0.833686
8 172 4 31 76.7518 54 1205 0.547218
8 173 2 29 200.327 54 21563.7 0.209657
8 173 3 30 12.6219 54 14876.8 3.32755
8 173 4 31 48.7971 54 496 0.860707
8 174 2 29 115.204 54 19494.1 0.364571
8 174 3 30 24.3357 54 15075.7 1.72586
8 174 4 31 169.321 54 2648 0.24805
8 175 1 29 58.6577 54 8391.33 0.716019
8 175 2 30 126.585 54 20375 0.331792
8 175 3 31 50.7634 54 999 0.827367
8 176 2 29 66.7684 54 22358.5 0.62904
8 176 3 30 37.7367 54 20914.7 1.11298
8 176 4 31 0.118789 54 2715 353.568
8 177 2 29 41.1514 54 19338.8 1.02062
8 177 3 30 58.13 54 11623.9 0.722519
8 177 4 31 38.0871 54 1175 1.10273
8 178 1 29 116.452 54 23115.1 0.360662
8 178 2 30 41.7269 54 12713 1.00655
8 178 3 31 101.055 54 1780 0.415616
8 179 1 29 91.3127 54 4536.64 0.459958
8 179 2 30 32.3783 54 11720.5 1.29716
8 179 3 31 0.0238918 54 1905 1757.92
8 180 2 29 351.648 54 23938.1 0.119437
8 180 3 30 44.5137 54 7359.08 0.94353
8 180 4 31 2.92351e-05 54 1392 1.43663e+06
8 181 2 29 198.74 54 23157.7 0.211331
8 181 3 30 129.893 54 4587 0.323344
8 181 4 31 7.5847e-05 54 406 553746
8 182 1 29 238.021 54 20944 0.176455
8 182 2 30 37.2661 54 8286.79 1.12703
8 182 3 31 58.181 54 1159 0.721885
8 183 1 29 152.835 54 9289.17 0.274806
8 183 2 30 71.8736 54 9372.63 0.584359
8 183 3 31 31.5519 54 1528 1.33114
8 184 2 29 138.897 54 15218.2 0.302383
8 184 3 30 49.3037 54 6362.4 0.851862
8 184 4 31 0.01171 54 1029 3586.68
8 185 2 29 172.575 54 20837.9 0.243372
8 185 3 30 73.2642 54 5508.26 0.573268
8 185 4 31 217.362 54 1170 0.193226
8 186 2 29 199.511 54 19978.4 0.210515
8 186 3 30 34.0757 54 8434.86 1.23255
8 186 4 31 43.5032 54 1132 0.965445
8 187 1 29 72.803 54 6973.46 0.576899
8 187 2 30 12.3164 54 13774.6 3.41009
8 187 3 31 0.15004 54 1665 279.925
8 188 1 29 186.41 54 25815.1 0.22531
8 188 2 30 178.591 54 9103.48 0.235175
8 188 3 31 0.238931 54 1957 175.783
