202404 202404 6.50723e-05 0.000741784 0.00764533 0.0100488 0.00715778 0.00553808 0.00515587 0.00517071 0.00528644 0.00539787 0.00546642 0.00548796 0.00547248 0.0054373 0.00540113 0.00538501  8.38101e+07 4.45241e+07 1.08544e+07 4.50779e+06 2.75277e+06 1.44044e+06 474036 367013 296171 176293 71086.5 53229.9 40142.6 23640.3 10392.5 2743.97
5.9058e+06 5.9058e+06 0.00120187 0.0136 0.130538 0.167808 0.123132 0.0968526 0.0905294 0.0907726 0.0926769 0.0944954 0.0955935 0.0959101 0.0956152 0.0949995 0.0943777 0.0941023  1.59912e+07 4.69673e+07 2.52353e+07 6.45625e+06 3.22864e+06 2.24912e+06 1.2788e+06 459268 358765 289319 175487 75181.2 55339.2 41314.9 24336.6 14016.2
1.83791e+06 1.83791e+06 0.000875328 0.00992554 0.0971769 0.125674 0.0914624 0.0716151 0.0668664 0.067051 0.0684852 0.069858 0.0706916 0.0709385 0.0707256 0.0702705 0.0698084 0.0696035  4.85221e+06 3.09547e+06 9.41511e+06 4.92167e+06 1.34352e+06 779229 588808 345639 128093 97719.9 77597.5 46625.4 20063.4 14395.6 10591.6 9768.16
502595 502595 0.000324219 0.00368978 0.0374169 0.0489311 0.0350941 0.0272549 0.0253963 0.0254677 0.0260291 0.0265688 0.0268994 0.0270014 0.0269236 0.0267504 0.026573 0.0264942  1.7622e+07 2.54088e+06 1.7129e+06 5.24909e+06 2.96158e+06 909369 553575 418121 239591 85913 63375.9 48703.5 28363.3 11854 8295.71 11494.4
304811 304811 0.000151025 0.00172065 0.0176393 0.0231458 0.0165245 0.0128012 0.0119213 0.0119553 0.0122216 0.0124778 0.0126352 0.0126843 0.0126483 0.012567 0.0124835 0.0124463  1.16066e+08 2.49745e+07 5.79014e+06 1.79386e+06 3.15652e+06 1.8561e+06 637733 479357 385117 232308 97179.4 73581.7 56512.6 33662.1 14950.8 24943.2
5.63339e+06 5.63339e+06 0.00142621 0.0161172 0.152748 0.195658 0.144328 0.113844 0.106475 0.106746 0.10895 0.111054 0.112319 0.112677 0.112324 0.1116 0.110871 0.110549  1.35575e+08 6.41888e+07 1.70126e+07 4.58342e+06 1.46163e+06 2.63578e+06 1.64165e+06 622926 478861 386124 238362 105996 78531.6 59008.7 35088.7 42229
2.23992e+06 2.23992e+06 0.000921615 0.0104453 0.101802 0.13141 0.0958027 0.0751037 0.0701547 0.0703586 0.0718659 0.073306 0.0741799 0.0744386 0.0742154 0.0737384 0.0732542 0.0730394  4.90218e+06 2.46863e+07 1.27731e+07 3.33831e+06 984696 353240 681654 434192 168667 126873 100435 61132.8 27071.8 19516.9 14389.5 18667.3
506383 506383 0.000160366 0.00182705 0.0187276 0.024576 0.0175471 0.0135931 0.012658 0.0126935 0.0129757 0.0132474 0.0134142 0.0134663 0.0134279 0.0133416 0.0132529 0.0132134  7.35626e+07 2.56674e+06 1.36441e+07 7.04143e+06 1.97849e+06 659091 248816 480393 298782 112305 81681.6 62571.9 36912 15875.3 11162.8 18512.7
154864 154864 6.07387e-05 0.000692465 0.00714493 0.00939657 0.00669053 0.00517487 0.00481702 0.00483055 0.0049385 0.0050425 0.00510647 0.00512656 0.00511207 0.00507919 0.00504538 0.00503033  4.21749e+07 3.47421e+07 1.05622e+06 7.8262e+06 4.17734e+06 1.79055e+06 760382 252315 415713 257593 108023 80951.6 62150 37068.8 16511.7 30770.7
8.03391e+06 8.03391e+06 0.00225669 0.025365 0.228567 0.288342 0.217046 0.173187 0.162436 0.162832 0.166038 0.169077 0.170879 0.171349 0.170784 0.169684 0.16859 0.168108  3.89012e+07 2.43277e+07 2.0075e+07 764755 5.93531e+06 3.43563e+06 1.7632e+06 831978 258534 410292 256427 113555 83622.5 62886 37380.1 48276.9
1.29692e+06 1.29692e+06 0.000954998 0.010821 0.105214 0.135703 0.099027 0.0776762 0.0725703 0.072783 0.0743406 0.0758279 0.0767299 0.0769964 0.0767652 0.0762718 0.0757713 0.0755492  1.01603e+07 7.36713e+06 4.82484e+06 3.35575e+06 142548 1.27989e+06 811613 451032 216685 63972.2 98687.2 60534.1 26696.3 19148.3 14132.7 19067.2
641151 641151 0.000460423 0.00523576 0.0526894 0.0687559 0.0494756 0.038489 0.0358759 0.0359727 0.0367578 0.0375124 0.0379736 0.0381143 0.038003 0.0377583 0.0375084 0.0373973  8.54459e+07 5.31953e+06 4.06931e+06 2.64422e+06 1.9738e+06 94901.3 897845 569852 309228 143737 41027.3 61242.2 36405.3 15592.4 10907.9 18516.8
164106 164106 0.000102416 0.00116737 0.0120196 0.0157992 0.0112599 0.00871299 0.00811094 0.00813326 0.00831435 0.00848884 0.00859611 0.00862967 0.00860517 0.00854978 0.00849291 0.00846758  3.99576e+07 2.76925e+07 2.52756e+06 2.58807e+06 2.09474e+06 1.71765e+06 100654 887767 496731 318179 159262 43181.7 62102.1 37042.1 16453.2 31101.1
5.58532e+06 5.58532e+06 0.00192205 0.0216537 0.199337 0.25317 0.188976 0.150042 0.140539 0.140873 0.143691 0.146373 0.147972 0.148403 0.147921 0.146967 0.146015 0.145594  9.41332e+07 2.34268e+07 1.58087e+07 2.10249e+06 1.99249e+06 1.93712e+06 1.6094e+06 118402 899045 482683 335325 173026 45063.4 62745.3 37219.3 48451.3
1.35081e+06 1.35081e+06 0.00101869 0.0115393 0.111882 0.144224 0.105377 0.0827014 0.0772664 0.0774834 0.0791306 0.0807045 0.081658 0.0819377 0.0816898 0.0811644 0.080632 0.0803959  1.72161e+07 1.74983e+07 4.68185e+06 2.82784e+06 450429 445932 500647 414404 32153.7 229227 118384 83017.1 42161.8 10611.7 14490 19585.9
589940 589940 0.000275902 0.00314143 0.0320052 0.0419343 0.0300209 0.023286 0.0216882 0.0217459 0.0222247 0.0226858 0.0229685 0.0230557 0.0229893 0.0228413 0.0226897 0.0226222  2.20077e+08 9.01316e+06 9.65865e+06 2.54805e+06 1.64989e+06 298312 311563 350113 282903 21231.1 146295 73093.2 49667.2 24495.4 6012.93 18904.3
170224 170224 7.47552e-05 0.000852192 0.00878569 0.0115515 0.00822783 0.00636505 0.00592506 0.00594161 0.00607425 0.00620204 0.00628063 0.00630528 0.00628745 0.00624699 0.00620543 0.00618691  8.26048e+07 5.47914e+07 5.58526e+06 3.29206e+06 1.62527e+06 1.10256e+06 334920 292198 365108 276761 24112.4 151887 72304.1 52018.5 26101.9 26081.3
1.49663e+07 1.49663e+07 0.00378721 0.0420828 0.342261 0.417665 0.326587 0.26695 0.252186 0.253063 0.257802 0.262184 0.264711 0.26529 0.264369 0.262687 0.261042 0.260322  7.13214e+07 4.04443e+07 2.72939e+07 4.33648e+06 2.34336e+06 1.38764e+06 1.02612e+06 402799 288385 386546 280152 27505.5 156047 72099.4 52724.4 53080.3
3.09136e+06 3.09136e+06 0.00180349 0.0203104 0.186437 0.235928 0.176145 0.140065 0.131355 0.131787 0.134512 0.137086 0.138625 0.139054 0.138617 0.13773 0.136839 0.136446  1.48509e+08 1.42566e+07 7.69909e+06 3.45691e+06 615780 406747 282777 223901 97125.2 61167.8 83605.3 57918.1 5698.14 31140.3 14012.6 20542.5
756396 756396 0.000286306 0.00325954 0.0331743 0.0434475 0.0311165 0.0241421 0.0224873 0.0225476 0.0230441 0.0235221 0.0238152 0.0239056 0.0238368 0.0236833 0.0235262 0.0234562  2.80947e+07 7.76445e+07 7.7576e+06 3.65093e+06 1.68841e+06 359527 258067 181053 140035 58650.8 35624 47019.7 31522.7 3009.36 16033.9 17415.8
368237 368237 0.000101993 0.00116257 0.0119724 0.0157387 0.011216 0.00867845 0.00807847 0.00810053 0.00828081 0.00845456 0.00856138 0.00859478 0.00857038 0.00851521 0.00845856 0.00843333  2.91861e+07 1.62769e+07 2.05781e+07 3.36652e+06 2.24044e+06 1.21067e+06 495824 249465 201045 157699 81402.7 43564.3 60705 39474.2 4059.18 43003.3
9.77742e+06 9.77742e+06 0.00281075 0.0314689 0.273592 0.34124 0.260419 0.209538 0.196988 0.197507 0.201303 0.204877 0.206974 0.207495 0.206793 0.205464 0.204152 0.203576  1.9818e+08 1.68519e+07 1.12283e+07 1.15217e+07 2.81344e+06 2.03303e+06 1.12579e+06 571502 271859 210212 168735 93285.2 45957.5 64264.3 40722.1 49291.7
1.08308e+06 1.08308e+06 0.000735577 0.00834975 0.0825831 0.107181 0.077685 0.0606764 0.0566111 0.0567608 0.0579802 0.05915 0.059862 0.0600747 0.0598956 0.0595099 0.0591176 0.0589434  9.80677e+07 3.62768e+07 3.30352e+06 1.85866e+06 1.73869e+06 609187 484067 267795 144677 65660.1 48819.6 38832.2 21579.8 10039.1 13963.6 19196.7
1.14801e+06 1.14801e+06 0.000310407 0.00353361 0.035931 0.0470524 0.0337133 0.0261614 0.0243684 0.0244328 0.0249694 0.0254861 0.0258027 0.0259002 0.0258253 0.0256589 0.0254887 0.0254129  1.74066e+08 5.13661e+07 2.01263e+07 1.88844e+06 1.15527e+06 1.20426e+06 440450 349292 188594 98613.3 43292 31160.9 24028.5 12970.8 5885.82 19034.7
1.24485e+06 1.24485e+06 0.000341258 0.00388375 0.0393875 0.0515263 0.0369578 0.0286988 0.0267383 0.0268107 0.0273995 0.027966 0.0283129 0.0284196 0.0283374 0.0281549 0.0279682 0.0278852  1.73679e+07 4.53043e+07 1.48376e+07 6.76972e+06 1.2526e+06 947549 811990 448663 363123 183332 113809 47370.9 33756.4 26160 14564.1 27314.6
1.51252e+07 1.51252e+07 0.00400217 0.0444987 0.363505 0.446151 0.348862 0.284469 0.268157 0.268655 0.27337 0.277795 0.280329 0.280853 0.279828 0.278026 0.276278 0.275515  1.04407e+07 9.58626e+06 2.25576e+07 8.40562e+06 4.51604e+06 1.08024e+06 937288 736542 504155 386933 186702 123522 50359.6 34320.8 26366.4 42264.7
2.01023e+06 2.01023e+06 0.00217937 0.0245176 0.222697 0.281864 0.211561 0.168449 0.157853 0.158185 0.161283 0.164232 0.165982 0.166439 0.165888 0.164817 0.163752 0.163282  1.07782e+08 2.21495e+06 1.81901e+06 2.87401e+06 1.07391e+06 797554 227129 214307 159122 115987 84935.4 38966.7 25832.4 10188.5 6767.9 13454.8
1.55134e+06 1.55134e+06 0.00112989 0.0127934 0.123511 0.159118 0.116491 0.0914915 0.0854731 0.0856905 0.0874885 0.0892091 0.0902494 0.0905504 0.0902725 0.0896907 0.0891027 0.0888423  2.14874e+08 5.63426e+07 1.20223e+06 839873 1.36753e+06 618551 500727 143665 132069 94448 66268.2 46796.3 20758.5 13347 5130.99 9963.61
932470 932470 0.000336548 0.00383061 0.0388927 0.050909 0.0365001 0.0283336 0.0263936 0.0264629 0.027043 0.0276016 0.0279437 0.0280488 0.0279675 0.0277873 0.027603 0.0275211  8.64723e+07 5.18257e+07 1.39247e+07 1.27739e+06 634995 1.01973e+06 600994 473030 165348 159981 105212 88435.2 61255.1 26524.4 17764.2 19796.4
1.41178e+07 1.41178e+07 0.00341017 0.0380758 0.322785 0.400729 0.309087 0.249892 0.234991 0.235374 0.239613 0.243624 0.245947 0.246464 0.245585 0.243996 0.242446 0.241768  8.04138e+07 4.06641e+07 2.48384e+07 7.64915e+06 1.3419e+06 570227 941789 622336 494381 177830 174677 108972 97378 64847.1 27563.3 39291.8
1.66132e+06 1.66132e+06 0.000931013 0.0105527 0.102916 0.132921 0.0968873 0.0759318 0.0709131 0.0711095 0.0726269 0.0740784 0.0749591 0.0752191 0.0749928 0.0745103 0.0740209 0.0738038  7.87133e+07 1.47831e+07 7.676e+06 3.42814e+06 1.10889e+06 313408 127948 216965 147295 115889 40312.1 39432.6 23582.7 21091.2 13681.4 13824.3
867407 867407 0.000347896 0.0039595 0.040174 0.0525755 0.0377056 0.0292733 0.0272693 0.0273403 0.0279391 0.0285157 0.0288688 0.0289772 0.0288932 0.028707 0.0285166 0.028432  9.83959e+07 4.12146e+07 8.17218e+06 4.23859e+06 2.0375e+06 744004 221148 90289 149454 98159 74665.5 25132.1 23824.8 13837.9 12070.6 15419.6
459277 459277 0.000165357 0.001884 0.0193193 0.025361 0.0181056 0.0140234 0.0130574 0.0130931 0.0133836 0.0136634 0.0138353 0.0138888 0.0138492 0.0137601 0.0136686 0.0136279  8.99797e+07 3.46435e+07 1.18821e+07 2.96937e+06 2.16331e+06 1.14105e+06 552747 330673 99667.2 152397 110754 84166 29052 27778.9 15629.9 32142.8
1.35238e+07 1.35238e+07 0.00364084 0.0405545 0.336716 0.414684 0.32215 0.26184 0.246726 0.247298 0.251796 0.25601 0.258443 0.258983 0.258064 0.256406 0.254788 0.25408  3.12774e+07 4.45585e+07 2.00862e+07 7.29955e+06 2.21771e+06 1.77128e+06 970587 573082 409600 107865 157744 119642 88684.3 30797.7 28777.7 49039.6
1.25676e+06 1.25676e+06 0.00077653 0.00880775 0.0864857 0.111849 0.0812788 0.0636159 0.0594079 0.0595896 0.0608815 0.0621156 0.0628664 0.0630919 0.0629055 0.0625017 0.0620906 0.0619081  1.6203e+06 6.10798e+06 8.30494e+06 2.82481e+06 1.02252e+06 427539 377686 211053 135044 99871.8 23823.5 33820.3 25420.9 18523.9 6258 15699
661545 661545 0.000430758 0.0048997 0.0494311 0.0645659 0.0464141 0.0360837 0.0336261 0.0337147 0.0344505 0.0351583 0.0355912 0.0357233 0.0356191 0.0353897 0.0351553 0.0350511  1.20897e+08 848511 3.38217e+06 4.66335e+06 1.71187e+06 694681 304594 269062 146864 90982.7 65095.6 15032.9 20688.8 15105.4 10736.5 12449
402024 402024 0.000303955 0.00346005 0.035173 0.0460468 0.0329948 0.0256074 0.0238548 0.0239194 0.0244458 0.0249524 0.0252629 0.0253586 0.0252855 0.0251227 0.024956 0.0248819  2.28144e+07 3.40983e+07 352252 2.41062e+06 2.57991e+06 1.23468e+06 547161 313530 256835 134858 101883 81763.1 17693 23252.5 17544.9 26699.3
5.92469e+06 5.92469e+06 0.00226455 0.0253468 0.22027 0.272262 0.20718 0.167196 0.157769 0.158681 0.162117 0.165273 0.167151 0.167685 0.167179 0.166132 0.165076 0.16461  3.05517e+07 1.3408e+07 1.92791e+07 243296 2.04867e+06 1.99738e+06 1.15927e+06 569106 352994 263116 135199 110179 89388.5 18842 23680.9 45286.8
1.10081e+06 1.10081e+06 0.00113177 0.0128113 0.123385 0.158737 0.116303 0.0914138 0.0854336 0.0856686 0.0874765 0.0892031 0.0902472 0.0905505 0.0902741 0.0896934 0.0891059 0.0888456  6.27246e+07 6.42798e+06 2.65405e+06 3.02862e+06 39469.2 437128 429525 277340 140297 87878.5 61812.6 30689 25285.1 20207.9 4085.04 14785.1
751288 751288 0.000520801 0.00592032 0.0593783 0.0774119 0.0557845 0.0434278 0.0404836 0.04059 0.0414716 0.0423191 0.0428367 0.0429937 0.0428675 0.0425914 0.0423097 0.0421845  1.85673e+08 3.28332e+07 3.54206e+06 1.4206e+06 1.73065e+06 25767.1 302064 297287 187354 91634 55455.7 37724.9 18145.2 14516.3 11314.1 10329.8
388325 388325 0.000184594 0.00210289 0.0215342 0.0282551 0.0201832 0.0156377 0.0145616 0.0146016 0.0149253 0.015237 0.0154284 0.015488 0.0154438 0.0153444 0.0152424 0.015197  3.26983e+07 4.45747e+07 7.9067e+06 2.199e+06 1.10498e+06 1.06525e+06 28836.9 386998 270214 192794 100892 65686.7 41743 19933.6 16564.8 24814.6
1.03423e+07 1.03423e+07 0.00302611 0.0338374 0.290836 0.361658 0.277255 0.223633 0.210342 0.210866 0.214854 0.218606 0.220799 0.221328 0.220569 0.219151 0.217756 0.217143  4.60746e+07 2.3354e+07 2.28582e+07 4.25625e+06 1.87582e+06 1.03072e+06 997366 33472.5 440010 256120 201619 109286 71100.3 42766.7 20228 42364.6
1.9068e+06 1.9068e+06 0.00151327 0.0170969 0.161633 0.207045 0.152917 0.12065 0.11281 0.113062 0.115366 0.11757 0.118894 0.119262 0.118884 0.118117 0.117346 0.117005  7.86754e+06 1.0242e+07 4.86606e+06 3.39757e+06 619333 392803 243633 238394 8312.57 108394 56840.3 45754.8 24497.2 15662.7 9127.57 13181.2
712904 712904 0.000520503 0.00591712 0.0593635 0.0774055 0.0557743 0.0434158 0.0404703 0.0405756 0.0414563 0.0423031 0.0428203 0.0429771 0.0428509 0.0425748 0.0422932 0.0421681  2.36632e+07 4.11663e+06 5.61746e+06 2.48681e+06 1.83692e+06 389771 263903 164113 156541 5268.47 66273.7 33572.4 26161.2 13594.3 8474.73 11816
202955 202955 0.000156131 0.00177895 0.0182483 0.023956 0.0170996 0.0132434 0.012331 0.012365 0.0126396 0.0129041 0.0130665 0.0131172 0.0130798 0.0129957 0.0129093 0.0128708  4.67565e+07 1.62301e+07 2.15371e+06 3.26656e+06 1.34208e+06 966216 234388 296451 188705 156958 6351.37 81178.9 35650.7 30021.9 15940.5 23743.7
7.12413e+06 7.12413e+06 0.00304488 0.0340545 0.293211 0.365078 0.279764 0.225513 0.212021 0.212491 0.216471 0.220227 0.22242 0.222943 0.222172 0.220741 0.219334 0.218717  3.46047e+07 3.26127e+07 1.26178e+07 1.87383e+06 2.92578e+06 1.20645e+06 871621 222243 337982 209202 168403 7348.27 88533.6 35889 31094.9 41278
1.38059e+06 1.38059e+06 0.00109336 0.012374 0.118969 0.152801 0.111992 0.0880918 0.0823735 0.0826309 0.0843966 0.0860773 0.0870947 0.0873935 0.0871302 0.0865714 0.0860049 0.0857538  8.88759e+06 7.04038e+06 6.75547e+06 2.12033e+06 331225 634426 281675 205255 52207.4 82141.3 49456.2 38404.3 1644.11 19506.3 7562.04 15258
774355 774355 0.00054529 0.00619804 0.0620972 0.0809399 0.0583553 0.0454384 0.042358 0.0424673 0.0433873 0.0442719 0.044812 0.0449754 0.044843 0.044554 0.0442594 0.0441285  1.71413e+08 4.65188e+06 3.87746e+06 3.60017e+06 1.20199e+06 214717 436050 194134 138182 34000.1 51703.6 30114 22657.6 941.911 10898.8 12475.7
190027 190027 0.000102049 0.00116277 0.0119335 0.0156556 0.0111698 0.0086522 0.00805858 0.00808304 0.00826438 0.00843866 0.00854582 0.0085795 0.00855535 0.00850042 0.00844394 0.00841878  3.37815e+07 5.68551e+07 2.13133e+06 3.53177e+06 1.95091e+06 940023 210270 490386 186342 126308 33474 60502.2 34987.6 25583.9 1095.9 26672.9
1.32269e+07 1.32269e+07 0.00356045 0.0395545 0.321372 0.390586 0.305111 0.249752 0.236329 0.237473 0.242167 0.246458 0.248951 0.249566 0.248738 0.247173 0.245629 0.244951  2.18903e+07 1.86962e+07 3.06717e+07 1.61186e+06 2.98345e+06 1.76924e+06 1.01851e+06 250786 572965 201933 134321 35989 66804.9 37333.4 26769.9 28815.5
1.31785e+06 1.31785e+06 0.00104691 0.0118447 0.113599 0.145578 0.106757 0.0840623 0.0786643 0.0789499 0.0806642 0.0822891 0.0832736 0.0835667 0.0833191 0.0827869 0.082246 0.0820059  1.54228e+08 4.10911e+06 3.46574e+06 3.92487e+06 227117 539694 374267 236123 59587.1 131771 44061 28282.5 7410.98 13629.2 7467.08 10934.8
940660 940660 0.000501796 0.0057029 0.0570761 0.0742922 0.0535688 0.0417363 0.0389259 0.0390402 0.039896 0.0407164 0.0412177 0.0413708 0.0412505 0.0409855 0.0407147 0.0405943  1.0491e+08 8.07168e+07 2.26137e+06 1.8354e+06 2.20025e+06 145804 368219 256468 158216 38650.9 82649.2 26741.7 16634.8 4233.11 7592.7 10035.7
1.24674e+06 1.24674e+06 0.000393619 0.00447763 0.0452138 0.0590506 0.0424282 0.0329829 0.0307405 0.0308261 0.0315028 0.032153 0.0325509 0.032673 0.0325783 0.0323686 0.0321543 0.0320589  1.96709e+07 2.51606e+07 1.89939e+07 2.07762e+06 1.17566e+06 1.64415e+06 163047 460115 263066 182571 47425.6 102713 31588.5 19401.4 4970.7 21178.6
7.55163e+06 7.55163e+06 0.00257746 0.0287399 0.241588 0.294615 0.226739 0.184574 0.174777 0.176023 0.179917 0.183443 0.185533 0.186132 0.185581 0.184433 0.183274 0.182761  5.14308e+07 1.15544e+07 1.30756e+07 9.76483e+06 1.54796e+06 933645 1.52541e+06 190368 504765 287961 206792 53735.2 112890 33415.9 20278.2 27200.7
939362 939362 0.00109742 0.0124123 0.118674 0.15194 0.111563 0.0879088 0.0822775 0.0825751 0.0843628 0.0860568 0.0870824 0.0873865 0.0871267 0.08657 0.0860048 0.0857541  6.23178e+06 9.58075e+06 2.40876e+06 1.89782e+06 1.27648e+06 273409 190612 346077 46589.8 119007 66339.1 47124.6 12007.8 24528 7067.03 9862.63
615138 615138 0.000452012 0.00513855 0.0515691 0.0671744 0.0483793 0.0376704 0.0351298 0.0352345 0.0360097 0.036753 0.0372075 0.0373469 0.0372389 0.0369997 0.0367551 0.0366463  2.94544e+08 3.26123e+06 5.2684e+06 1.26583e+06 1.05362e+06 813964 185579 129991 230768 30069 74257.6 40049.4 27567.6 6821.48 13589.6 9182.98
332615 332615 0.000164889 0.00187782 0.0191756 0.0251097 0.0179514 0.0139228 0.0129727 0.0130131 0.0133047 0.0135846 0.0137565 0.0138104 0.0137714 0.0136831 0.0135923 0.0135518  7.54654e+07 7.66602e+07 3.28607e+06 2.61142e+06 1.02812e+06 811715 494819 220816 132515 253194 37447.8 90953.2 48264.6 33730.8 8257.92 27351.9
1.38747e+07 1.38747e+07 0.00271412 0.0303288 0.259493 0.320259 0.245416 0.198552 0.187286 0.188164 0.192028 0.195597 0.197702 0.198262 0.19763 0.196382 0.195137 0.194589  1.09984e+08 3.96361e+07 4.04232e+07 2.24707e+06 2.13242e+06 1.1219e+06 869800 451323 216462 129095 265668 42187.1 96903.5 51212.8 35542.6 36805.3
1.90384e+06 1.90384e+06 0.000942272 0.0106708 0.103238 0.132738 0.0970121 0.0762206 0.0712732 0.0715183 0.0730716 0.0745479 0.0754438 0.0757116 0.0754877 0.0750047 0.0745135 0.0742955  6.94934e+06 2.03033e+07 7.43142e+06 5.9553e+06 329743 434327 282635 218428 103140 48759.4 28567.2 59694.3 9447.72 21074.7 10898.7 15187.3
919209 919209 0.000355542 0.00404495 0.0408939 0.0534109 0.0383526 0.029809 0.0277836 0.0278638 0.0284784 0.0290686 0.0294301 0.0295415 0.0294564 0.0292671 0.0290732 0.028987  1.96924e+08 3.63782e+06 1.11991e+07 4.02221e+06 3.43615e+06 216152 301090 196475 148422 67850.3 31023.2 17591.3 35627.9 5476.57 11915.3 14439.4
387860 387860 0.000185426 0.00211204 0.0215976 0.0283152 0.0202358 0.0156857 0.0146099 0.0146519 0.0149778 0.0152913 0.0154837 0.0155437 0.0154995 0.0153998 0.0152975 0.015252  3.63246e+07 4.79646e+07 1.6356e+06 4.99492e+06 2.58241e+06 2.05682e+06 265404 351160 256393 174888 65386.8 33526.2 18861.8 40333.9 6393.56 30341.8
5.40366e+06 5.40366e+06 0.00145849 0.0164493 0.15315 0.194269 0.144135 0.114317 0.107212 0.107642 0.109952 0.112127 0.113436 0.113816 0.113473 0.11275 0.112019 0.111695  2.97804e+07 1.82954e+07 2.401e+07 1.12912e+06 3.97224e+06 2.05501e+06 1.89302e+06 266490 406146 303852 197584 67472.2 34103.6 19036.4 41370.9 37925.1
1.50127e+06 1.50127e+06 0.0012081 0.013659 0.13011 0.166534 0.1225 0.0965841 0.0903872 0.0906884 0.092625 0.094463 0.0955735 0.095898 0.0956083 0.094996 0.094376 0.0941012  4.5654e+06 5.5061e+06 3.50147e+06 4.32238e+06 223347 965377 498613 498731 70122.4 110341 82165.4 51423 16604.6 8173.14 4488.38 18668.2
538196 538196 0.000487252 0.00553862 0.0555275 0.0723317 0.0521216 0.0405902 0.0378508 0.0379598 0.0387911 0.0395886 0.0400759 0.0402247 0.0401077 0.0398498 0.0395864 0.0394693  7.4663e+07 2.38903e+06 3.02509e+06 1.82317e+06 2.37638e+06 141622 652458 338508 330857 44995.7 68416.2 49271.9 29873.4 9366 4495.92 12452.5
217702 217702 0.000156757 0.00178459 0.0181663 0.0237403 0.0169898 0.0131912 0.0122983 0.0123408 0.0126199 0.012887 0.0130511 0.0131028 0.0130662 0.0129826 0.0128965 0.0128582  3.67158e+07 3.2073e+07 1.54754e+06 2.87791e+06 1.0697e+06 1.48542e+06 136189 665843 287358 302297 46367.6 75898.5 55241.1 32285.3 9514.37 17685.6
6.22515e+06 6.22515e+06 0.00216666 0.0243184 0.216499 0.270838 0.204515 0.163889 0.154122 0.154751 0.157963 0.160962 0.162746 0.163236 0.162723 0.161689 0.160652 0.160195  2.86137e+07 1.97734e+07 1.957e+07 1.31225e+06 2.23138e+06 834733 1.4402e+06 149892 742130 268694 313746 47451.7 81888.8 58120.5 33065.8 27301.4
1.36796e+06 1.36796e+06 0.00120082 0.0135701 0.128706 0.164305 0.12102 0.0955514 0.089488 0.0898243 0.091766 0.0936017 0.0947113 0.0950387 0.0947552 0.0941506 0.0935372 0.0932651  8.6779e+07 5.60055e+06 3.77893e+06 3.26091e+06 259786 464046 188506 370392 38451.9 190741 62481.5 74612.1 10979.5 18819.1 13157 13353.7
821951 821951 0.000524338 0.00595438 0.0591593 0.076703 0.0554479 0.0432965 0.0404239 0.0405641 0.0414648 0.0423239 0.0428488 0.0430104 0.042887 0.0426126 0.0423318 0.0422069  1.47004e+08 4.54042e+07 3.07324e+06 1.94627e+06 1.76317e+06 162542 310445 126882 243829 24496.4 117453 37216.7 43057.9 6152.44 10284.3 14190.8
704745 704745 0.000286969 0.00326624 0.0331626 0.0433706 0.031087 0.0241384 0.0224934 0.022559 0.0230586 0.0235387 0.0238329 0.0239241 0.0238556 0.0237022 0.0235451 0.0234752  4.10139e+07 4.17385e+07 1.09516e+07 2.28758e+06 1.19173e+06 1.21954e+06 227995 327450 109369 257476 27639.8 134381 37273.3 46786.9 6649.65 27189.1
3.30287e+06 3.30287e+06 0.000784348 0.00888791 0.0865185 0.111339 0.0811422 0.0636856 0.0595591 0.0597874 0.0611098 0.0623638 0.0631269 0.063359 0.0631756 0.0627725 0.062361 0.0621781  1.74535e+08 2.16715e+07 2.27242e+07 5.80326e+06 1.8359e+06 977105 1.15935e+06 288328 337029 104725 283223 31088.4 145367 37257.7 48378.1 34834.2
1.81922e+06 1.81922e+06 0.00107244 0.0121395 0.116917 0.150265 0.11006 0.0865351 0.0809076 0.0811584 0.082893 0.0845449 0.085545 0.085839 0.0855805 0.0850314 0.0844748 0.0842279  5.74895e+06 3.16237e+07 4.19835e+06 4.56028e+06 1.2206e+06 470641 258046 326290 87716 93065.9 27757.9 77495.5 8230.3 37911.7 9315.1 20754.3
850406 850406 0.000294686 0.00335409 0.0340558 0.0445459 0.0319303 0.0247916 0.0231006 0.0231667 0.0236789 0.0241712 0.024473 0.0245664 0.0244958 0.0243383 0.024177 0.0241052  7.41563e+07 3.00921e+06 1.74245e+07 2.24713e+06 2.60005e+06 794553 324520 178374 220304 57292.7 58754.6 16952.9 45860.1 4729.61 21247.7 16487.2
333126 333126 0.000210526 0.00239741 0.0244633 0.0320456 0.0229214 0.0177771 0.0165607 0.016609 0.0169784 0.0173334 0.0175513 0.0176192 0.017569 0.0174561 0.0173402 0.0172887  3.97169e+07 2.23637e+07 1.14242e+06 5.13224e+06 1.41488e+06 1.36988e+06 402916 313398 150590 201553 65722 58482.8 15842.5 46988.8 4866.77 38040.5
3.56287e+06 3.56287e+06 0.00142035 0.0160122 0.148532 0.187892 0.139535 0.11082 0.104023 0.104498 0.10678 0.108917 0.110205 0.110584 0.110257 0.109558 0.108849 0.108534  2.2187e+08 2.49051e+07 1.26586e+07 771128 3.18403e+06 1.10778e+06 1.16532e+06 345370 324212 146148 207141 72868.6 59658.9 15487.8 47343.6 42875.6
3.45638e+06 3.45638e+06 0.00244536 0.0274221 0.242032 0.30267 0.22949 0.184124 0.173068 0.173632 0.177102 0.180359 0.182286 0.182792 0.182196 0.181031 0.179872 0.179362  4.06962e+07 3.98299e+07 5.2025e+06 2.28591e+06 148638 682714 263869 294952 86803 84373.9 36136.7 51631.9 18207.9 14187.9 3587.51 20915.6
1.07117e+06 1.07117e+06 0.00032181 0.00366235 0.0371382 0.0485639 0.0348302 0.0270497 0.0252045 0.0252752 0.0258325 0.0263683 0.0266965 0.0267979 0.0267207 0.0265488 0.0263729 0.0262946  9.01088e+07 2.12567e+07 2.14484e+07 2.22974e+06 982287 79368.4 404548 158592 173110 49094.9 45930.2 18964.9 26193.5 8957.36 6802.59 11479.5
718915 718915 0.000316558 0.00360203 0.0364762 0.0476549 0.0341932 0.026568 0.0247627 0.0248361 0.0253862 0.0259143 0.0262379 0.0263381 0.0262626 0.0260939 0.025921 0.0258441  4.65918e+07 2.86416e+07 6.281e+06 6.18847e+06 1.13633e+06 651448 79439.6 258048 144401 155369 45079.3 53278.6 20629.6 30181.6 10871 21390.8
5.58888e+06 5.58888e+06 0.00184794 0.0208036 0.190341 0.240594 0.179856 0.143134 0.134273 0.134723 0.137508 0.140134 0.141704 0.14214 0.141693 0.140786 0.139877 0.139475  1.62147e+08 2.53393e+07 1.47997e+07 3.8856e+06 3.74152e+06 1.00306e+06 609802 89760.9 233470 135767 156307 45901.2 56420.3 21164.8 31063.5 33252.4
1.37911e+06 1.37911e+06 0.000978032 0.0110668 0.10628 0.136144 0.0997581 0.0785475 0.0735214 0.0738084 0.0754286 0.0769615 0.0778916 0.0781713 0.0779427 0.0774459 0.0769399 0.0767153  8.26985e+06 2.91617e+07 4.98351e+06 2.49031e+06 721271 789750 255769 157781 24022.2 57249.6 32797.8 38239.5 11012.3 13422.4 4878.11 14788
766000 766000 0.000296262 0.0033715 0.0341822 0.0446733 0.0320376 0.0248864 0.023194 0.023263 0.023779 0.0242743 0.0245779 0.0246721 0.0246015 0.0244435 0.0242815 0.0242094  2.03341e+07 4.32816e+06 1.6053e+07 2.64779e+06 1.39932e+06 463292 539056 175432 105884 15613.7 35995.5 19959.8 22556 6308.89 7500.13 10746.8
377007 377007 0.000253903 0.00289101 0.0294611 0.0385915 0.0276222 0.0214265 0.0199585 0.0200138 0.0204562 0.0208819 0.021143 0.0212239 0.021163 0.0210268 0.0208873 0.0208252  8.37778e+07 1.00323e+07 1.72796e+06 4.98462e+06 1.61341e+06 869631 321336 315756 150262 96293.6 16907.7 31882.3 19027.3 22574.1 6378.39 19173.8
3.72182e+06 3.72182e+06 0.00198608 0.0223134 0.200467 0.251339 0.189082 0.151232 0.142173 0.142779 0.145785 0.148592 0.150267 0.150737 0.150271 0.149317 0.148358 0.147934  1.17281e+08 3.79478e+07 6.29971e+06 1.27932e+06 3.12012e+06 1.40765e+06 769835 333733 284248 158547 100636 18982.9 31958.7 18795 22635.6 25878.2
1.79066e+06 1.79066e+06 0.00138795 0.0156733 0.147593 0.18823 0.139099 0.109961 0.102973 0.103315 0.1055 0.107572 0.10882 0.109179 0.108846 0.108149 0.107445 0.107133  5.40716e+06 2.14524e+07 7.18272e+06 1.08159e+06 238092 627688 343649 189092 85785.6 67916 39333 24197.3 4494.43 7256.9 4190.14 10803.5
766071 766071 0.000361267 0.00411075 0.0416199 0.0544118 0.039053 0.0303376 0.0282676 0.0283442 0.0289664 0.0295648 0.0299313 0.0300439 0.0299569 0.0297641 0.0295668 0.0294791  4.04465e+07 2.82873e+06 1.17511e+07 3.63371e+06 573266 147152 415962 229079 123159 54015.5 41298.7 23121.4 13775.4 2483.89 3910.87 7903.36
176022 176022 0.000130821 0.00149002 0.0152348 0.0199524 0.0142556 0.0110539 0.0102997 0.0103326 0.010565 0.0107881 0.0109251 0.0109683 0.0109375 0.0108673 0.0107952 0.0107631  4.31402e+07 2.27038e+07 994561 4.18952e+06 1.60155e+06 477170 150194 272694 230835 116249 56393.6 38518.1 25154 14904.3 2782.83 12763.8
5.62102e+06 5.62102e+06 0.00261249 0.02906 0.239344 0.288803 0.223582 0.183106 0.173937 0.175474 0.179527 0.183148 0.185297 0.185935 0.185412 0.184282 0.183134 0.182625  1.93652e+08 2.3913e+07 1.28784e+07 671742 2.97453e+06 1.21618e+06 486028 176244 247066 245307 119479 61522.7 39047.9 26167.8 15260.3 15837.7
2.75789e+06 2.75789e+06 0.00242583 0.0272202 0.24157 0.302938 0.229291 0.183659 0.172486 0.172974 0.176392 0.179615 0.181521 0.182017 0.181419 0.180255 0.179098 0.178589  7.05853e+06 3.46309e+07 4.46586e+06 1.67398e+06 89888 517048 235615 110111 41641.8 51879.4 54051.1 25339.9 12990.9 7913.42 5300.43 6178.34
815782 815782 0.00030211 0.00343776 0.0348271 0.0454999 0.0326395 0.0253586 0.0236351 0.0237057 0.0242317 0.0247365 0.025046 0.025142 0.0250701 0.0249091 0.0247441 0.0246707  7.94897e+07 3.68747e+06 1.86779e+07 1.9417e+06 734467 48776.5 310137 143079 65237.2 23765.1 28490.9 28614.5 12967.1 6446.31 3827.09 5435.46
115007 115007 6.76703e-05 0.000771187 0.00792809 0.0104051 0.00741802 0.00574397 0.00534955 0.005366 0.00548674 0.00560277 0.00567415 0.00569666 0.00568069 0.00564424 0.00560672 0.00559001  6.38485e+07 2.59005e+07 1.41189e+06 5.90883e+06 1.32141e+06 729938 57439.5 335239 128316 81420.2 32319.8 31052.2 36912.4 16344.3 8386.6 11907.7
3.98371e+06 3.98371e+06 0.00155218 0.0174983 0.162233 0.205616 0.152831 0.121312 0.113778 0.114215 0.116644 0.118932 0.120307 0.120702 0.120334 0.119567 0.118792 0.118449  4.29045e+07 3.42996e+07 1.36768e+07 998669 3.7871e+06 1.11737e+06 715461 70753.3 381371 130176 92678.6 37734.5 32513.3 39749 17279.5 21525
1.7213e+06 1.7213e+06 0.00130663 0.0147673 0.140139 0.179278 0.132102 0.10422 0.0975247 0.0978253 0.0998899 0.101852 0.103036 0.103378 0.103062 0.1024 0.101732 0.101437  1.42997e+07 8.48538e+06 6.9235e+06 2.39066e+06 196642 816201 276141 188923 19631.9 103330 32945.1 23828.8 9508.12 7818.24 9514.99 9108.76
554837 554837 0.000359724 0.00409169 0.041288 0.053869 0.0387068 0.0301017 0.0280641 0.028149 0.0287721 0.0293697 0.0297357 0.0298488 0.0297632 0.0295721 0.0293764 0.0292893  1.5953e+08 7.48233e+06 4.65764e+06 3.57136e+06 1.30072e+06 123892 548883 186503 124613 12518.1 63637.1 19616.4 13742.1 5323.46 4268.6 9960.56
1.07888e+06 1.07888e+06 0.000707135 0.00802455 0.0791643 0.102539 0.0743713 0.0581453 0.0542834 0.0544486 0.0556328 0.0567649 0.0574543 0.0576623 0.0574927 0.0571236 0.0567474 0.0565804  9.23221e+07 4.39664e+07 2.53063e+06 2.42005e+06 1.57117e+06 808340 109521 336294 163406 124776 14153.2 70040.3 19695.2 14922.3 5824.83 15077.2
4.65629e+06 4.65629e+06 0.00130624 0.0147585 0.139684 0.17842 0.131582 0.103902 0.097276 0.0976028 0.0996779 0.101645 0.102832 0.103176 0.102862 0.102204 0.101538 0.101243  1.03069e+07 4.43157e+07 2.29596e+07 1.51397e+06 1.72838e+06 1.25933e+06 698435 122848 292636 159647 127992 15857.2 73323.8 19601.7 15087 20856.1
2.24968e+06 2.24968e+06 0.00137852 0.015562 0.146152 0.186072 0.137614 0.108886 0.102019 0.102388 0.104574 0.106639 0.107884 0.108245 0.107917 0.107228 0.106531 0.106222  2.07187e+06 1.94309e+06 8.61142e+06 4.26544e+06 308827 415144 332874 186482 34559.5 75185.9 41610.2 33319.5 4073.29 18474.7 4774.41 8679.67
1.02039e+06 1.02039e+06 0.000821004 0.00930788 0.0909999 0.117477 0.0855106 0.0670044 0.062598 0.0627977 0.064161 0.0654611 0.0662516 0.0664888 0.0662925 0.0658675 0.0654348 0.0652427  1.87543e+08 1.08379e+06 1.06356e+06 4.32677e+06 2.23687e+06 189235 273317 220695 120878 21664.5 45527.4 24360.5 18892.8 2242.24 9917.13 7067.39
621101 621101 0.000603274 0.00685531 0.0685035 0.0892432 0.0644179 0.0501851 0.0467851 0.0469012 0.0479115 0.0488832 0.0494759 0.0496541 0.0495068 0.0491876 0.0488624 0.0487181  4.93131e+07 4.03446e+07 556600 733132 1.8189e+06 1.12421e+06 146209 228303 178915 107181 23144.8 39916.7 24246.8 19538.8 2404.52 17799.5
7.55774e+06 7.55774e+06 0.00308561 0.0344202 0.28984 0.35664 0.275109 0.223253 0.210632 0.211493 0.215681 0.219557 0.221825 0.222398 0.221663 0.220258 0.218867 0.218255  4.61545e+07 2.75924e+07 1.88704e+07 437196 541237 1.38647e+06 970296 155439 233157 186917 109790 26102.8 39858.5 24699.1 19794.5 20488.2
2.19281e+06 2.19281e+06 0.00208524 0.0234091 0.208818 0.261174 0.197006 0.157829 0.148439 0.149078 0.152206 0.155124 0.156864 0.157349 0.156861 0.155866 0.154867 0.154425  6.84457e+06 9.32611e+06 5.53106e+06 2.57148e+06 68898 99546.5 290970 218533 36880.4 53290.5 42416.2 24115.4 5677.82 8304.73 5101.27 8261.63
1.00037e+06 1.00037e+06 0.000689999 0.00783662 0.0779036 0.101331 0.073302 0.0571709 0.0533078 0.053436 0.0545799 0.0556803 0.0563506 0.0565508 0.0563819 0.0560182 0.0556484 0.0554843  3.2246e+08 3.57572e+06 5.03511e+06 2.43618e+06 1.13597e+06 37347.8 59673.7 177137 130217 21225.5 29572.7 22722.1 12498.2 2854.85 4070.62 6410.2
1.11811e+06 1.11811e+06 0.000704389 0.00799649 0.079167 0.102751 0.0744366 0.0581296 0.0542356 0.0543829 0.0555558 0.0566805 0.0573654 0.0575709 0.0574002 0.0570308 0.0566548 0.0564879  1.2054e+08 7.00795e+07 1.4843e+06 2.08336e+06 1.03162e+06 591703 52101.2 71279.2 162637 129284 26257.6 35745.7 27878.8 15319.2 3684.04 13002.9
1.06924e+07 1.06924e+07 0.0026588 0.0296726 0.251192 0.307914 0.236604 0.192104 0.181589 0.182676 0.186579 0.190145 0.192253 0.192838 0.192246 0.191045 0.189841 0.189309  4.49922e+07 5.36668e+07 3.17134e+07 1.00386e+06 1.4592e+06 841964 512902 64621.5 71924.2 157764 131392 28956 37523.8 28950.4 15515.6 17000.3
2.33237e+06 2.33237e+06 0.00127843 0.014446 0.136886 0.174881 0.128901 0.101756 0.0952563 0.0955759 0.0976122 0.0995433 0.100709 0.101048 0.100742 0.100098 0.0994454 0.0991564  7.75712e+06 8.1773e+06 9.96336e+06 4.29153e+06 154472 276896 188773 118597 16232.6 16555.8 35541.8 29643 6481.58 8163.13 6212.19 6854.51
971749 971749 0.000534436 0.00607338 0.060733 0.0790581 0.0570308 0.0444363 0.0414392 0.0415554 0.0424617 0.0433314 0.0438626 0.0440241 0.0438955 0.0436132 0.043325 0.043197  2.12925e+08 4.05869e+06 4.48649e+06 5.11987e+06 2.3192e+06 96747.5 185357 127020 77979.1 10322 10170.8 21113.7 17057.6 3621.15 4447.46 6972.1
1.12432e+06 1.12432e+06 0.000767305 0.00870743 0.0858884 0.111355 0.0807953 0.0631485 0.0589301 0.0590889 0.0603581 0.0615747 0.0623149 0.0625358 0.0623493 0.0619479 0.0615398 0.0613587  3.67962e+07 5.40473e+07 2.13375e+06 1.75771e+06 1.90646e+06 950396 93711.1 162492 120582 77162.3 13175.6 11580.6 23077.1 19389 4352.81 13428.2
5.11504e+06 5.11504e+06 0.00144303 0.0162759 0.151624 0.192348 0.14267 0.113141 0.106108 0.106535 0.108826 0.110981 0.112279 0.112657 0.112317 0.111602 0.110879 0.110558  1.17287e+08 1.95941e+07 2.58305e+07 1.348e+06 1.11571e+06 1.33181e+06 725812 108153 172573 132072 82804.2 15279.6 12254.6 23565.9 19745.1 18272.1
2.0823e+06 2.0823e+06 0.00156895 0.0176881 0.164046 0.20801 0.154606 0.12269 0.115042 0.115464 0.117908 0.120213 0.121597 0.121994 0.121621 0.120844 0.120061 0.119715  7.17528e+06 2.10475e+07 3.76053e+06 4.48623e+06 262271 250350 325511 183794 30514.9 46627.7 35354.9 21525.1 3898.21 3019.64 5703.26 9096.71
1.13597e+06 1.13597e+06 0.000568952 0.00646405 0.0644887 0.0838815 0.0605688 0.0472196 0.0440418 0.0441658 0.0451277 0.0460503 0.0466134 0.0467843 0.0466472 0.0463473 0.0460412 0.0459052  8.36647e+07 3.75223e+06 1.14827e+07 1.83038e+06 2.25896e+06 156174 161249 211498 116754 18737.3 27640.7 20253.6 11939.1 2098.67 1585.13 7604.05
1.07265e+06 1.07265e+06 0.000886367 0.0100546 0.0987776 0.128026 0.0930744 0.0727908 0.0679176 0.0680781 0.069518 0.0709014 0.0717411 0.0719879 0.0717695 0.0713063 0.0708367 0.0706285  3.35051e+07 2.39367e+07 1.14512e+06 3.80817e+06 936992 1.03288e+06 129697 114647 141627 82996.9 20608.3 28766.9 21767.9 12768.2 2313.39 9819.42
5.71479e+06 5.71479e+06 0.0033862 0.0374099 0.290599 0.343861 0.271565 0.225506 0.215238 0.217404 0.222417 0.226816 0.229401 0.230149 0.229498 0.228119 0.226724 0.226107  8.53437e+07 1.72914e+07 1.19188e+07 664414 2.26995e+06 723740 839505 137071 110568 133969 80648.4 22977.8 30521 22806.6 13105.5 12359.9
1.27899e+06 1.27899e+06 0.00169744 0.0191388 0.177599 0.225751 0.167879 0.1331 0.124674 0.125028 0.127597 0.130036 0.131497 0.131904 0.131489 0.130644 0.129797 0.129422  9.38133e+06 1.52814e+07 3.18369e+06 1.31719e+06 73802.8 324751 131993 165599 29767.4 22806.7 27014.4 16134.6 4674.77 6029.4 4427.36 4853.32
1.19253e+06 1.19253e+06 0.000748041 0.00849072 0.0839265 0.108908 0.0789562 0.0616727 0.0575359 0.0576838 0.0589207 0.060108 0.0608306 0.0610463 0.0608642 0.0604722 0.0600736 0.0598967  2.66189e+08 4.90625e+06 8.33966e+06 1.55209e+06 668002 44302.6 210419 86080.8 105401 18289.9 13515.9 15461.8 8937.86 2513.03 3160.11 4763.53
2.29944e+06 2.29944e+06 0.00157287 0.0177666 0.167618 0.21467 0.158704 0.125255 0.117106 0.117347 0.119719 0.121992 0.123355 0.123731 0.123336 0.122538 0.121739 0.121386  1.04259e+08 5.90564e+07 1.68517e+06 2.58687e+06 823660 452774 48193.1 186491 89539.7 104195 23429.1 15976.8 18045.1 10711.8 3292.81 10180.4
1.16979e+07 1.16979e+07 0.00343875 0.038265 0.315259 0.385378 0.299686 0.244403 0.230895 0.231857 0.236376 0.240541 0.242963 0.243555 0.242738 0.241202 0.239688 0.239023  9.30947e+07 4.58948e+07 2.68281e+07 961905 1.40765e+06 635906 401113 54806.9 178910 91051.3 106627 25513.5 16501.2 18217.3 10726.7 13638.8
3.81673e+06 3.81673e+06 0.00254816 0.0285526 0.250234 0.312195 0.237338 0.190726 0.179347 0.179936 0.183517 0.186876 0.188859 0.189377 0.188758 0.187552 0.186353 0.185826  6.33802e+06 1.66635e+07 8.47249e+06 3.40573e+06 135060 244692 137565 91497.2 13197.6 40149.9 20355.3 23565.9 5583.83 3500.85 3786.19 5001.19
1.58977e+06 1.58977e+06 0.000916885 0.0103902 0.101129 0.130427 0.0951227 0.0745994 0.0696947 0.0699038 0.0714068 0.0728415 0.0737125 0.0739713 0.0737506 0.0732772 0.0727964 0.072583  2.14309e+07 3.30991e+06 8.95607e+06 3.56479e+06 1.42889e+06 70897.6 143091 81669.6 53044.2 7371.31 21577.3 10543.9 11798 2710.55 1656.2 4069.53
642992 642992 0.000639666 0.00726026 0.0717622 0.0929471 0.0673466 0.0526394 0.0491485 0.0493079 0.05039 0.0514233 0.0520534 0.0522452 0.0520932 0.0517594 0.0514186 0.0512671  4.06629e+07 1.22575e+07 2.09572e+06 2.53343e+06 1.2632e+06 672593 79894.1 121483 91238 60925.7 9977.9 26460.8 13708.4 15421.5 3691.34 7640.33
4.19666e+06 4.19666e+06 0.00303372 0.0338268 0.283867 0.348338 0.268888 0.21849 0.206323 0.207292 0.211483 0.215341 0.217603 0.218189 0.217482 0.21611 0.214748 0.214148  6.47261e+07 1.92898e+07 7.13104e+06 1.42468e+06 1.49856e+06 931817 577579 96146.3 126527 101594 67938.9 11786.7 28847.1 14934.4 16480.5 12055.3
1.50826e+06 1.50826e+06 0.00217913 0.0244301 0.215333 0.267915 0.202917 0.163089 0.15359 0.154335 0.15761 0.160647 0.162455 0.162963 0.162463 0.161438 0.160407 0.159952  5.05289e+06 1.1648e+07 3.67308e+06 995994 213356 264898 197430 131450 23909.1 29543.6 23775 15478.9 2627.09 6243.44 3171.68 5990.74
958677 958677 0.000920643 0.0104357 0.101831 0.131538 0.0958544 0.0751083 0.0701359 0.0703271 0.0718279 0.0732644 0.0741363 0.074394 0.0741704 0.0736934 0.0732093 0.0729946  9.64406e+06 2.63881e+06 6.2677e+06 1.56808e+06 421293 111939 154875 117575 76706.8 13480.7 16062.9 12477.9 7859.11 1294.02 2997.87 4304.59
551026 551026 0.00080213 0.00909877 0.0893934 0.115698 0.0840711 0.0657775 0.0614064 0.0615799 0.0629054 0.0641741 0.0649456 0.0651759 0.064982 0.0645642 0.0641395 0.0639509  6.7042e+07 7.24491e+06 1.08029e+06 1.88127e+06 734612 356565 146371 113342 99857.3 74937.8 17790.5 19454.2 16035.3 10089.7 1715.53 9387.39
2.4902e+06 2.4902e+06 0.00220241 0.0247426 0.222026 0.279169 0.210341 0.1681 0.157824 0.158314 0.161504 0.16451 0.166295 0.166773 0.166234 0.165169 0.164107 0.163638  3.18657e+07 3.02298e+07 4.50319e+06 684087 1.10391e+06 628116 352569 169586 110902 102235 78854.1 20125.7 20626.9 16805.8 10427.8 11383.2
1.92082e+06 1.92082e+06 0.00227758 0.0255684 0.227932 0.285873 0.215902 0.172818 0.162331 0.162853 0.166135 0.169224 0.171056 0.171546 0.170992 0.169899 0.168809 0.168328  4.89928e+07 5.88171e+06 5.77418e+06 748553 120519 225654 158737 91854.5 45721 27553.7 25243.4 19196.4 4834.46 4812.09 3854.9 4906.7
1.2031e+06 1.2031e+06 0.00105406 0.0119373 0.115488 0.148771 0.108793 0.0854161 0.0798005 0.0800173 0.0817129 0.083334 0.0843159 0.0846033 0.0843468 0.0838045 0.0832551 0.0830116  7.7701e+07 2.55965e+07 3.17574e+06 2.53967e+06 332335 65825.3 136019 96903.3 54755.5 26277.2 15249.8 13475.1 9908.47 2420.22 2348.08 4185.5
1.08639e+06 1.08639e+06 0.000808077 0.00916662 0.0900935 0.116642 0.0847488 0.0662968 0.0618838 0.0620538 0.0633864 0.0646628 0.0654389 0.0656702 0.0654744 0.0650533 0.0646252 0.0644352  3.59132e+07 2.47613e+07 6.34222e+06 1.13796e+06 992430 250975 61815.4 90574.8 101830 60834.8 32805.9 16474.2 15370.1 11631.9 2957.45 7858.2
5.29744e+06 5.29744e+06 0.00265324 0.0296879 0.256957 0.318873 0.243453 0.196312 0.184876 0.1856 0.18934 0.192822 0.194876 0.195415 0.194782 0.193544 0.192312 0.191769  3.4467e+07 1.71991e+07 1.25532e+07 3.13933e+06 786932 771454 245605 68959.5 84579.9 110739 64702.2 35376 16844.4 15537.7 11604.3 10751.6
1.85136e+06 1.85136e+06 0.00257118 0.0288342 0.254472 0.31886 0.241932 0.193965 0.182142 0.182593 0.186137 0.189487 0.191463 0.191966 0.191324 0.190095 0.188876 0.18834  2.49604e+07 6.22808e+06 3.22597e+06 1.82333e+06 459923 162402 178182 60920.3 17432.1 19804.5 27053.2 15278.2 8206.52 3752.8 3405.47 4831.35
1.56467e+06 1.56467e+06 0.00167102 0.0188457 0.175292 0.223024 0.165704 0.131295 0.122954 0.123294 0.125825 0.128232 0.129674 0.130076 0.129666 0.128833 0.127996 0.127627  1.33702e+08 1.30382e+07 3.3543e+06 1.38253e+06 787086 247041 96638 107316 35768.4 9850.96 10762.3 14165.1 7730.23 4025.65 1794.03 3854.1
1.11089e+06 1.11089e+06 0.00118166 0.0133772 0.128915 0.166052 0.121669 0.0955808 0.0892814 0.0894923 0.0913565 0.093143 0.0942223 0.0945324 0.0942403 0.0936324 0.0930188 0.0927471  2.9841e+07 2.91399e+07 3.19959e+06 795740 504690 422633 134258 97056.8 100160 39475.7 11923.7 11400.1 17835.2 9612.52 5066.45 6998.1
5.10309e+06 5.10309e+06 0.00280481 0.0312066 0.257361 0.31169 0.241465 0.197478 0.187303 0.188727 0.192913 0.196681 0.198908 0.199543 0.198955 0.19773 0.196496 0.19595  4.55699e+07 2.1022e+07 1.35808e+07 1.55723e+06 441004 370853 377827 126655 110936 108038 43334.3 13325.1 11869.7 18691 9852.34 12225.5
2.21227e+06 2.21227e+06 0.00279988 0.0313789 0.275193 0.344869 0.262483 0.210595 0.197652 0.197994 0.201704 0.205232 0.207302 0.207804 0.207089 0.205751 0.204433 0.203854  2.51461e+06 8.73127e+06 4.37492e+06 1.75801e+06 196821 74604.4 76052.3 86363.1 29172.1 26711.5 25151.5 9854.98 2951.82 2544.46 3988.69 4618.23
1.35986e+06 1.35986e+06 0.00153702 0.0173582 0.163495 0.20906 0.154601 0.122093 0.114194 0.114462 0.116802 0.119038 0.120381 0.120756 0.120375 0.119599 0.11882 0.118476  2.13071e+07 1.3134e+06 4.69531e+06 1.84474e+06 746915 104845 44103.4 45452.7 50232.6 16306.3 14341 12999.9 4919.46 1428.16 1199.54 3972.68
800772 800772 0.0011921 0.0134949 0.129988 0.167419 0.122695 0.0963927 0.0900371 0.0902462 0.0921236 0.0939232 0.0950103 0.0953224 0.0950275 0.0944145 0.0937958 0.0935219  3.61122e+07 1.81015e+07 549253 1.59543e+06 978325 312240 67356.4 31328.2 42003 57106 18583.3 19369.1 17190.8 6548.17 1904.11 6874.72
5.02815e+06 5.02815e+06 0.00340467 0.037947 0.316922 0.390136 0.302178 0.245439 0.231384 0.232088 0.236467 0.240548 0.242919 0.243479 0.24264 0.24109 0.239569 0.238901  2.59941e+07 1.93699e+07 1.06708e+07 384505 1.03413e+06 938622 268855 69221.7 32199.6 43997.8 62365.5 20272.6 21320.9 18224.4 6848.27 9034.49
1.21795e+06 1.21795e+06 0.00178383 0.020121 0.187313 0.238888 0.177551 0.140553 0.131499 0.131763 0.134395 0.136913 0.138419 0.138827 0.138378 0.137484 0.13659 0.136196  8.15624e+06 4.70885e+06 3.60919e+06 1.45634e+06 59590.9 193803 226656 62201.5 16621.5 7523.47 10114.1 14240.9 4490.4 4638.75 3879.08 3313.73
763884 763884 0.00107871 0.0122197 0.118492 0.152911 0.111752 0.0876628 0.081854 0.0820473 0.0837666 0.0854158 0.086414 0.0867034 0.0864376 0.0858802 0.0853166 0.0850669  1.80593e+07 4.26616e+06 2.57244e+06 1.77424e+06 750260 36277.3 126906 149003 39838.2 10264.6 4477.76 5810.8 7916.34 2421.94 2439.14 3705.29
373771 373771 0.000619605 0.00703897 0.0701586 0.0912865 0.0659535 0.0514166 0.0479448 0.0480685 0.0491062 0.0501034 0.0507115 0.0508947 0.0507442 0.0504174 0.0500844 0.0499366  1.5675e+07 1.49556e+07 1.25275e+06 807958 776713 519281 38816.8 102546 170590 36870.8 11459.1 5064.4 6854.56 9691 2930.33 7522.62
3.10832e+06 3.10832e+06 0.00243936 0.0273282 0.239202 0.297695 0.226269 0.18202 0.171338 0.172037 0.175559 0.17884 0.180783 0.181305 0.180727 0.179579 0.178433 0.177928  1.45284e+07 8.41439e+06 9.24375e+06 781809 535292 607714 513445 49524.8 110058 199902 40587.5 12917.8 5561.91 7327.38 10215.1 10914.6
795122 795122 0.00179269 0.0202149 0.187696 0.23905 0.177825 0.140881 0.131857 0.132147 0.1348 0.137333 0.138848 0.13926 0.138812 0.137916 0.13702 0.136625  1.98073e+06 2.71968e+06 1.61466e+06 1.44363e+06 128644 106620 137834 129473 12985.9 27248.3 50097.5 9673 3017.18 1264.93 1635.22 4645.77
591484 591484 0.00124214 0.0140419 0.133578 0.170937 0.125809 0.0992047 0.0928224 0.0931153 0.0950933 0.0969734 0.0981091 0.0984397 0.0981413 0.0975127 0.0968765 0.0965946  9.22062e+07 1.03595e+06 1.48468e+06 788475 736547 77729.4 69418.9 90169.8 82551.5 7985 16149.3 28662.5 5354.85 1620.63 662.379 3216.39
593839 593839 0.00106403 0.0120514 0.116687 0.150412 0.109971 0.0863153 0.0806259 0.0808354 0.0825415 0.0841744 0.0851631 0.0854514 0.0851913 0.0846428 0.0840877 0.0838417  5.07939e+07 2.3035e+07 680846 534636 323607 450533 59910.5 49142.6 70712.4 84287.1 9284.18 17216.3 33285.1 5913.68 1820.81 4373.7
4.13875e+06 4.13875e+06 0.00329016 0.035772 0.245406 0.272589 0.221611 0.190716 0.185854 0.189999 0.195791 0.200548 0.203393 0.204413 0.204061 0.202975 0.201808 0.201281  4.37692e+07 2.32906e+07 1.1122e+07 521705 375821 265270 447530 70952.3 52840.8 72980.4 92664.3 10748.9 18467.4 35217.2 6129.77 6331.76
1.75432e+06 1.75432e+06 0.00286952 0.0320954 0.276662 0.343722 0.263027 0.212076 0.199502 0.200075 0.20395 0.207589 0.209726 0.210263 0.209559 0.20822 0.206895 0.206312  4.00053e+06 7.84883e+06 4.08757e+06 876491 46011.8 42767.5 39773.8 79753.3 13363.5 9507.99 13045.8 16849 1901.47 3195.29 6034.08 2085.18
880264 880264 0.00101669 0.0115034 0.110378 0.141415 0.103662 0.0816073 0.0763518 0.0766246 0.0782925 0.0798752 0.0808353 0.0811228 0.0808843 0.0803684 0.0798436 0.0796106  1.1013e+08 2.08839e+06 4.19987e+06 1.64672e+06 348636 23291.4 24312.4 22976.7 44944.1 7245.59 4954.22 6545.83 8165.9 893.232 1462.6 3645.34
547698 547698 0.000749531 0.00850852 0.0841833 0.109306 0.0792185 0.0618547 0.0576915 0.0578319 0.0590678 0.0602559 0.060979 0.0611944 0.0610114 0.0606182 0.0602186 0.0600413  3.47998e+07 2.73929e+07 783135 1.34787e+06 599153 224952 47620.8 34596.2 31503.4 69046.8 11579 7417.45 10011.2 13068 1434.86 8114.54
3.42742e+06 3.42742e+06 0.00197982 0.0222303 0.198734 0.248441 0.187171 0.149932 0.141063 0.141727 0.144751 0.147564 0.149245 0.149722 0.149265 0.148321 0.147371 0.14695  1.80248e+07 1.62415e+07 1.30395e+07 519840 878453 466618 234406 66947.6 44789 38319.2 82750.6 14220.1 8717.15 11154.3 14306.1 10317.1
1.25219e+06 1.25219e+06 0.00190699 0.0214312 0.193095 0.242175 0.181938 0.145423 0.136686 0.137275 0.140185 0.142906 0.144533 0.144994 0.14455 0.143634 0.142712 0.142303  1.08618e+07 3.26325e+06 3.0658e+06 2.03501e+06 90632.4 180044 109979 61327.7 18277.3 11666 9764.34 20726.8 3427.6 2037.71 2570.51 5596.28
734068 734068 0.00116324 0.0131656 0.126617 0.162845 0.119383 0.0938494 0.0876971 0.0879253 0.0897725 0.0915389 0.0926068 0.0929162 0.0926318 0.0920358 0.0914333 0.0911664  6.17658e+07 5.67575e+06 1.76647e+06 1.38565e+06 928330 50222 109734 67978.2 37105.1 10686.8 6581.1 5319.92 10928.8 1753.73 1016.46 3985.25
470805 470805 0.000915542 0.0103809 0.101561 0.131378 0.0956527 0.0748871 0.0698982 0.0700723 0.0715589 0.0729852 0.0738509 0.0741059 0.0738821 0.0734062 0.0729235 0.0727095  2.85588e+07 1.38829e+07 1.48767e+06 487318 434800 354669 38201.6 70327.9 50101.3 37133.3 12611.6 7302.37 6008.09 12511.3 1964.48 5587.28
3.71758e+06 3.71758e+06 0.00551833 0.0586584 0.340611 0.361353 0.306739 0.273406 0.270134 0.277377 0.286055 0.292896 0.296918 0.29836 0.297899 0.296426 0.294838 0.294121  2.4756e+07 1.26482e+07 6.54551e+06 790703 290483 304058 286014 43894.8 71982.2 51489 40658.4 14240.2 7957.41 6265.63 12672.7 7564.7
1.80233e+06 1.80233e+06 0.00705632 0.076757 0.522572 0.608385 0.505817 0.429297 0.409195 0.410306 0.416633 0.422339 0.425409 0.42578 0.424112 0.421461 0.418964 0.417887  1.49912e+07 4.42872e+06 2.10047e+06 315892 31587.5 19539.4 30341.6 35477.7 6527.25 10092.9 7379.08 5913.21 2013.79 1089.25 851.368 2723.15
1.18391e+06 1.18391e+06 0.00275216 0.0308448 0.270608 0.338913 0.25778 0.206686 0.193823 0.194083 0.19772 0.201199 0.203248 0.203755 0.203063 0.201756 0.200466 0.199899  6.32782e+07 7.77633e+06 2.21207e+06 433860 53850.3 8844.31 7053.9 11502.2 13088.6 2287.97 3354.85 2336.77 1795.52 590.125 310.381 995.235
644284 644284 0.00110323 0.0124823 0.119718 0.153566 0.112635 0.0886345 0.0828739 0.0831264 0.0849036 0.0865972 0.0876231 0.0879257 0.0876624 0.0871014 0.0865323 0.0862799  3.54096e+07 1.64891e+07 2.3317e+06 552821 165675 68414.3 25427.3 15366.5 22167.3 28658.8 6437.47 8875.83 6630.94 5366.57 1760.88 3907.9
3.58771e+06 3.58771e+06 0.00302516 0.0337696 0.28611 0.352913 0.271653 0.220061 0.20744 0.208212 0.21231 0.216119 0.218352 0.218916 0.218191 0.216805 0.215434 0.21483  2.55871e+07 1.76766e+07 8.03121e+06 1.25359e+06 337692 143899 82129.7 34515.8 19651.3 26515.5 34023.9 7881.26 10412.7 7424.23 5900.51 6148.53
1.29342e+06 1.29342e+06 0.00232371 0.0260695 0.231073 0.289083 0.218735 0.17531 0.164719 0.165258 0.168596 0.171735 0.173599 0.174099 0.173541 0.172435 0.171331 0.170844  1.05909e+07 4.64616e+06 3.29454e+06 1.10758e+06 181193 63998.1 33608.8 21220.3 8979.99 4894.68 6455.82 8119.81 1812.28 2324.26 1636.14 2604.43
819718 819718 0.00129173 0.0145993 0.138582 0.177267 0.130586 0.102998 0.0963543 0.0966384 0.0986773 0.100619 0.101791 0.102131 0.101819 0.101167 0.100507 0.100215  4.41558e+07 5.53234e+06 2.50463e+06 1.4276e+06 481644 97416 38090.3 20271.3 12499.1 5099.73 2676.77 3405.07 4141.05 896.398 1120.54 2000.77
323401 323401 0.000618821 0.00703105 0.0701696 0.091368 0.0659811 0.0514108 0.0479214 0.0480351 0.0490675 0.0500619 0.0506684 0.0508508 0.0507001 0.0503734 0.0500406 0.0498929  3.25958e+07 1.17393e+07 1.46921e+06 706087 511839 217403 75231.3 29855.4 20689.7 15604.6 6800.14 3487.48 4531.56 5592.65 1180 4129.85
4.11421e+06 4.11421e+06 0.00519308 0.0568976 0.411536 0.481631 0.39101 0.328863 0.31405 0.316263 0.322447 0.327892 0.330978 0.331676 0.330565 0.328544 0.32657 0.325706  1.29492e+07 1.45083e+07 5.79128e+06 841841 457956 396582 197436 85876.7 33431.5 23892.1 18366.2 7981.71 3968.29 4946.23 5967.9 5607.84
1.63347e+06 1.63347e+06 0.00502597 0.0555254 0.429034 0.518736 0.413954 0.341506 0.322663 0.323064 0.328329 0.333261 0.336025 0.336497 0.335214 0.333061 0.331001 0.330106  6.52286e+06 2.33287e+06 2.577e+06 521868 72250.8 58416.9 64983.7 36879.3 17093.1 6386.32 4563.7 3436.59 1443.46 695.155 854.896 1966.04
853742 853742 0.00238834 0.0268108 0.238832 0.299953 0.226692 0.181319 0.170118 0.170516 0.17386 0.177033 0.178913 0.179403 0.178814 0.177667 0.176527 0.176024  7.89704e+07 3.39596e+06 1.21105e+06 771169 143911 28498.3 27423.3 31327.3 17264.6 7635.16 2719.87 1860.27 1347.56 547.308 256.541 1017.89
677653 677653 0.00158459 0.0178953 0.168512 0.215617 0.159495 0.125917 0.117713 0.117945 0.120329 0.122614 0.123986 0.124366 0.12397 0.12317 0.122367 0.122013  4.77086e+07 1.73816e+07 953842 285423 232827 106518 33821.8 29570.7 36424.8 24488.4 13014.1 4595.34 3393.15 2511.77 1010.13 2372.49
3.89565e+06 3.89565e+06 0.00411429 0.0446414 0.300897 0.33511 0.274687 0.236727 0.230188 0.234685 0.241277 0.24671 0.249917 0.250994 0.250475 0.249113 0.247683 0.247042  4.58386e+07 2.1414e+07 8.06703e+06 507696 169878 170775 108293 40976.2 33261 39795.4 27160.6 14723.5 5065.89 3614.28 2623.43 3466.19
1.47559e+06 1.47559e+06 0.00257258 0.0287001 0.24229 0.296134 0.227573 0.184897 0.174811 0.175902 0.179728 0.183223 0.185298 0.185889 0.185336 0.184187 0.18303 0.182518  4.78171e+07 8.51774e+06 3.72879e+06 606035 36351.7 18965.1 24652.3 19308.8 7789.57 6112.57 7228.97 4942.57 2608.76 870.155 613.618 1015.77
1.23837e+06 1.23837e+06 0.00119215 0.0134895 0.12943 0.166315 0.122024 0.0959525 0.089642 0.0898577 0.0917384 0.0935405 0.0946305 0.0949463 0.094656 0.0940478 0.0934328 0.0931604  3.92853e+07 2.4941e+07 4.52791e+06 1.42002e+06 219099 16960 10125.4 13527.7 10411.2 4060.94 3072.47 3506.25 2318.39 1186.87 385.865 707.079
484993 484993 0.000439384 0.00499788 0.0504251 0.0658762 0.0473538 0.0368046 0.0342865 0.0343698 0.0351168 0.035837 0.0362775 0.0364119 0.0363056 0.0360718 0.0358329 0.0357268  2.29483e+07 1.14259e+07 5.98006e+06 1.24809e+06 519266 149543 30240.1 16409.1 19235.3 18494.4 7525.21 5525.76 6325.24 4300.91 2167.85 1993.98
4.76726e+06 4.76726e+06 0.00467655 0.0512379 0.371174 0.431572 0.349232 0.294262 0.281836 0.284564 0.290714 0.296048 0.299117 0.29992 0.299007 0.297217 0.295439 0.294656  1.96876e+07 1.07638e+07 6.15678e+06 3.11559e+06 822125 412417 159514 40208.3 21143.8 22594 22253.2 9108.99 6416.8 7074.51 4698.33 4510.44
1.66456e+06 1.66456e+06 0.00572646 0.062864 0.460875 0.547343 0.444243 0.371158 0.352312 0.353238 0.359056 0.364379 0.367328 0.367811 0.366416 0.364098 0.361887 0.360927  4.92696e+06 3.52932e+06 1.94248e+06 594004 248062 104939 67997.8 31558 8386.52 4293.39 4415.09 4283.55 1698.73 1162.89 1259.76 1615.8
894222 894222 0.0026406 0.0296201 0.261908 0.3289 0.249474 0.199753 0.187346 0.187654 0.191204 0.194589 0.196584 0.197079 0.19641 0.195143 0.193891 0.193341  4.2717e+07 2.56115e+06 1.80343e+06 500101 134142 84644.3 44104.1 29682.1 13413 3399.57 1657.15 1628.91 1518.81 582.07 387.716 938.156
313903 313903 0.00095032 0.0107749 0.105372 0.136356 0.0993053 0.0777336 0.0725319 0.0726944 0.0742249 0.0756966 0.0765896 0.0768511 0.0766175 0.0761235 0.075623 0.0754011  1.28178e+07 1.0704e+07 832117 401481 193059 128498 74467.9 46876.4 36892.9 22878.7 6559.33 3245.16 3211.26 3075.91 1168.21 2680.36
2.95464e+06 2.95464e+06 0.00510161 0.0554711 0.378697 0.42997 0.353417 0.302317 0.291658 0.295493 0.302386 0.308197 0.311544 0.312483 0.311615 0.309817 0.30801 0.307211  2.29952e+07 6.67532e+06 5.27254e+06 507856 246252 172417 147923 83970.4 54324.2 42271.2 27051.4 7811.64 3746.47 3539.33 3334.66 4103.1
1.24906e+06 1.24906e+06 0.00647826 0.0709736 0.511026 0.60763 0.497337 0.41623 0.394306 0.394367 0.400034 0.405345 0.408211 0.408503 0.406835 0.404223 0.401774 0.400718  2.78643e+06 4.12436e+06 1.20684e+06 415486 38634.8 26807.7 27489.3 27787 15595.3 10018.3 7639.58 4856.67 1355.26 633.034 588.566 1213.78
963929 963929 0.00360237 0.0401756 0.337076 0.417283 0.323043 0.261522 0.245735 0.245933 0.250247 0.254367 0.256751 0.257271 0.256347 0.254694 0.253083 0.252378  8.64913e+06 1.44802e+06 2.09729e+06 294959 89234.7 12847.8 11035.5 11700.3 11447.8 6096.19 3714.05 2699.63 1646.42 443.544 201.492 560.893
211480 211480 0.000868997 0.00985852 0.0969464 0.125684 0.091322 0.0713796 0.0665655 0.0667049 0.0681118 0.0694679 0.0702921 0.070535 0.0703218 0.0698684 0.0694086 0.0692046  1.16542e+07 6.24176e+06 503583 518109 129736 86463.5 25487.8 13896.6 19694.9 23229.6 12249.5 7848.05 5915.18 3752.89 994.148 1729.12
2.90035e+06 2.90035e+06 0.00712353 0.0771057 0.506012 0.578863 0.485149 0.416184 0.399291 0.401854 0.40889 0.414982 0.4183 0.418854 0.417336 0.414805 0.412391 0.411344  9.22833e+06 6.69326e+06 3.63452e+06 304163 320831 122118 102197 33283.9 16892.8 23338.9 26999.8 13827.5 8642.88 6322.15 3930 2809.41
731777 731777 0.00446263 0.0495191 0.397269 0.486142 0.382859 0.312929 0.294625 0.294713 0.299544 0.304151 0.306767 0.307251 0.306093 0.304117 0.302215 0.301388  1.47183e+06 1.90013e+06 1.18323e+06 257742 19958.7 31714.2 19097 18832.2 6142.4 2911.45 3982.79 4500.81 2218.59 1346.58 964.112 1010.33
669133 669133 0.00375247 0.041799 0.346979 0.427989 0.332582 0.269886 0.253743 0.253956 0.258389 0.262617 0.265058 0.265584 0.26463 0.262926 0.261269 0.260545  2.17918e+07 767063 997204 393089 81418.4 8670.14 16008 9817.6 9384.68 2922.86 1322.74 1734 1886.68 899.75 531.666 763.196
314432 314432 0.00142209 0.0160774 0.152943 0.196316 0.144615 0.113888 0.106388 0.106588 0.108759 0.110845 0.112101 0.112454 0.1121 0.111376 0.110649 0.110327  1.8264e+07 6.89693e+06 409915 313288 214745 106901 16366.9 19578.7 17070.3 19109.5 6070.22 2630.15 3631.02 4026.9 1900.4 2738.64
1.66328e+06 1.66328e+06 0.00284808 0.0318228 0.271942 0.336103 0.25782 0.208479 0.196457 0.197218 0.201155 0.204817 0.206971 0.207528 0.206851 0.205538 0.204235 0.203662  1.15097e+07 9.14238e+06 4.03441e+06 307562 216783 184139 116754 20683.7 21665 20189.7 22253.2 6963.45 2938.22 3881.73 4189.46 4738.48
954476 954476 0.00357566 0.039797 0.328316 0.402475 0.313048 0.254889 0.240358 0.241045 0.245553 0.249761 0.252202 0.252773 0.251903 0.2503 0.248727 0.248038  845912 2.12539e+06 1.73173e+06 611898 52396.7 44139.5 43325.2 30523.8 5469.08 5367.26 5031.2 5438.98 1642.02 669.518 871.522 1970.84
685434 685434 0.00261432 0.0293395 0.260539 0.327837 0.248303 0.198551 0.186084 0.186325 0.189822 0.193171 0.195144 0.195633 0.194966 0.193706 0.192462 0.191915  4.03787e+07 441091 1.12358e+06 620444 209505 23864.9 23130.5 23202.1 15940.2 2742.34 2580.8 2325.53 2425.39 709.216 281.679 1169.52
584799 584799 0.00233281 0.0262149 0.235711 0.297348 0.224036 0.178748 0.16754 0.16786 0.171112 0.174213 0.176051 0.176525 0.175938 0.174803 0.173677 0.173182  2.11659e+07 1.11494e+07 220603 330044 228998 117876 27143 23543.3 28553.6 23455 4085.22 3580.07 3470.43 3688.41 1049.05 2154.45
3.16696e+06 3.16696e+06 0.00639113 0.0676711 0.381972 0.404544 0.346475 0.310059 0.306224 0.313931 0.323228 0.330531 0.334777 0.336234 0.33564 0.333967 0.332195 0.331398  1.24387e+07 9.4242e+06 5.75864e+06 150630 177066 164109 112117 31566.1 25214.9 30199.6 25188.5 4372.11 3659.55 3497.76 3628.77 3095.26
1.17907e+06 1.17907e+06 0.00667603 0.0729863 0.516747 0.610687 0.502236 0.421854 0.400025 0.400177 0.405964 0.411368 0.414284 0.414593 0.412919 0.41029 0.407823 0.406759  1.35416e+06 2.25678e+06 1.55131e+06 282030 9009.69 12675.9 17976 15883.7 4963.24 3791.04 4499.37 3748.45 629.075 509.987 481.384 913.38
1.01216e+06 1.01216e+06 0.00562746 0.0618872 0.460211 0.549864 0.444308 0.369302 0.34926 0.349505 0.355003 0.360173 0.36305 0.363509 0.362119 0.359819 0.357627 0.356676  3.72676e+07 703341 1.14156e+06 360702 56613.2 2849.3 5015.06 7372.14 6307.12 1869.65 1353.99 1531.3 1223.58 198.212 156.269 417.896
376919 376919 0.00155185 0.0175209 0.164625 0.210253 0.155593 0.122913 0.114933 0.115181 0.117532 0.119784 0.121138 0.121518 0.121136 0.120357 0.119574 0.119228  1.62675e+07 1.04306e+07 540349 217400 100642 78679.2 10380.5 12499.8 17413.1 15904.7 5319.39 3792.35 4430.36 3611.68 574.402 1660
4.06029e+06 4.06029e+06 0.00634527 0.0689914 0.469134 0.540596 0.447796 0.381417 0.365333 0.367809 0.37459 0.380501 0.383781 0.384425 0.383084 0.380761 0.37852 0.377544  2.3519e+07 1.27174e+07 5.61965e+06 422539 145505 90432.2 95003 14267.1 15229.7 20822.2 19060.1 6306.52 4334.38 4907.57 3912.99 2381.26
861050 861050 0.00209444 0.0235476 0.212787 0.268137 0.201437 0.160625 0.150614 0.151005 0.15404 0.156921 0.158638 0.159103 0.158594 0.157579 0.156565 0.156117  3.04232e+07 4.35465e+06 2.58166e+06 470425 41964 18578.3 15443.4 19009.5 2888.75 2924.34 3913.29 3511.04 1123.91 748.85 829.869 1046.39
861016 861016 0.00129168 0.0145954 0.138266 0.176652 0.130203 0.102735 0.0961045 0.0963849 0.0984226 0.100364 0.101538 0.101879 0.101571 0.100922 0.100265 0.0999734  4.63786e+07 1.59003e+07 2.35987e+06 1.17607e+06 218649 23675.5 11465.7 9615.36 11542.8 1691.16 1649.24 2129.42 1847.89 573.804 372.679 914.184
