1 2 1 1 12.8638 54 3970 3.26497
1 3 1 1 25.0003 54 859 1.67998
1 5 1 1 6.08114 54 194 6.90659
1 6 1 1 10.4662 54 5686 4.0129
1 7 1 1 50.5404 54 751 0.831019
1 10 1 1 50.9769 54 9560 0.823902
1 11 1 1 4.39481 54 828 9.55674
1 14 1 1 31.6817 54 5977 1.32569
1 15 1 1 4.03462 54 266 10.4099
1 18 1 1 40.2488 54 2823 1.04351
1 19 1 1 35.368 54 666 1.18751
1 22 1 1 17.3373 54 3124 2.42252
1 23 1 1 6.25067 54 50 6.71928
1 26 1 1 47.8684 54 1955 0.877406
1 27 1 1 7.57211 54 145 5.54667
1 30 1 1 24.1582 54 2521 1.73854
1 31 1 1 14.6478 54 311 2.86733
1 34 1 1 16.6588 54 2694 2.52119
1 35 1 1 18.6861 54 170 2.24766
1 38 1 1 61.0683 54 1064 0.687754
1 39 1 1 11.7376 54 60 3.57826
1 42 1 1 27.6006 54 2576 1.5217
1 43 1 1 6.52244 54 5 6.43931
1 44 3 3 3.25254 54 1 12.913
1 46 1 1 10.0367 54 3633 4.18465
1 47 1 1 5.91317 54 5 7.10279
1 50 1 1 57.9696 54 6266 0.724518
1 51 1 1 16.5578 54 68 2.53657
1 53 1 1 10.7201 54 276 3.91786
1 54 1 1 91.9226 54 2185 0.456906
1 58 1 1 21.1224 54 7160 1.98841
1 62 1 1 18.4084 54 2846 2.28156
1 66 1 1 25.3525 54 1159 1.65664
1 70 1 1 25.5638 54 194 1.64295
1 71 1 1 6.34597 54 15 6.61837
1 74 1 1 10.5503 54 1758 3.98094
1 76 1 1 31.8415 54 139 1.31903
1 78 1 1 16.9697 54 5394 2.475
1 78 3 3 2.41708 54 1 17.3763
1 79 1 1 12.1621 54 284 3.45335
1 82 1 1 43.8294 54 4172 0.95826
1 83 1 1 33.3665 54 734 1.25875
1 83 2 2 50.9978 54 100 0.823566
1 84 1 1 0.984605 54 3 42.6567
1 85 3 3 0.0976187 54 2 430.245
1 86 1 1 25.8313 54 1680 1.62594
1 86 2 2 23.942 54 158 1.75424
1 86 3 3 0.366171 54 1 114.7
1 87 1 1 8.45027 54 40 4.97025
1 90 1 1 12.2637 54 2030 3.42475
1 90 2 2 9.66671 54 100 4.34481
1 91 1 1 35.5546 54 569 1.18128
1 94 1 1 26.7079 54 2326 1.57257
1 94 3 3 3.80692 54 1 11.0325
1 95 1 1 17.95 54 20 2.33984
1 98 1 1 38.4859 54 5174 1.09131
1 99 1 1 105.409 54 3563 0.398449
1 102 1 1 49.5126 54 17275 0.848269
1 103 1 1 79.3603 54 3730 0.529232
1 106 1 1 52.8826 54 5314 0.794212
1 107 1 1 45.0749 54 32 0.931783
1 110 1 1 67.2643 54 4552 0.624402
1 111 1 1 60.9377 54 692 0.689228
1 113 1 1 8.3337 54 4 5.03978
1 114 1 1 35.7218 54 21772 1.17575
1 114 2 2 72.3781 54 418 0.580286
1 114 3 3 2.75153 54 7 15.2642
1 115 1 1 49.0146 54 3886 0.856887
1 118 1 1 45.7622 54 26023 0.917788
1 118 2 2 33.5236 54 207 1.25285
1 119 1 1 131.143 54 1429 0.32026
1 120 3 3 0.913236 54 3 45.9903
1 122 1 1 43.8303 54 4936 0.95824
1 123 1 1 85.284 54 4866 0.492472
1 124 1 1 86.5124 54 1139 0.485479
1 124 3 3 0.136432 54 5 307.847
1 125 3 3 36.6931 54 115 1.14463
1 126 1 1 55.8829 54 6555 0.751572
1 126 2 2 27.5257 54 614 1.52585
1 127 1 1 20.6024 54 1194 2.0386
1 128 1 1 14.6032 54 1407 2.87608
1 129 1 1 9.04811 54 100 4.64186
1 129 3 3 0.221629 54 2 189.506
1 130 1 1 44.8871 54 8511 0.935681
1 130 2 2 89.8019 54 606 0.467696
1 131 1 1 14.7958 54 3350 2.83864
1 132 1 1 5.11031 54 1359 8.21868
1 133 1 1 14.3479 54 65 2.92727
1 134 1 1 69.3905 54 8222 0.60527
1 134 2 2 57.8226 54 1170 0.72636
1 135 1 1 306.279 54 5277 0.13713
1 136 1 1 81.0812 54 1455 0.517999
1 137 1 1 2.21655 54 30 18.9484
1 138 1 1 240.947 54 4376 0.174312
1 138 2 2 85.6075 54 1146 0.490611
1 139 1 1 21.1029 54 2091 1.99025
1 140 1 1 3.33977 54 137 12.5757
1 141 1 1 10.079 54 84 4.16706
1 142 1 1 73.8204 54 2700 0.568949
1 142 2 2 62.0174 54 508 0.677229
1 143 1 1 77.6052 54 3778 0.541201
1 144 1 1 3.78161 54 85 11.1064
1 146 1 1 34.1439 54 3632 1.23009
1 146 2 2 28.4792 54 300 1.47476
1 147 1 1 126.027 54 2217 0.333261
1 147 2 2 30.9665 54 224 1.35631
1 148 1 1 18.3651 54 1017 2.28695
1 149 1 1 22.5629 54 41 1.86147
1 150 1 1 70.3178 54 7919 0.597289
1 150 2 2 46.6699 54 3414 0.899937
1 151 1 1 142.122 54 6313 0.295522
1 152 1 1 24.938 54 3476 1.68418
1 153 1 1 20.4357 54 173 2.05523
1 154 1 1 28.1395 54 17818 1.49257
1 155 1 1 155.797 54 14497 0.269581
1 156 1 1 19.3161 54 3079 2.17435
1 157 1 1 24.5616 54 912 1.70999
1 158 1 1 27.2416 54 12114 1.54176
1 159 1 1 37.9121 54 9998 1.10783
1 160 1 1 8.97267 54 4899 4.68088
1 161 1 1 7.44534 54 67 5.64111
1 162 1 1 23.2196 54 14243 1.80882
1 163 1 1 58.2493 54 16847 0.721039
1 164 1 1 14.0894 54 3786 2.98097
1 165 1 1 22.0583 54 659 1.90405
1 166 1 1 39.4157 54 21464 1.06557
1 167 1 1 51.5817 54 12396 0.814243
1 167 3 3 6.82359 54 3 6.15512
1 168 1 1 30.0646 54 8206 1.39699
1 169 1 1 12.5511 54 16 3.34631
1 170 1 1 56.9322 54 14156 0.73772
1 171 1 1 132.412 54 10871 0.317191
1 172 1 1 27.046 54 3499 1.55291
1 173 3 3 2.25543 54 1 18.6218
1 174 1 1 64.5415 54 2813 0.650744
1 175 1 1 5.35736 54 25 7.83969
1 176 1 1 22.9281 54 45 1.83181
1 176 3 3 4.8942 54 2 8.58159
1 178 1 1 27.5191 54 6216 1.52621
1 179 1 1 52.9338 54 6464 0.793443
1 180 1 1 55.2789 54 874 0.759784
1 182 1 1 71.7082 54 13509 0.585707
1 183 1 1 26.461 54 3065 1.58724
1 184 1 1 27.0482 54 760 1.55278
1 185 1 1 13.972 54 89 3.00602
1 186 1 1 42.4682 54 7777 0.988976
1 187 1 1 22.4681 54 3087 1.86932
1 188 1 1 113.587 54 2704 0.369761
2 2 1 4 19.1673 54 2480 2.19123
2 3 1 4 58.8695 54 5296 0.713443
2 4 1 4 18.0822 54 499 2.32273
2 6 1 4 11.9612 54 4563 3.51136
2 7 1 4 45.2234 54 5642 0.928722
2 8 1 4 38.4605 54 1425 1.09203
2 10 1 4 25.1487 54 5149 1.67006
2 11 1 4 41.2143 54 4944 1.01906
2 12 1 4 17.5441 54 1010 2.39396
2 12 3 6 0.906316 54 1 46.3415
2 14 1 4 25.6861 54 3782 1.63513
2 15 1 4 27.2149 54 2376 1.54327
2 16 1 4 33.2871 54 450 1.26175
2 16 3 6 14.9531 54 13 2.80877
2 17 2 6 14.8903 54 12 2.82063
2 18 1 4 25.7279 54 192 1.63247
2 19 1 4 32.9485 54 4612 1.27472
2 20 1 4 9.06168 54 326 4.6349
2 20 3 6 0.770233 54 2 54.529
2 22 1 4 19.6265 54 1749 2.13996
2 23 1 4 29.3124 54 3446 1.43284
2 24 1 4 61.1429 54 1207 0.686916
2 24 3 6 8.29671 54 7 5.06225
2 25 3 6 3.01718 54 1 13.9203
2 26 1 4 33.3888 54 3571 1.25791
2 27 1 4 44.5528 54 5790 0.942702
2 27 3 6 1.89873 54 6 22.12
2 28 1 4 19.9406 54 1494 2.10626
2 29 2 6 16.2465 54 5 2.58517
2 30 1 4 37.671 54 1000 1.11492
2 31 1 4 44.589 54 2944 0.941936
2 32 1 4 13.0147 54 580 3.22712
2 34 1 4 14.3591 54 2396 2.92498
2 35 1 4 39.4065 54 4728 1.06581
2 36 1 4 20.1043 54 948 2.0891
2 38 1 4 59.8751 54 2378 0.701461
2 39 1 4 55.0739 54 4288 0.762612
2 40 1 4 32.4753 54 1850 1.29329
2 42 1 4 24.7055 54 2909 1.70003
2 43 1 4 36.572 54 12716 1.14842
2 44 1 4 24.2737 54 1285 1.73026
2 46 1 4 22.7609 54 8558 1.84527
2 47 1 4 32.5931 54 13450 1.28862
2 48 1 4 37.6167 54 2416 1.11652
2 50 1 4 46.8348 54 7592 0.896769
2 51 1 4 41.6638 54 20669 1.00807
2 52 1 4 18.949 54 2348 2.21648
2 52 3 6 8.78333 54 11 4.78179
2 54 1 4 38.9227 54 4523 1.07906
2 55 1 4 27.5274 54 11310 1.52575
2 56 1 4 23.3688 54 1729 1.79727
2 56 3 6 33.6048 54 21 1.24982
2 58 1 4 28.2533 54 5222 1.48655
2 59 1 4 46.3507 54 10215 0.906135
2 60 1 4 19.2695 54 2244 2.17961
2 60 3 6 2.4921 54 2 16.8532
2 62 1 4 30.2868 54 6600 1.38674
2 63 1 4 23.9387 54 9644 1.75448
2 63 3 6 4.47364 54 4 9.38834
2 64 1 4 25.1637 54 2075 1.66907
2 66 1 4 33.4882 54 2300 1.25417
2 67 1 4 26.6308 54 7980 1.57712
2 67 3 6 1.85915 54 2 22.591
2 68 1 4 22.5357 54 962 1.86371
2 68 3 6 0.000206118 54 22 203767
2 70 1 4 28.5022 54 3297 1.47357
2 71 1 4 60.5592 54 8678 0.693536
2 72 1 4 20.4794 54 3388 2.05085
2 74 1 4 70.9582 54 5464 0.591898
2 75 1 4 43.1443 54 5910 0.973478
2 76 1 4 38.7687 54 1646 1.08335
2 78 1 4 22.4048 54 7811 1.8746
2 79 1 4 33.8163 54 14481 1.242
2 79 3 6 12.452 54 7 3.37295
2 80 1 4 17.1936 54 3615 2.44276
2 80 3 6 2.48568 54 7 16.8968
2 82 1 4 29.9242 54 5030 1.40355
2 83 1 4 33.8465 54 20094 1.2409
2 83 2 5 49.9983 54 974 0.840029
2 84 1 4 26.3413 54 5041 1.59445
2 84 3 6 21.594 54 18 1.94499
2 86 1 4 38.7031 54 9675 1.08518
2 86 2 5 22.5746 54 118 1.8605
2 87 1 4 36.7661 54 15213 1.14236
2 87 2 5 25.6084 54 1107 1.64008
2 88 1 4 18.3366 54 3968 2.2905
2 88 3 6 22.9871 54 27 1.82711
2 90 1 4 47.2245 54 8618 0.88937
2 90 2 5 40.4488 54 239 1.03835
2 91 1 4 40.5032 54 13488 1.03696
2 91 2 5 74.2686 54 1047 0.565515
2 92 1 4 80.7792 54 6403 0.519936
2 92 2 5 21.4328 54 120 1.95961
2 94 1 4 70.3726 54 8642 0.596824
2 95 1 4 50.3928 54 30146 0.833452
2 96 1 4 18.2857 54 6166 2.29688
2 96 3 6 9.8329 54 3 4.27138
2 98 1 4 32.0378 54 1864 1.31095
2 99 1 4 50.8708 54 32928 0.825621
2 99 3 6 0.847815 54 2 49.5391
2 100 1 4 65.3513 54 4554 0.642681
2 100 3 6 18.5142 54 5 2.26853
2 102 1 4 57.5406 54 7520 0.72992
2 103 1 4 48.8687 54 29963 0.859446
2 103 3 6 34.5453 54 25 1.2158
2 104 1 4 20.5749 54 13466 2.04133
2 104 3 6 34.499 54 60 1.21743
2 106 1 4 77.0557 54 10129 0.54506
2 107 1 4 56.5698 54 28715 0.742446
2 107 3 6 11.578 54 8 3.62758
2 108 1 4 162.16 54 10069 0.259003
2 108 3 6 0.0989955 54 5 424.262
2 110 1 4 42.8829 54 6215 0.979412
2 110 3 6 1.59403 54 1 26.3482
2 111 1 4 119.821 54 25165 0.350524
2 111 3 6 0.0981476 54 2 427.927
2 112 1 4 106.133 54 4621 0.395732
2 112 3 6 11.4435 54 6 3.67019
2 114 1 4 53.7826 54 17686 0.780922
2 114 2 5 41.3026 54 2112 1.01689
2 115 1 4 67.1961 54 15945 0.625037
2 115 3 6 4.75956 54 2 8.82434
2 116 1 4 18.9316 54 7007 2.21852
2 116 3 6 2.93446 54 1 14.3127
2 118 1 4 135.936 54 19854 0.308969
2 118 2 5 150.558 54 2679 0.278963
2 119 1 4 58.8311 54 41459 0.713909
2 119 2 5 61.625 54 5527 0.681542
2 119 3 6 26.1408 54 24 1.60669
2 120 1 4 24.049 54 17917 1.74643
2 120 2 5 59.2829 54 105 0.708468
2 120 3 6 25.8356 54 41 1.62566
2 122 1 4 84.4991 54 15179 0.497047
2 122 2 5 40.8326 54 2582 1.02859
2 123 1 4 116.764 54 52821 0.3597
2 123 2 5 44.2503 54 6051 0.949147
2 123 3 6 2.11359 54 1 19.8714
2 124 1 4 57.4065 54 11162 0.731624
2 124 3 6 1.28065 54 1 32.7959
2 126 1 4 76.2372 54 21947 0.550912
2 126 2 5 63.3644 54 2165 0.662833
2 127 1 4 53.397 54 44291 0.786561
2 127 2 5 72.9896 54 7199 0.575424
2 128 1 4 24.685 54 23050 1.70144
2 128 2 5 25.8669 54 421 1.6237
2 130 1 4 87.7067 54 7949 0.478869
2 130 2 5 40.7542 54 742 1.03057
2 131 1 4 102.416 54 35127 0.410091
2 131 2 5 93.772 54 812 0.447895
2 131 3 6 6.7742 54 11 6.2
2 132 1 4 55.3596 54 20085 0.758676
2 132 3 6 12.7474 54 7 3.29479
2 134 1 4 97.8229 54 12097 0.429347
2 134 2 5 82.2933 54 3287 0.51037
2 135 1 4 72.2733 54 42867 0.581127
2 135 2 5 55.1856 54 5968 0.761068
2 136 1 4 26.2774 54 28832 1.59833
2 136 2 5 33.4313 54 224 1.25631
2 138 1 4 84.7164 54 1117 0.495772
2 138 2 5 70.789 54 5721 0.593312
2 139 1 4 92.6261 54 35555 0.453436
2 139 2 5 75.0079 54 7736 0.559941
2 139 3 6 3.34307 54 3 12.5633
2 140 1 4 20.3929 54 13854 2.05954
2 140 3 6 12.0783 54 12 3.4773
2 142 1 4 90.1242 54 3483 0.466024
2 142 2 5 28.1953 54 1783 1.48961
2 143 1 4 120.564 54 30624 0.348363
2 143 2 5 36.4154 54 1533 1.15336
2 144 1 4 46.9788 54 11235 0.89402
2 146 1 4 58.1078 54 3611 0.722795
2 146 2 5 33.5368 54 9855 1.25236
2 147 1 4 63.5082 54 31822 0.661332
2 147 2 5 46.3832 54 5176 0.905499
2 148 1 4 29.0214 54 11552 1.44721
2 150 1 4 97.5467 54 1384 0.430563
2 150 2 5 37.2086 54 1940 1.12877
2 151 1 4 32.7627 54 28929 1.28195
2 151 2 5 91.119 54 2378 0.460936
2 152 1 4 30.8528 54 11518 1.3613
2 154 1 4 33.7657 54 7225 1.24387
2 154 2 5 35.6155 54 101 1.17926
2 155 1 4 73.8984 54 32680 0.568348
2 155 2 5 13.9578 54 399 3.00908
2 156 1 4 35.2862 54 23992 1.19027
2 157 2 6 4.16374 54 2 10.0871
2 158 1 4 43.0574 54 781 0.975441
2 159 1 4 67.3394 54 25078 0.623706
2 159 2 5 85.107 54 524 0.493497
2 159 3 6 18.9292 54 4 2.2188
2 160 1 4 23.9749 54 19973 1.75183
2 162 1 4 26.8057 54 712 1.56683
2 163 1 4 40.8529 54 29289 1.02808
2 163 3 6 3.59768 54 2 11.6742
2 164 1 4 35.4904 54 16654 1.18342
2 164 3 6 8.2752 54 3 5.0754
2 166 1 4 89.5905 54 3589 0.4688
2 167 1 4 62.9328 54 31787 0.667379
2 167 3 6 40.1856 54 25 1.04515
2 168 1 4 41.9848 54 11536 1.00036
2 168 3 6 7.6666 54 2 5.47831
2 169 2 6 2.92838 54 5 14.3424
2 170 1 4 101.586 54 2375 0.413442
2 170 2 5 52.2932 54 951 0.803163
2 171 1 4 176.786 54 25077 0.237575
2 171 2 5 98.9715 54 1933 0.424364
2 171 3 6 20.1779 54 17 2.08148
2 172 1 4 82.9552 54 4010 0.506297
2 172 3 6 60.5741 54 57 0.693365
2 173 2 6 7.62027 54 2 5.51161
2 174 1 4 22.6778 54 9212 1.85203
2 174 2 5 14.7445 54 105 2.84852
2 174 3 6 2.41541 54 4 17.3883
2 175 1 4 126.362 54 27674 0.332378
2 175 3 6 26.1643 54 62 1.60524
2 176 1 4 112.244 54 4015 0.374185
2 176 3 6 0.00291111 54 172 14427.5
2 177 2 6 34.1115 54 18 1.23126
2 178 1 4 38.5714 54 7007 1.08889
2 179 1 4 109.946 54 30797 0.382006
2 179 3 6 17.8629 54 34 2.35124
2 180 1 4 52.5289 54 11795 0.799559
2 180 3 6 48.7498 54 108 0.861542
2 182 1 4 70.9748 54 3167 0.591759
2 182 3 6 0.367616 54 1 114.25
2 183 1 4 79.0169 54 30403 0.531532
2 183 3 6 10.0828 54 11 4.16551
2 184 1 4 17.1526 54 5468 2.44861
2 184 3 6 3.85804 54 76 10.8863
2 186 1 4 70.4691 54 6616 0.596006
2 187 1 4 49.739 54 33982 0.844409
2 187 3 6 16.3269 54 8 2.57244
2 188 1 4 25.4054 54 10140 1.65319
2 188 3 6 21.4718 54 12 1.95606
3 1 1 7 33.4978 54 4462 1.25382
3 2 1 7 103.359 54 12381 0.40635
3 3 1 7 90.4988 54 7817 0.464095
3 4 1 7 31.2719 54 2502 1.34306
3 4 2 9 3.46638 54 2 12.1164
3 5 1 7 33.6902 54 1239 1.24665
3 6 1 7 66.1704 54 3891 0.634725
3 7 1 7 76.695 54 4667 0.547624
3 7 2 9 8.29281 54 9 5.06463
3 8 1 7 34.6374 54 1744 1.21256
3 8 3 9 12.6972 54 4 3.3078
3 9 1 7 41.5748 54 1802 1.01023
3 9 2 9 5.3905 54 7 7.79149
3 10 1 7 73.4797 54 4405 0.571586
3 10 3 9 3.94511 54 5 10.6461
3 11 1 7 45.9267 54 2573 0.9145
3 12 1 7 10.8896 54 6734 3.85688
3 12 2 9 10.2559 54 72 4.0952
3 13 1 7 24.9158 54 1308 1.68568
3 14 1 7 53.502 54 3073 0.785017
3 15 1 7 35.7979 54 930 1.17325
3 16 1 7 21.8149 54 1072 1.92529
3 17 1 7 32.8117 54 944 1.28003
3 18 1 7 45.2426 54 1000 0.928328
3 19 1 7 14.8962 54 514 2.8195
3 20 1 7 10.2137 54 67 4.11214
3 20 3 9 9.81585 54 4 4.27879
3 21 1 7 24.6457 54 66 1.70415
3 22 1 7 27.8981 54 548 1.50548
3 23 1 7 19.9286 54 110 2.10753
3 24 1 7 39.1355 54 150 1.07319
3 25 1 7 2.00563 54 10 20.941
3 26 1 7 13.6477 54 263 3.07745
3 27 1 7 15.4782 54 53 2.7135
3 27 2 9 0.429086 54 1 97.8824
3 28 1 7 10.1976 54 255 4.11861
3 28 2 9 1.76683 54 5 23.7714
3 29 1 7 22.0378 54 3576 1.90582
3 30 1 7 56.2634 54 2229 0.746489
3 31 1 7 39.2588 54 1069 1.06982
3 32 1 7 28.2223 54 111 1.48819
3 33 1 7 49.79 54 411 0.843543
3 34 1 7 22.8847 54 100 1.83529
3 35 1 7 7.73801 54 5 5.42775
3 36 1 7 17.2431 54 113 2.43576
3 37 1 7 26.4827 54 272 1.58594
3 38 1 7 31.2852 54 888 1.34249
3 39 1 7 27.6181 54 145 1.52074
3 40 1 7 24.3748 54 160 1.72309
3 41 1 7 40.1758 54 183 1.04541
3 42 1 7 17.4345 54 562 2.40901
3 43 1 7 44.0956 54 35 0.952476
3 44 1 7 29.9554 54 331 1.40208
3 45 1 7 35.0953 54 405 1.19674
3 46 1 7 21.105 54 600 1.99005
3 47 1 7 27.031 54 70 1.55377
3 48 1 7 24.1176 54 191 1.74147
3 48 3 9 0.341923 54 1 122.835
3 49 1 7 57.5599 54 497 0.729675
3 50 1 7 22.8641 54 132 1.83694
3 50 3 9 0.583324 54 3 72.0011
3 51 1 7 11.7344 54 5 3.57921
3 52 1 7 35.0643 54 132 1.1978
3 53 1 7 32.107 54 205 1.30813
3 54 1 7 44.0743 54 1094 0.952936
3 54 3 9 8.16541 54 2 5.14365
3 55 1 7 29.1463 54 275 1.441
3 55 3 9 3.32935 54 1 12.6151
3 56 1 7 10.2043 54 100 4.11592
3 57 1 7 13.6255 54 188 3.08246
3 58 1 7 84.6504 54 407 0.496158
3 60 1 7 103.787 54 225 0.404676
3 61 1 7 30.6903 54 518 1.36851
3 62 1 7 8.60201 54 128 4.88258
3 63 1 7 19.9862 54 48 2.10145
3 64 1 7 47.3516 54 150 0.886982
3 65 1 7 36.2934 54 223 1.15723
3 66 1 7 35.7416 54 659 1.1751
3 67 1 7 11.9014 54 86 3.529
3 68 1 7 28.3488 54 154 1.48155
3 69 1 7 19.3237 54 738 2.1735
3 70 1 7 58.1106 54 1502 0.722759
3 71 1 7 11.9306 54 25 3.52037
3 71 3 9 2.85246 54 2 14.7241
3 72 1 7 53.4291 54 364 0.786088
3 72 3 9 10.1287 54 6 4.14664
3 73 1 7 73.215 54 293 0.573653
3 74 1 7 76.6378 54 422 0.548032
3 74 3 9 13.204 54 4 3.18085
3 75 1 7 40.4818 54 435 1.0375
3 76 1 7 12.2129 54 160 3.43898
3 77 1 7 15.1455 54 139 2.77311
3 78 1 7 30.4717 54 192 1.37833
3 78 2 8 20.8926 54 72 2.01028
3 78 3 9 2.27347 54 2 18.474
3 79 1 7 23.3736 54 15 1.7969
3 79 3 9 2.87107 54 1 14.6287
3 80 1 7 50.9103 54 298 0.82498
3 80 3 9 4.28365 54 1 9.80473
3 81 1 7 12.4815 54 92 3.36498
3 81 3 9 22.5269 54 4 1.86443
3 82 1 7 52.8946 54 898 0.794032
3 82 3 9 20.0824 54 11 2.09139
3 83 1 7 9.00454 54 5 4.66431
3 83 3 9 0.869862 54 3 48.2835
3 84 1 7 65.3796 54 175 0.642402
3 84 3 9 2.76072 54 1 15.2134
3 85 1 7 79.5744 54 428 0.527808
3 86 1 7 77.5138 54 720 0.541839
3 86 3 9 28.281 54 10 1.48509
3 87 1 7 8.25929 54 7 5.08518
3 87 3 9 3.75049 54 1 11.1985
3 88 1 7 46.122 54 90 0.910629
3 88 3 9 15.5693 54 7 2.69762
3 89 1 7 29.6357 54 659 1.41721
3 90 1 7 32.8122 54 1182 1.28001
3 91 1 7 30.1775 54 25 1.39177
3 92 1 7 91.7619 54 304 0.457707
3 92 3 9 11.4513 54 5 3.6677
3 93 1 7 14.0034 54 829 2.99927
3 93 3 9 3.08098 54 1 13.632
3 94 1 7 35.5583 54 948 1.18116
3 94 2 8 17.3667 54 240 2.41843
3 95 1 7 13.6571 54 15 3.07533
3 95 3 9 0.595703 54 1 70.5049
3 96 1 7 29.1138 54 212 1.44261
3 96 3 9 2.16876 54 1 19.3659
3 97 1 7 34.5388 54 584 1.21602
3 98 1 7 15.2538 54 280 2.75341
3 98 2 8 18.7763 54 145 2.23686
3 98 3 9 12.5377 54 4 3.3499
3 99 2 8 75.8167 54 1868 0.553967
3 99 3 9 13.465 54 10 3.1192
3 100 1 7 50.2084 54 97 0.836514
3 100 2 8 23.8981 54 3345 1.75746
3 100 3 9 6.32095 54 10 6.64457
3 101 1 7 54.7828 54 413 0.766664
3 102 1 7 17.0286 54 103 2.46644
3 103 1 7 9.22622 54 57 4.55224
3 103 3 9 9.38248 54 2 4.47643
3 104 1 7 21.2245 54 41 1.97885
3 104 3 9 7.07938 54 10 5.93272
3 105 1 7 15.4815 54 30 2.71291
3 106 1 7 14.6846 54 181 2.86015
3 108 1 7 13.4425 54 60 3.12442
3 109 1 7 43.5138 54 56 0.965211
3 110 1 7 5.17037 54 9 8.1232
3 112 1 7 14.5812 54 99 2.88042
3 113 1 7 9.4885 54 99 4.42641
3 114 1 7 53.1467 54 202 0.790266
3 116 1 7 29.6415 54 48 1.41693
3 116 3 9 4.04309 54 1 10.3881
3 118 1 7 93.5513 54 5977 0.448951
3 119 1 7 11.1711 54 15 3.7597
3 120 1 7 9.15668 54 6 4.58681
3 121 1 7 27.8208 54 4625 1.50966
3 121 3 9 0.0613371 54 1 684.74
3 122 1 7 45.9895 54 4949 0.913252
3 124 1 7 21.8874 54 627 1.91891
3 124 3 9 3.76739e-07 54 4 1.11483e+08
3 125 1 7 34.721 54 1285 1.20964
3 125 3 9 0.043648 54 3 962.243
3 126 1 7 60.9667 54 1296 0.688901
3 126 2 8 84.7106 54 780 0.495806
3 128 1 7 52.612 54 378 0.798297
3 128 3 9 6.30044 54 3 6.6662
3 129 1 7 32.4227 54 3022 1.29539
3 130 1 7 12.0038 54 393 3.49889
3 131 2 8 3.54572 54 282 11.8453
3 132 1 7 21.6862 54 414 1.93671
3 133 1 7 107.029 54 3098 0.392419
3 134 1 7 16.9252 54 525 2.4815
3 135 1 7 7.84007 54 361 5.3571
3 136 1 7 11.0757 54 313 3.79209
3 137 1 7 33.9866 54 1603 1.23578
3 137 3 9 14.0827 54 20 2.98237
3 138 1 7 124.939 54 1447 0.336163
3 138 3 9 10.7359 54 4 3.91209
3 139 1 7 26.63 54 76 1.57717
3 140 1 7 17.4945 54 175 2.40075
3 140 2 8 3.64664 54 139 11.5174
3 140 3 9 14.2789 54 7 2.9414
3 141 1 7 79.6342 54 640 0.527412
3 142 1 7 68.1909 54 272 0.615918
3 143 1 7 12.2222 54 282 3.43636
3 144 1 7 18.2643 54 547 2.29957
3 145 1 7 90.3338 54 2342 0.464942
3 146 1 7 108.647 54 630 0.386572
3 147 1 7 15.9077 54 50 2.64023
3 148 1 7 23.9606 54 948 1.75288
3 149 1 7 54.248 54 7373 0.774222
3 150 1 7 64.7244 54 5092 0.648905
3 151 1 7 58.1913 54 1842 0.721757
3 152 1 7 31.2161 54 166 1.34546
3 153 1 7 46.9884 54 7284 0.893838
3 154 1 7 35.3833 54 2667 1.187
3 155 1 7 25.9824 54 682 1.61648
3 156 1 7 5.50485 54 243 7.62964
3 157 1 7 57.3468 54 14501 0.732386
3 157 3 9 8.20287 54 7 5.12016
3 158 1 7 16.3006 54 6628 2.5766
3 158 2 8 9.30006 54 8 4.5161
3 159 1 7 12.3383 54 1061 3.40405
3 160 3 9 11.357 54 53 3.69815
3 161 1 7 32.1706 54 10178 1.30554
3 162 1 7 35.7351 54 2135 1.17531
3 162 2 8 13.5696 54 17 3.09515
3 163 1 7 14.5921 54 966 2.87828
3 164 1 7 25.2244 54 1132 1.66505
3 164 2 8 1.91177 54 28 21.9692
3 165 1 7 7.60149 54 10834 5.52523
3 166 1 7 104.475 54 2765 0.402012
3 166 2 8 22.702 54 35 1.85006
3 166 3 9 16.2894 54 4 2.57836
3 168 1 7 25.6821 54 502 1.63538
3 169 1 7 12.7125 54 4864 3.30384
3 169 2 8 25.4535 54 58 1.65006
3 169 3 9 20.8589 54 10 2.01352
3 170 1 7 51.7949 54 5051 0.810891
3 170 2 8 14.038 54 245 2.99189
3 171 3 9 39.1159 54 28 1.07373
3 172 1 7 36.1084 54 620 1.16317
3 172 3 9 21.8947 54 15 1.91827
3 173 1 7 10.4257 54 9440 4.02849
3 173 3 9 19.3043 54 123 2.17568
3 174 1 7 46.4013 54 3587 0.905147
3 174 2 8 10.6091 54 199 3.95887
3 174 3 9 12.1521 54 144 3.45619
3 175 3 9 6.11584 54 7 6.86741
3 176 1 7 9.20718 54 610 4.56166
3 176 3 9 1.66927 54 1 25.1607
3 177 1 7 21.6879 54 5029 1.93656
3 177 3 9 37.1224 54 63 1.13139
3 178 1 7 51.3629 54 711 0.81771
3 178 2 8 20.9351 54 169 2.0062
3 179 2 8 2.317 54 104 18.1269
3 179 3 9 13.074 54 9 3.21249
3 180 1 7 19.4072 54 473 2.16414
3 180 3 9 54.921 54 37 0.764735
3 181 1 7 26.8786 54 2341 1.56258
3 181 2 8 34.6462 54 38 1.21225
3 181 3 9 23.8006 54 54 1.76466
3 182 1 7 16.5396 54 1273 2.53935
3 182 2 8 16.2321 54 97 2.58746
3 182 3 9 17.9488 54 9 2.33999
3 183 2 8 6.63959 54 40 6.3257
3 183 3 9 1.67625 54 7 25.0559
3 184 1 7 22.9843 54 914 1.82734
3 184 2 8 27.0394 54 20 1.55329
3 185 3 9 15.0387 54 8 2.7928
3 186 2 8 14.4725 54 30 2.90207
3 187 3 9 4.3088 54 2 9.74749
3 188 3 9 18.1582 54 6 2.31301
4 1 1 22 24.5609 54 579 1.71004
4 1 2 23 96.8398 54 195 0.433706
4 2 1 22 21.7779 54 540 1.92856
4 2 2 23 39.9962 54 145 1.0501
4 3 1 22 15.2727 54 514 2.75
4 3 2 23 65.9557 54 56 0.636791
4 4 2 23 41.9891 54 83 1.00026
4 5 2 23 172.34 54 267 0.243705
4 6 2 23 48.6203 54 283 0.863836
4 7 1 22 52.3317 54 3002 0.802572
4 7 2 23 11.9842 54 90 3.50461
4 8 1 22 2.1569 54 234 19.4724
4 8 2 23 153.122 54 936 0.27429
4 9 2 23 56.8312 54 433 0.73903
4 10 1 22 4.94046 54 68 8.50123
4 10 2 23 73.4369 54 253 0.57192
4 11 1 22 33.7398 54 618 1.24482
4 11 2 23 2.60252e-05 54 73 1.61382e+06
4 12 2 23 16.5362 54 370 2.53989
4 13 2 23 97.8554 54 410 0.429205
4 14 1 22 17.9632 54 81 2.33811
4 14 2 23 20.9234 54 271 2.00732
4 15 1 22 59.0408 54 728 0.711373
4 15 2 23 34.2275 54 165 1.22708
4 16 2 23 93.1311 54 463 0.450977
4 17 1 22 15.8494 54 40 2.64994
4 17 2 23 108.457 54 637 0.387249
4 18 2 23 113.94 54 920 0.368616
4 19 1 22 44.4947 54 172 0.943933
4 19 2 23 49.1987 54 54 0.853681
4 20 2 23 51.6393 54 20 0.813334
4 21 2 23 65.5885 54 44 0.640356
4 22 1 22 25.8166 54 20 1.62686
4 22 2 23 99.5119 54 365 0.42206
4 23 1 22 15.9836 54 29 2.62769
4 23 2 23 16.3404 54 29 2.57032
4 24 2 23 37.9961 54 65 1.10538
4 25 2 23 81.4275 54 416 0.515797
4 26 1 22 48.0025 54 1785 0.874954
4 26 2 23 135.499 54 870 0.309966
4 27 1 22 18.1631 54 29 2.31238
4 27 2 23 36.702 54 227 1.14435
4 28 1 22 5.91034 54 15 7.10619
4 28 2 23 40.7052 54 31 1.03181
4 29 1 22 14.738 54 338 2.84978
4 29 2 23 13.0969 54 105 3.20686
4 30 1 22 40.1843 54 1011 1.04518
4 30 2 23 96.468 54 520 0.435377
4 31 2 23 42.2369 54 44 0.994391
4 32 1 22 7.08043 54 230 5.93185
4 32 2 23 65.122 54 130 0.644943
4 33 2 23 149.116 54 325 0.28166
4 34 2 23 154.36 54 236 0.272091
4 35 2 23 32.1088 54 30 1.30805
4 36 2 23 24.279 54 90 1.72989
4 37 1 22 16.3444 54 5 2.56969
4 37 2 23 23.0188 54 355 1.82459
4 38 2 23 121.557 54 440 0.345518
4 39 1 22 46.7801 54 70 0.897818
4 39 2 23 35.0975 54 145 1.19667
4 40 2 23 26.7131 54 113 1.57226
4 41 1 22 24.7263 54 45 1.69859
4 41 2 23 69.7334 54 320 0.602294
4 42 1 22 6.11666 54 6 6.86649
4 42 2 23 44.1469 54 165 0.951369
4 43 1 22 37.0695 54 54 1.13301
4 43 2 23 21.2542 54 5 1.97608
4 44 2 23 19.1113 54 27 2.19765
4 45 1 22 33.7441 54 221 1.24466
4 45 2 23 104.366 54 90 0.402428
4 46 1 22 4.31474 54 94 9.73409
4 46 2 23 42.535 54 227 0.987421
4 47 1 22 6.79977 54 16 6.17668
4 47 2 23 36.9141 54 114 1.13778
4 48 2 23 60.6389 54 87 0.692625
4 49 1 22 44.6298 54 343 0.941074
4 49 2 23 45.0922 54 113 0.931424
4 50 1 22 37.9899 54 148 1.10556
4 50 2 23 12.1618 54 222 3.45342
4 51 2 23 58.8023 54 81 0.714257
4 52 1 22 5.31983 54 25 7.89498
4 52 2 23 34.0165 54 52 1.23469
4 53 1 22 9.33491 54 96 4.49924
4 53 2 23 52.9052 54 67 0.793874
4 54 1 22 38.7333 54 1023 1.08434
4 54 2 23 0.00161906 54 288 25941
4 55 1 22 17.5814 54 631 2.38889
4 55 2 23 39.7803 54 76 1.0558
4 56 1 22 76.2493 54 203 0.550825
4 56 2 23 91.9884 54 50 0.456579
4 57 1 22 8.61514 54 35 4.87514
4 57 2 23 50.9549 54 448 0.824258
4 58 2 23 91.6265 54 358 0.458383
4 59 1 22 7.84028 54 13 5.35695
4 59 2 23 92.1614 54 132 0.455722
4 60 1 22 5.53639 54 11 7.58617
4 60 2 23 15.6485 54 15 2.68396
4 61 1 22 78.7435 54 108 0.533377
4 61 2 23 58.3141 54 18 0.720237
4 62 1 22 5.0991 54 25 8.23674
4 62 2 23 51.7428 54 95 0.811707
4 63 1 22 31.1778 54 70 1.34711
4 63 2 23 23.4337 54 21 1.79229
4 64 2 23 11.4619 54 34 3.6643
4 65 1 22 9.5513 54 115 4.39731
4 65 2 23 108.055 54 44 0.388692
4 66 1 22 23.7111 54 57 1.77133
4 66 2 23 56.8877 54 580 0.738297
4 67 2 23 55.5378 54 52 0.756241
4 68 1 22 2.01442 54 9 20.8496
4 68 2 23 47.5242 54 85 0.88376
4 69 1 22 13.6256 54 47 3.08244
4 69 2 23 56.8439 54 252 0.738865
4 70 1 22 24.1328 54 102 1.74037
4 70 2 23 38.9092 54 388 1.07944
4 71 2 23 25.6739 54 31 1.6359
4 72 1 22 8.20602 54 79 5.11819
4 72 2 23 30.2977 54 69 1.38625
4 73 1 22 0.907932 54 24 46.259
4 73 2 23 49.6428 54 27 0.846043
4 74 1 22 38.2813 54 248 1.09714
4 74 2 23 18.0735 54 33 2.32385
4 75 1 22 4.07744 54 75 10.3006
4 75 2 23 4.81367 54 11 8.72515
4 76 1 22 14.3951 54 23 2.91766
4 76 2 23 63.7825 54 111 0.658487
4 77 1 22 15.8914 54 104 2.64293
4 77 2 23 236.342 54 765 0.177708
4 78 1 22 70.2216 54 83 0.598107
4 78 2 23 38.9943 54 346 1.07708
4 79 2 23 44.2787 54 36 0.948537
4 80 1 22 56.4936 54 70 0.743447
4 80 2 23 43.5729 54 43 0.963902
4 81 2 23 0.000346724 54 159 121134
4 82 1 22 24.0501 54 1034 1.74635
4 82 2 23 68.9714 54 161 0.608948
4 83 2 23 0.574558 54 31 73.0996
4 84 1 22 14.5002 54 25 2.89652
4 84 2 23 82.3522 54 123 0.510005
4 85 1 22 6.04067 54 20 6.95288
4 85 2 23 58.849 54 2165 0.713691
4 86 1 22 11.8083 54 68 3.55683
4 86 2 23 56.6438 54 272 0.741475
4 87 2 23 0.421705 54 17 99.5958
4 88 1 22 19.8726 54 171 2.11346
4 88 2 23 90.803 54 72 0.46254
4 89 1 22 38.8317 54 110 1.08159
4 89 2 23 187.519 54 437 0.223977
4 90 1 22 22.8934 54 120 1.83459
4 90 2 23 50.4539 54 175 0.832443
4 91 2 23 30.8583 54 18 1.36106
4 92 1 22 15.5603 54 45 2.69917
4 92 2 23 87.1803 54 810 0.48176
4 93 1 22 5.05081 54 6 8.3155
4 93 2 23 71.9034 54 3510 0.584117
4 94 1 22 85.528 54 215 0.491067
4 94 2 23 20.0483 54 125 2.09494
4 95 2 23 14.9864 54 12 2.80254
4 96 1 22 34.971 54 218 1.201
4 96 2 23 1.82993e-05 54 32 2.29518e+06
4 97 1 22 22.2787 54 25 1.88521
4 97 2 23 51.9264 54 178 0.808837
4 98 1 22 13.4387 54 145 3.12531
4 98 2 23 27.3017 54 176 1.53837
4 99 2 23 23.0161 54 8 1.82481
4 100 1 22 22.8952 54 229 1.83444
4 100 2 23 45.6122 54 44 0.920805
4 101 1 22 3.38988 54 47 12.3898
4 101 2 23 97.385 54 295 0.431278
4 102 1 22 28.0164 54 45 1.49912
4 102 2 23 69.3827 54 233 0.605338
4 103 2 23 24.3514 54 19 1.72475
4 104 1 22 57.1473 54 275 0.734943
4 104 2 23 66.4929 54 40 0.631646
4 105 1 22 25.3576 54 1018 1.65631
4 105 2 23 86.3355 54 103 0.486474
4 106 1 22 8.08384 54 14 5.19555
4 106 2 23 41.5562 54 204 1.01068
4 107 2 23 14.7264 54 4 2.85201
4 108 1 22 16.3427 54 491 2.56996
4 108 2 23 52.6453 54 29 0.797792
4 109 1 22 66.7628 54 6476 0.629093
4 109 2 23 94.7512 54 378 0.443266
4 110 1 22 6.30329 54 105 6.66318
4 110 2 23 26.9423 54 400 1.55889
4 111 1 23 4.66411 54 1 9.00493
4 112 1 22 21.8478 54 277 1.92239
4 112 2 23 17.0146 54 18 2.46847
4 113 1 22 24.9551 54 3674 1.68302
4 113 2 23 44.4232 54 190 0.945451
4 114 2 23 49.6405 54 73 0.846083
4 115 2 23 12.93 54 5 3.24826
4 116 1 22 17.3656 54 358 2.41858
4 116 2 23 5.09968e-05 54 56 823580
4 117 2 23 214.062 54 1052 0.196205
4 118 1 22 24.2872 54 3470 1.72931
4 118 2 23 65.4455 54 560 0.641755
4 119 2 23 3.87761 54 2 10.8314
4 120 1 22 22.2799 54 1194 1.88511
4 120 2 23 89.8254 54 58 0.467574
4 121 1 22 22.0699 54 1283 1.90305
4 121 2 23 235.389 54 146 0.178428
4 122 1 22 13.7907 54 3907 3.04554
4 122 2 23 28.9254 54 33 1.45201
4 123 2 23 0.487531 54 17 86.1484
4 124 1 22 35.0488 54 415 1.19833
4 124 2 23 64.5743 54 113 0.650413
4 125 1 22 75.8398 54 1400 0.553799
4 125 2 23 119.84 54 3577 0.350467
4 126 1 22 32.4318 54 2466 1.29502
4 126 2 23 36.0625 54 67 1.16464
4 127 1 23 2.95153 54 14 14.2299
4 128 1 22 10.0169 54 234 4.19289
4 128 2 23 40.8014 54 36 1.02938
4 129 1 22 15.9115 54 176 2.63959
4 129 2 23 1.07934 54 27 38.9126
4 130 1 22 15.1137 54 104 2.77894
4 130 2 23 75.2298 54 257 0.558289
4 131 2 23 10.4185 54 9 4.03128
4 132 1 22 5.4382 54 250 7.72315
4 132 2 23 57.8833 54 44 0.725598
4 133 2 23 82.0875 54 436 0.511649
4 134 1 22 18.6035 54 149 2.25764
4 134 2 23 2.14372 54 18 19.5921
4 136 1 22 27.9994 54 275 1.50003
4 137 2 23 81.7313 54 98 0.513879
4 138 2 23 10.6083 54 89 3.95915
4 139 2 23 1.98134e-07 54 7 2.11978e+08
4 140 1 22 10.7852 54 183 3.89422
4 140 2 23 90.4991 54 22 0.464093
4 141 1 22 33.7049 54 720 1.24611
4 142 1 22 58.3938 54 329 0.719254
4 144 1 22 84.4825 54 399 0.497145
4 145 1 22 50.2462 54 541 0.835883
4 146 1 22 8.92255 54 84 4.70717
4 148 1 22 5.69668 54 150 7.37271
4 152 1 22 9.48944 54 17 4.42597
4 153 1 22 23.4637 54 400 1.79
4 156 1 22 29.4688 54 330 1.42524
4 157 2 23 100.525 54 187 0.417808
4 158 1 22 13.1974 54 208 3.18245
4 158 2 23 87.6508 54 22 0.479174
4 159 1 22 23.9098 54 189 1.7566
4 159 2 23 6.43419 54 5 6.52763
4 160 1 22 14.4963 54 629 2.8973
4 160 2 23 31.4832 54 10 1.33404
4 161 2 23 12.5019 54 118 3.35948
4 162 2 23 13.1594 54 70 3.19163
4 163 1 22 24.0399 54 175 1.7471
4 163 2 23 17.1259 54 3 2.45243
4 164 2 23 84.4477 54 586 0.497349
4 165 2 23 55.3676 54 266 0.758567
4 166 2 23 26.7792 54 161 1.56838
4 167 2 23 6.32156 54 7 6.64393
4 168 2 23 3.08107 54 24 13.6316
4 169 2 23 79.0322 54 96 0.531429
4 170 2 23 96.8128 54 36 0.433827
4 171 2 23 18.8838 54 41 2.22413
4 172 2 23 21.9674 54 16 1.91192
4 173 1 22 6.68946 54 1394 6.27854
4 173 2 23 114.133 54 251 0.367991
4 174 2 23 88.2407 54 89 0.475971
4 175 2 23 7.60402 54 2 5.52339
4 176 1 22 9.02271 54 50 4.65492
4 176 2 23 43.3486 54 59 0.96889
4 177 1 22 10.1248 54 523 4.14822
4 177 2 23 17.6848 54 70 2.37492
4 178 1 22 32.1876 54 1018 1.30485
4 178 2 23 7.82373e-05 54 134 536829
4 179 2 23 40.6693 54 48 1.03272
4 180 1 22 35.1428 54 200 1.19512
4 180 2 23 1.235 54 60 34.0082
4 181 1 22 24.6206 54 827 1.70589
4 181 2 23 50.5313 54 76 0.831169
4 182 2 23 78.6037 54 45 0.534326
4 183 2 23 207.155 54 1136 0.202747
4 184 1 22 28.2089 54 291 1.48889
4 184 2 23 0.000219166 54 190 191636
4 185 2 23 111.03 54 267 0.378277
4 186 2 23 0.000226088 54 79 185769
4 187 2 23 7.06315 54 20 5.94635
5 2 5 17 7.67133 54 7 5.47493
5 3 5 17 10.9195 54 3 3.84631
5 5 7 17 11.8369 54 5 3.54823
5 6 5 17 17.9271 54 11 2.34283
5 7 5 17 23.3958 54 34 1.79519
5 8 7 17 12.896 54 23 3.25683
5 9 7 17 0.000131006 54 104 320597
5 10 5 17 14.5846 54 39 2.87975
5 11 6 17 11.2725 54 11 3.72589
5 12 7 17 17.6294 54 108 2.38239
5 13 7 17 4.98235 54 19 8.42975
5 14 7 17 2.04373 54 117 20.5506
5 15 7 17 4.20922 54 5 9.9781
5 16 7 17 20.9429 54 45 2.00546
5 17 7 17 28.6535 54 80 1.46579
5 20 7 17 8.59322 54 19 4.88757
5 21 7 17 2.33132 54 1 18.0156
5 23 7 17 4.66752 54 4 8.99836
5 27 7 17 3.0907 54 11 13.5892
5 28 7 17 3.14557 54 9 13.3521
5 29 7 17 0.32188 54 1 130.484
5 33 1 10 10.8235 54 126 3.88044
5 33 3 12 25.9515 54 3957 1.6184
5 34 1 10 4.53125 54 7 9.26897
5 34 3 12 16.0726 54 3375 2.61315
5 35 1 10 2.75746 54 25 15.2314
5 35 3 12 18.4347 54 3445 2.27831
5 36 1 10 8.94209 54 175 4.69689
5 36 3 12 26.3588 54 2391 1.5934
5 37 1 10 6.76524 54 154 6.2082
5 37 3 12 19.9686 54 2556 2.10331
5 38 1 10 7.84607 54 189 5.353
5 38 3 12 21.0496 54 3614 1.99529
5 39 1 10 11.762 54 100 3.57083
5 39 3 12 27.5604 54 2543 1.52392
5 40 1 10 7.81064 54 95 5.37728
5 40 3 12 43.2921 54 1540 0.970154
5 41 1 10 66.8165 54 235 0.628587
5 41 3 12 44.0774 54 1312 0.952868
5 42 1 10 20.512 54 411 2.04758
5 42 3 12 115.086 54 2347 0.364944
5 43 1 10 25.1553 54 1102 1.66963
5 43 3 12 158.845 54 1728 0.264409
5 44 1 10 47.0687 54 947 0.892313
5 44 3 12 57.4662 54 3435 0.730865
5 44 6 17 8.51132 54 3 4.9346
5 45 1 10 16.2219 54 724 2.58909
5 45 3 12 39.92 54 2759 1.0521
5 46 1 10 22.4365 54 362 1.87195
5 46 3 12 63.1085 54 3902 0.66552
5 47 1 10 23.7352 54 162 1.76952
5 47 3 12 110.919 54 2286 0.378654
5 48 1 10 32.0521 54 617 1.31037
5 48 3 12 28.6538 54 1635 1.46577
5 49 1 10 48.8373 54 1413 0.859998
5 49 3 12 52.5055 54 2152 0.799917
5 50 1 10 59.1756 54 658 0.709752
5 50 3 12 79.2103 54 1459 0.530234
5 51 1 10 26.6796 54 1034 1.57423
5 51 3 12 46.6775 54 1032 0.899792
5 52 1 10 28.2533 54 1493 1.48655
5 52 3 12 57.86 54 1075 0.72589
5 53 1 10 17.4417 54 1218 2.40802
5 53 3 12 33.116 54 1263 1.26827
5 53 4 13 33.0651 54 1426 1.27022
5 54 1 10 41.5818 54 839 1.01006
5 54 2 11 27.7495 54 2040 1.51354
5 54 3 12 56.2607 54 1046 0.746524
5 54 4 13 29.746 54 738 1.41196
5 55 1 10 43.0816 54 834 0.974895
5 55 2 11 79.663 54 3208 0.527221
5 55 3 12 74.7853 54 377 0.561608
5 55 4 13 21.7384 54 2659 1.93207
5 56 1 10 34.4096 54 862 1.22059
5 56 2 11 25.0515 54 4235 1.67654
5 56 3 12 25.2757 54 515 1.66168
5 56 4 13 19.3276 54 2555 2.17306
5 57 1 10 11.5164 54 4 3.64697
5 57 4 13 5.02843 54 3677 8.35252
5 58 1 10 26.2735 54 815 1.59857
5 58 3 12 13.4312 54 1890 3.12704
5 58 4 13 28.4052 54 9215 1.4786
5 59 1 10 70.5432 54 810 0.59538
5 59 3 12 25.5887 54 1561 1.64135
5 59 4 13 40.7452 54 16489 1.0308
5 60 1 10 81.3104 54 1260 0.516539
5 60 3 12 21.3809 54 2826 1.96437
5 60 4 13 31.7092 54 12907 1.32453
5 61 1 10 55.3241 54 877 0.759163
5 61 3 12 19.0498 54 5114 2.20474
5 61 4 13 22.5438 54 13467 1.86304
5 62 1 10 56.829 54 1116 0.739059
5 62 2 11 197.111 54 3511 0.213078
5 62 3 12 62.7115 54 884 0.669733
5 62 4 13 19.0959 54 19680 2.19943
5 63 1 10 32.7275 54 1310 1.28332
5 63 2 11 130.094 54 4056 0.322843
5 63 3 12 34.4371 54 651 1.21962
5 63 4 13 63.2367 54 16499 0.664172
5 64 1 10 48.0242 54 1700 0.874559
5 64 2 11 76.5859 54 3816 0.548404
5 64 3 12 37.5423 54 467 1.11874
5 64 4 13 45.1035 54 21384 0.931191
5 66 6 15 8.58371 54 161 4.89299
5 67 5 14 26.1395 54 408 1.60676
5 67 6 15 9.60221 54 96 4.37399
5 70 5 14 7.58129 54 111 5.53995
5 71 6 15 21.3509 54 84 1.96713
5 73 4 13 13.6563 54 258 3.07549
5 74 4 13 8.39276 54 619 5.00432
5 75 4 13 3.04394 54 1291 13.7979
5 76 4 13 0.789847 54 1236 53.1749
5 78 5 14 75.9873 54 773 0.552724
5 78 6 15 121.827 54 1152 0.344752
5 79 4 13 9.31776 54 755 4.50752
5 80 4 13 3.04764 54 345 13.7812
5 82 3 12 5.95978 54 103 7.04724
5 85 1 10 82.2094 54 14963 0.51089
5 85 3 12 96.9817 54 11961 0.433071
5 86 1 10 52.6826 54 16437 0.797227
5 86 3 12 153.262 54 9969 0.274041
5 87 1 10 62.6959 54 16367 0.669901
5 87 3 12 54.4958 54 10233 0.770701
5 88 1 10 97.6661 54 13579 0.430037
5 88 3 12 280.694 54 7450 0.149629
5 89 1 10 48.1144 54 16615 0.872919
5 89 3 12 66.002 54 9794 0.636344
5 90 1 10 103.184 54 16805 0.407042
5 90 3 12 65.6866 54 8121 0.6394
5 91 1 10 131.122 54 13262 0.320312
5 91 3 12 114.206 54 7580 0.367755
5 92 1 10 46.8886 54 10947 0.895741
5 92 3 12 82.8003 54 7253 0.507245
5 94 5 14 10.7203 54 46.9155 3.9178
5 99 5 14 92.6024 54 905.681 0.453552
5 99 6 15 64.8592 54 500.874 0.647556
5 100 5 14 17.4589 54 441.75 2.40564
5 101 1 10 22.2562 54 1341 1.88711
5 101 3 12 55.5648 54 3829 0.755874
5 101 5 14 14.9109 54 61.4007 2.81673
5 101 6 15 37.2123 54 40.0001 1.12866
5 102 1 10 35.1283 54 1792 1.19562
5 102 3 12 118.214 54 4948 0.355288
5 103 1 10 11.6501 54 2598 3.60511
5 103 3 12 94.3555 54 4751 0.445125
5 104 1 10 14.8815 54 759 2.82229
5 104 3 12 40.9072 54 664 1.02671
5 105 1 10 4.97097 54 219 8.44906
5 105 3 12 42.0496 54 1266 0.998819
5 106 1 10 45.2376 54 982 0.92843
5 106 3 12 113.643 54 3552 0.369578
5 107 1 10 29.0068 54 2359 1.44793
5 107 3 12 132.812 54 6106 0.316237
5 108 1 10 19.2739 54 39 2.17911
5 108 3 12 29.4982 54 2329 1.42381
5 109 1 10 78.9416 54 532 0.532039
5 109 3 12 57.1199 54 3491 0.735296
5 109 5 14 4.94831 54 87.9746 8.48775
5 109 6 15 14.297 54 180 2.93769
5 110 1 10 52.0059 54 132 0.8076
5 110 3 12 38.093 54 3037 1.10257
5 110 6 15 24.3991 54 336.926 1.72137
5 110 7 17 6.34887e-08 54 1 6.61536e+08
5 111 1 10 22.8925 54 53 1.83466
5 111 3 12 42.2319 54 137 0.99451
5 112 1 10 0.316189 54 64 132.832
5 112 3 12 2.55663 54 128 16.4279
5 113 1 10 38.9849 54 674 1.07734
5 113 3 12 94.1594 54 2935 0.446052
5 114 1 10 21.7065 54 574 1.93491
5 114 3 12 155.528 54 3780 0.270048
5 114 5 14 17.4845 54 34 2.40213
5 115 1 10 28.6781 54 858 1.46453
5 115 3 12 42.3724 54 4460 0.991211
5 116 1 10 34.2909 54 468 1.22481
5 116 3 12 69.5272 54 3401 0.60408
5 117 1 10 36.3336 54 575 1.15596
5 117 3 12 34.8471 54 4648 1.20527
5 118 1 10 43.7613 54 302 0.959752
5 118 3 12 64.6108 54 6853 0.650046
5 119 1 10 16.0908 54 505 2.61019
5 119 3 12 132.419 54 5094 0.317176
5 120 1 10 8.74033 54 438 4.80531
5 120 3 12 102.236 54 2824 0.410814
5 121 1 10 7.5947 54 340 5.53017
5 121 3 12 66.1281 54 3576 0.635131
5 122 1 10 10.5638 54 268 3.97584
5 122 3 12 68.7369 54 5519 0.611026
5 123 1 10 14.8204 54 256 2.83394
5 123 3 12 14.1788 54 2935 2.96217
5 124 1 10 31.736 54 345 1.32342
5 124 3 12 37.2462 54 273 1.12763
5 125 1 10 28.9462 54 203 1.45097
5 125 3 12 11.6472 54 1210 3.60602
5 126 1 10 54.0575 54 419 0.77695
5 126 3 12 39.0451 54 2806 1.07568
5 126 5 14 26.5088 54 163.608 1.58438
5 126 6 15 99.389 54 937.36 0.422582
5 127 1 10 58.0608 54 182 0.72338
5 127 3 12 58.9317 54 2378 0.712689
5 127 6 15 78.51 54 365 0.534963
5 128 1 10 25.8178 54 85 1.62679
5 128 3 12 71.8374 54 5386 0.584653
5 129 1 10 0.509522 54 105 82.4302
5 129 3 12 86.7424 54 2872 0.484192
5 130 1 10 9.49964 54 5 4.42122
5 130 3 12 99.465 54 905 0.422259
5 131 3 12 55.5248 54 1011 0.756419
5 131 5 14 39.4439 54 868.264 1.0648
5 132 1 10 9.14509 54 4 4.59263
5 132 3 12 21.1134 54 1148 1.98926
5 133 1 10 97.0815 54 1890 0.432626
5 133 3 12 42.3127 54 5602 0.992609
5 134 1 10 72.234 54 896 0.581443
5 134 3 12 79.6675 54 6326 0.527191
5 134 5 14 20.4924 54 320.219 2.04954
5 135 1 10 41.6707 54 1290 1.0079
5 135 3 12 162.205 54 7658 0.258931
5 136 1 10 42.0771 54 1324 0.998167
5 136 3 12 48.3289 54 3929 0.869046
5 136 5 14 40.0943 54 49.5678 1.04753
5 136 8 17 6.48359 54 3 6.47789
5 137 1 10 43.0981 54 1465 0.974522
5 137 3 12 141.412 54 3520 0.297004
5 137 5 14 24.9878 54 68.2079 1.68082
5 137 8 17 2.76017 54 1 15.2164
5 138 1 10 77.5926 54 1128 0.541289
5 138 3 12 57.1067 54 6594 0.735466
5 138 5 14 19.0973 54 539.127 2.19927
5 138 6 15 10.8176 54 73.0001 3.88257
5 139 1 10 30.9316 54 1301 1.35783
5 139 3 12 141.398 54 9029 0.297033
5 140 1 10 115.096 54 1736 0.364913
5 140 3 12 68.4773 54 6788 0.613342
5 141 1 10 74.4565 54 1326 0.564088
5 141 3 12 53.4956 54 5030 0.785112
5 142 1 10 20.2312 54 1041 2.076
5 142 3 12 141.985 54 6059 0.295805
5 142 6 15 22.3038 54 30 1.88309
5 143 1 10 75.2828 54 988 0.557897
5 143 3 12 64.2505 54 6914 0.653692
5 144 1 10 113.488 54 1290 0.370084
5 144 3 12 45.295 54 4145 0.927255
5 144 8 17 0.207671 54 1 202.243
5 145 1 10 57.182 54 1322 0.734496
5 145 3 12 58.5737 54 4153 0.717046
5 145 8 17 2.62039 54 1 16.0281
5 146 1 10 60.6247 54 890 0.692787
5 146 3 12 66.6693 54 6133 0.629975
5 147 1 10 28.3696 54 999 1.48046
5 147 3 12 74.9761 54 6221 0.560178
5 148 1 10 63.2979 54 1010 0.66353
5 148 3 12 57.8128 54 6611 0.726482
5 149 1 10 68.3673 54 2559 0.614329
5 149 3 12 35.4311 54 4645 1.1854
5 150 1 10 159.69 54 1636 0.263009
5 150 3 12 82.2617 54 5894 0.510566
5 151 1 10 64.6544 54 1911 0.649607
5 151 3 12 72.7637 54 1709 0.57721
5 152 1 10 57.6435 54 4312 0.728616
5 152 3 12 31.1398 54 3296 1.34876
5 153 1 10 22.9511 54 2421 1.82998
5 153 2 11 53.4618 54 975 0.785607
5 153 3 12 28.9473 54 2524 1.45091
5 153 4 13 27.1532 54 5606 1.54678
5 153 5 15 129.732 54 62.4888 0.323744
5 153 6 16 2.11669 54 3 19.8423
5 154 1 10 83.8511 54 2489 0.500888
5 154 2 11 62.628 54 293 0.670626
5 154 3 12 21.0834 54 21104 1.99209
5 154 4 13 46.2288 54 1851 0.908524
5 154 5 14 36.783 54 1053.48 1.14183
5 155 1 10 56.3552 54 3306 0.745273
5 155 3 12 46.6687 54 31032 0.89996
5 155 4 13 109.283 54 8295 0.384322
5 156 1 10 84.2863 54 3691 0.498301
5 156 2 11 92.478 54 268 0.454162
5 156 3 12 63.5072 54 34152 0.661343
5 156 4 13 233.609 54 8919 0.179787
5 156 5 14 10.1336 54 85.652 4.14464
5 157 1 10 120.168 54 3345 0.349509
5 157 2 11 56.2206 54 2866 0.747057
5 157 3 12 83.5404 54 22897 0.502751
5 157 4 13 55.0477 54 2502 0.762974
5 158 1 10 113.731 54 4866 0.369294
5 158 2 11 143.551 54 1545 0.29258
5 158 3 12 47.4899 54 37681 0.884398
5 158 4 13 71.6992 54 1621 0.58578
5 159 1 10 72.7954 54 3866 0.576959
5 159 2 11 80.3758 54 1582 0.522545
5 159 3 12 41.3976 54 32308 1.01455
5 159 4 13 25.3128 54 919 1.65924
5 159 7 16 94.0919 54 2799 0.446372
5 160 1 10 55.7124 54 7075 0.753872
5 160 2 11 43.698 54 5331 0.961142
5 160 3 12 77.251 54 20662 0.543682
5 160 4 13 33.582 54 4080 1.25067
5 160 6 16 60.2063 54 4812 0.697602
5 161 1 10 52.0648 54 5141 0.806687
5 161 2 11 49.4632 54 1917 0.849116
5 161 3 12 53.1642 54 12789 0.790005
5 161 4 13 174.583 54 5219 0.240574
5 161 7 16 52.0683 54 6269 0.806633
5 161 8 17 9.32783 54 31 4.50265
5 162 1 10 104.462 54 6541 0.402061
5 162 2 11 36.6687 54 558 1.14539
5 162 3 12 40.6069 54 18112 1.03431
5 162 4 13 29.9031 54 186 1.40454
5 162 5 14 55.3863 54 591.123 0.758311
5 162 7 16 182.953 54 9903 0.229567
5 162 8 17 2.41122 54 1 17.4185
5 163 1 10 44.0496 54 12605 0.95347
5 163 2 11 71.5766 54 957 0.586784
5 163 3 12 58.1104 54 20045 0.722763
5 163 4 13 138.002 54 5901 0.304343
5 163 5 15 33.8426 54 154.059 1.24104
5 163 6 16 96.8137 54 10147 0.433823
5 164 1 10 33.2711 54 7879 1.26236
5 164 2 11 192.633 54 2298 0.218031
5 164 3 12 76.5775 54 35381 0.548464
5 164 4 13 138.704 54 1232 0.302804
5 164 5 14 14.9993 54 519.267 2.80013
5 164 7 16 215.652 54 10422 0.194758
5 165 1 10 19.4886 54 15651 2.15511
5 165 2 11 79.884 54 2755 0.525762
5 165 3 12 47.2932 54 61525 0.888076
5 165 4 13 155.948 54 2961 0.269321
5 165 5 15 38.874 54 39.9999 1.08041
5 165 6 16 179.142 54 9995 0.234451
5 166 1 10 36.6645 54 14364 1.14552
5 166 2 11 99.9487 54 1466 0.420216
5 166 3 12 55.4968 54 76078 0.7568
5 166 4 13 158.865 54 4054 0.264375
5 166 5 14 30.8997 54 1638.07 1.35924
5 166 6 15 65.2668 54 511 0.643512
5 166 7 16 132.001 54 11227 0.31818
5 166 8 17 14.4436 54 6 2.90787
5 167 1 10 31.9848 54 9812 1.31313
5 167 2 11 109.385 54 1039 0.383965
5 167 3 12 103.988 54 32022 0.403892
5 167 4 13 138.583 54 5964 0.303068
5 167 5 15 13.9015 54 139.238 3.02126
5 167 6 16 125.604 54 10684 0.334385
5 167 7 17 9.21541 54 13 4.55758
5 168 1 10 20.5045 54 11604 2.04833
5 168 2 11 64.3538 54 1254 0.652643
5 168 3 12 98.301 54 93684 0.427259
5 168 4 13 59.2353 54 116 0.709036
5 168 5 16 74.4421 54 11233 0.564197
5 168 6 17 3.23635 54 2 12.9776
5 169 1 10 83.4299 54 2634 0.503417
5 169 2 11 18.9521 54 440 2.21611
5 169 3 12 107.759 54 135502 0.389759
5 169 4 13 86.6476 54 7276 0.484722
5 169 5 14 31.6008 54 1000 1.32908
5 169 6 15 1.30135 54 84.169 32.2741
5 169 7 16 153.627 54 9564 0.27339
5 170 1 10 110.97 54 8805 0.378481
5 170 2 11 20.4197 54 386 2.05684
5 170 3 12 53.932 54 240907 0.778759
5 170 4 13 98.726 54 5821 0.42542
5 170 5 14 73.6975 54 2000 0.569897
5 170 6 15 64.2735 54 1797.25 0.653457
5 170 7 16 151.999 54 24913 0.276318
5 171 1 10 100.729 54 13650 0.416962
5 171 2 11 27.0832 54 392 1.55077
5 171 3 12 197.685 54 44365 0.212459
5 171 4 13 115.063 54 4294 0.365017
5 171 6 16 133.855 54 22787 0.313772
5 171 7 17 7.60356 54 2 5.52373
5 172 1 10 49.575 54 10851 0.847202
5 172 2 11 13.3199 54 331 3.15318
5 172 3 12 245.228 54 106916 0.171269
5 172 4 13 116.086 54 5155 0.3618
5 172 6 16 135.246 54 14841 0.310545
5 173 1 10 39.437 54 6151 1.06499
5 173 2 11 83.1012 54 427 0.505408
5 173 3 12 46.8298 54 131732 0.896864
5 173 4 13 45.7206 54 182 0.918623
5 173 7 17 7.38628 54 6 5.68622
5 174 1 10 158.05 54 6401 0.265739
5 174 2 11 43.0919 54 1373 0.974661
5 174 3 12 44.9722 54 123184 0.93391
5 174 4 13 98.3435 54 283 0.427075
5 174 5 14 21.6661 54 1278 1.93851
5 174 8 17 29.7552 54 9 1.41152
5 175 1 10 91.2561 54 9603 0.460243
5 175 2 11 69.2355 54 3251 0.606625
5 175 3 12 193.257 54 33421 0.217327
5 175 4 13 103.207 54 877 0.406948
5 175 6 17 30.5099 54 27 1.3766
5 176 1 10 166.753 54 1080 0.251869
5 176 2 11 98.1725 54 837 0.427818
5 176 3 12 80.9095 54 58244 0.519098
5 176 4 13 14.4549 54 88 2.90558
5 176 5 14 77.0979 54 1000 0.544762
5 176 7 17 7.6111 54 6 5.51826
5 177 1 10 86.6378 54 9584 0.484777
5 177 2 11 43.8463 54 365 0.957891
5 177 3 12 138.623 54 48012 0.302981
5 177 4 13 59.2211 54 2940 0.709207
5 177 6 16 136.507 54 25131 0.307676
5 178 1 10 156.571 54 9259 0.268248
5 178 2 11 23.858 54 279 1.76041
5 178 3 12 166.634 54 43453 0.25205
5 178 4 13 15.4697 54 53 2.71498
5 178 5 14 56.8284 54 1387.52 0.739067
5 178 7 16 115.287 54 27087 0.364309
5 179 1 10 72.7187 54 9165 0.577568
5 179 2 11 49.417 54 709 0.849909
5 179 3 12 266.988 54 35704 0.157311
5 179 5 14 7.73535 54 139.708 5.42962
5 179 6 15 78.5392 54 507.621 0.534765
5 179 7 16 139.564 54 23577 0.300937
5 179 8 17 2.45386e-05 54 19 1.71159e+06
5 180 1 10 100.131 54 9522 0.419451
5 180 2 11 155.793 54 532 0.269589
5 180 3 12 316.577 54 64491 0.132669
5 180 4 13 22.3356 54 441 1.88041
5 180 5 14 77.9726 54 1000 0.538651
5 180 7 16 124.086 54 22120 0.338474
5 180 8 17 13.8245 54 17 3.03808
5 181 1 10 216.868 54 8737 0.193666
5 181 2 11 38.5468 54 148 1.08958
5 181 3 12 387.871 54 46894 0.108283
5 181 4 13 121.775 54 3589 0.344899
5 181 5 14 86.6125 54 1276.68 0.484918
5 181 6 15 15.987 54 501.948 2.62713
5 181 7 16 87.6594 54 22321 0.479127
5 181 8 17 22.8188 54 41 1.84058
5 182 1 10 186.402 54 8898 0.225319
5 182 2 11 39.2599 54 624 1.06979
5 182 3 12 526.159 54 49205 0.0798237
5 182 4 13 130.081 54 5669 0.322875
5 182 5 14 22.9537 54 611.789 1.82977
5 182 6 15 55.7195 54 1000 0.753776
5 182 7 16 103.84 54 23832 0.40447
5 182 8 17 7.12194 54 28 5.89727
5 183 1 10 114.278 54 14967 0.367525
5 183 2 11 167.575 54 577 0.250634
5 183 3 12 61.0797 54 60411 0.687626
5 183 4 13 107.739 54 2636 0.389831
5 183 5 14 18.9217 54 275.066 2.21967
5 183 6 15 38.4491 54 1960 1.09235
5 183 7 16 91.8066 54 22259 0.457484
5 183 8 17 45.2327 54 26 0.928531
5 184 1 10 77.6967 54 13029 0.540564
5 184 2 11 58.2961 54 106 0.72046
5 184 3 12 103.26 54 139514 0.40674
5 184 4 13 52.5503 54 2612 0.799234
5 184 5 14 104.555 54 1630.28 0.401701
5 184 6 15 44.617 54 429.076 0.941345
5 184 7 16 86.858 54 21839 0.483548
5 185 1 10 122.516 54 10956 0.342814
5 185 2 11 205.394 54 839 0.204485
5 185 3 12 328.46 54 56723 0.127869
5 185 4 13 128.412 54 1054 0.327071
5 185 5 14 95.9678 54 1000 0.437647
5 185 6 15 43.5041 54 219.988 0.965425
5 185 8 17 6.48141 54 4 6.48007
5 186 1 10 214.443 54 9401 0.195856
5 186 2 11 93.5487 54 389 0.448964
5 186 3 12 239.533 54 66287 0.175342
5 186 4 13 79.6308 54 2236 0.527434
5 186 5 14 76.685 54 1468 0.547695
5 186 6 15 52.3142 54 2529.33 0.802842
5 186 8 17 3.0407 54 2 13.8126
5 187 1 10 154.819 54 17021 0.271284
5 187 2 11 213.02 54 467 0.197165
5 187 3 12 179.324 54 52164 0.234212
5 187 4 13 107.912 54 4321 0.389205
5 187 5 15 14.2314 54 105.702 2.95121
5 187 7 17 4.36773 54 1 9.61599
5 188 1 10 214.761 54 16407 0.195566
5 188 2 11 85.2637 54 290 0.49259
5 188 3 12 128.145 54 161620 0.327753
5 188 4 13 72.4149 54 2305 0.579991
5 188 5 14 89.0965 54 1080.52 0.471399
5 188 6 15 23.3858 54 388 1.79596
6 1 1 18 28.0745 54 4932 1.49602
6 1 2 21 2.97552 54 9 14.1152
6 2 1 18 24.8793 54 6171 1.68815
6 2 2 21 0.000650854 54 120 64530.6
6 3 1 18 46.0493 54 5603 0.912066
6 3 2 21 33.8947 54 162 1.23913
6 4 1 18 50.6622 54 1828 0.829021
6 4 4 21 34.2802 54 362 1.2252
6 5 4 21 4.37711 54 4 9.59537
6 6 4 21 21.799 54 25 1.92669
6 7 2 21 53.4606 54 513 0.785625
6 8 1 18 34.8171 54 1628 1.2063
6 8 4 21 44.0402 54 240 0.953673
6 9 1 18 20.6522 54 1513 2.03368
6 9 4 21 11.6382 54 24 3.60881
6 10 1 18 23.6579 54 2389 1.7753
6 10 2 21 14.5665 54 6 2.88333
6 11 1 18 21.7984 54 3614 1.92674
6 11 3 21 0.000668421 54 321 62834.6
6 12 1 18 18.0456 54 2312 2.32743
6 12 4 21 3.5041 54 262 11.986
6 13 1 18 39.4933 54 2156 1.06347
6 13 4 21 8.78586 54 11 4.78041
6 14 1 18 19.9327 54 4554 2.10709
6 14 3 21 32.4634 54 92 1.29376
6 15 1 18 24.5332 54 7052 1.71196
6 15 3 21 15.2268 54 65 2.7583
6 16 1 18 58.0219 54 1622 0.723865
6 16 4 21 11.6382 54 263 3.60882
6 17 1 18 59.11 54 8039 0.710539
6 17 4 21 4.72174 54 34 8.89502
6 18 1 18 40.6585 54 11963 1.033
6 19 1 18 21.0896 54 8039 1.9915
6 19 3 21 60.4128 54 106 0.695217
6 20 1 18 31.0913 54 7923 1.35086
6 20 4 21 48.592 54 149 0.864339
6 21 1 18 27.2202 54 5727 1.54297
6 21 4 21 2.70169 54 2 15.5458
6 22 1 18 21.3288 54 18621 1.96917
6 23 1 18 23.5075 54 42920 1.78667
6 23 4 21 30.8706 54 84 1.36052
6 24 1 18 32.9305 54 11949 1.27541
6 24 4 21 50.4034 54 60 0.833278
6 25 1 18 46.8464 54 5651 0.896547
6 26 1 18 35.9254 54 13722 1.16909
6 26 4 21 16.7015 54 32 2.51475
6 27 1 18 95.8556 54 19311 0.438159
6 27 3 21 10.5669 54 4 3.97466
6 28 1 18 64.0476 54 13526 0.655763
6 28 3 21 3.99408 54 17 10.5156
6 29 1 18 21.2513 54 2000 1.97635
6 30 1 18 34.9083 54 17499 1.20315
6 31 1 18 17.1487 54 6000 2.44916
6 32 1 18 28.3304 54 6336 1.48251
6 33 1 18 21.7168 54 3998 1.93398
6 34 1 18 68.9641 54 8708 0.609013
6 35 1 18 82.4408 54 6000 0.509456
6 36 1 18 80.3827 54 4002 0.5225
6 51 1 18 44.5606 54 1321 0.942538
6 52 1 18 23.5776 54 1350 1.78136
6 53 1 18 18.3897 54 945 2.28389
6 54 1 18 30.2181 54 2841 1.38989
6 55 1 18 47.1747 54 3193 0.890308
6 56 1 18 42.8508 54 2011 0.980146
6 58 1 18 65.1872 54 1994 0.644298
6 59 1 18 74.7753 54 422 0.561683
6 61 1 18 75.8431 54 641 0.553775
6 62 1 18 99.9373 54 998 0.420264
6 63 1 18 51.645 54 182 0.813245
6 67 1 18 37.3898 54 608 1.1233
6 68 1 18 36.4607 54 188 1.15192
6 68 2 19 58.3801 54 687 0.719423
6 68 3 20 76.0848 54 833 0.552015
6 69 1 18 264.925 54 2401 0.158535
6 69 2 19 41.7916 54 2598 1.00499
6 69 3 20 127.918 54 1680 0.328336
6 70 1 18 110.59 54 755 0.379782
6 70 2 19 32.6718 54 3232 1.28551
6 70 3 20 48.2081 54 1204 0.871223
6 71 1 18 25.423 54 5056 1.65204
6 71 3 20 38.4477 54 1795 1.09239
6 72 1 18 23.7767 54 596 1.76644
6 72 2 19 10.2547 54 408 4.09568
6 72 3 20 12.2316 54 2345 3.43372
6 73 1 18 89.6583 54 6884 0.468445
6 73 2 19 15.8677 54 244 2.64689
6 73 3 20 14.3117 54 187 2.93467
6 74 1 18 107.166 54 8659 0.391917
6 74 2 19 40.0868 54 457 1.04773
6 74 3 20 40.01 54 1056 1.04974
6 75 1 18 63.9139 54 50 0.657134
6 75 2 19 11.8039 54 50 3.55816
6 76 1 18 57.3885 54 2101 0.731854
6 76 3 20 70.8746 54 635 0.592596
6 77 1 18 93.6638 54 9794 0.448412
6 77 2 19 74.5846 54 1534 0.563119
6 77 3 20 83.7964 54 2658 0.501215
6 78 1 18 8.91999 54 4485 4.70852
6 78 2 19 57.9245 54 1193 0.725082
6 78 3 20 45.1329 54 1484 0.930586
6 79 1 18 23.2599 54 2523 1.80569
6 80 1 18 47.3453 54 6925 0.887099
6 80 3 20 16.2779 54 72 2.58019
6 81 1 18 70.112 54 783 0.599042
6 81 2 19 24.5974 54 271 1.7075
6 81 3 20 45.4066 54 226 0.924975
6 82 1 18 54.1988 54 2446 0.774925
6 83 1 18 15.5147 54 99 2.70711
6 84 1 18 43.313 54 1173 0.969686
6 85 2 19 28.9071 54 451 1.45293
6 85 3 20 39.3553 54 152 1.0672
6 87 3 20 43.4362 54 99.9998 0.966936
6 88 2 19 32.9616 54 472.805 1.27421
6 88 3 20 15.5785 54 249.615 2.69602
6 89 2 19 62.1179 54 535.445 0.676134
6 89 3 20 82.9175 54 166.957 0.506528
6 90 1 18 36.5099 54 38 1.15037
6 90 2 19 109.199 54 679.387 0.384619
6 91 1 18 48.9376 54 927 0.858236
6 91 2 19 2.68607 54 66.3381 15.6362
6 92 1 18 64.448 54 51 0.651689
6 93 1 18 29.5177 54 254 1.42287
6 93 2 19 21.6843 54 620 1.93688
6 93 3 20 9.65859 54 406 4.34846
6 94 1 18 48.7159 54 850 0.862141
6 94 2 19 43.7097 54 2188.42 0.960885
6 94 3 20 32.4062 54 1074 1.29605
6 95 2 19 43.851 54 1232 0.957789
6 95 3 20 1.36215 54 1211.82 30.8336
6 96 1 18 22.2082 54 1049 1.89119
6 96 2 19 17.2585 54 485.282 2.43358
6 96 3 20 26.3838 54 1096.2 1.59189
6 96 4 21 12.4386 54 6 3.3766
6 97 2 19 17.9777 54 1787.28 2.33623
6 97 3 20 11.9359 54 524 3.51881
6 98 1 18 42.5188 54 3397 0.987799
6 98 2 19 32.0521 54 737.792 1.31037
6 98 3 20 21.0546 54 825.838 1.99481
6 98 4 21 8.4369 54 21 4.97813
6 99 2 19 40.8145 54 1047.07 1.02905
6 99 3 20 27.9416 54 37.7751 1.50313
6 100 1 18 11.8722 54 121 3.53768
6 100 2 19 27.703 54 1351.26 1.51608
6 101 2 19 26.524 54 1761.99 1.58347
6 101 3 20 21.9642 54 1603.07 1.9122
6 101 4 21 15.9713 54 5 2.62972
6 102 2 19 38.6786 54 616.063 1.08587
6 103 2 19 42.0723 54 579.289 0.998283
6 104 2 19 24.3896 54 583.834 1.72205
6 104 3 20 11.0668 54 63.454 3.79513
6 104 4 21 5.48946 54 2 7.65103
6 105 2 19 46.4728 54 1073.68 0.903754
6 106 1 18 61.6879 54 1470 0.680846
6 106 2 19 69.553 54 3198.44 0.603856
6 106 3 20 46.2037 54 962.696 0.909017
6 107 1 18 91.3145 54 14620 0.459949
6 107 2 19 64.3932 54 847.895 0.652242
6 108 1 18 41.3566 54 2238 1.01556
6 108 2 19 38.0692 54 322.241 1.10325
6 109 2 19 43.0197 54 790.034 0.976298
6 109 3 20 42.1672 54 508.258 0.996036
6 110 1 18 61.7692 54 13270 0.67995
6 110 2 19 32.5954 54 1586.18 1.28852
6 110 3 20 22.7531 54 58.55 1.8459
6 111 2 19 32.8095 54 1047.24 1.28012
6 111 3 20 16.4763 54 37.0275 2.54912
6 112 1 18 55.879 54 3398 0.751624
6 112 2 19 7.02242 54 69.6155 5.98084
6 112 4 21 6.73458 54 2 6.23647
6 113 1 18 120.948 54 3384 0.347255
6 113 2 19 29.9548 54 2295.88 1.40211
6 113 3 20 33.1325 54 1323.83 1.26764
6 114 1 18 98.5621 54 3013 0.426127
6 114 2 19 50.1642 54 1826.58 0.837251
6 114 3 20 11.4252 54 1024.6 3.67608
6 114 4 21 25.203 54 29 1.66647
6 115 1 19 17.5052 54 105.274 2.39928
6 115 2 20 13.2349 54 327.704 3.17342
6 116 1 19 29.6813 54 122.88 1.41503
6 116 3 21 5.66875 54 2 7.40904
6 117 2 19 45.7744 54 944.658 0.917543
6 117 3 20 53.224 54 380.999 0.789118
6 118 2 19 81.3846 54 995.299 0.516068
6 118 4 21 12.0062 54 7 3.49819
6 119 2 19 79.3943 54 2139.63 0.529005
6 119 4 21 5.56713 54 6 7.54428
6 120 2 19 112.375 54 2379.96 0.373749
6 120 3 20 92.3361 54 2951.55 0.45486
6 120 4 21 8.07147 54 6 5.20351
6 121 1 18 116.252 54 4368 0.361285
6 121 2 19 51.1395 54 3748.78 0.821283
6 121 3 20 27.3882 54 384.839 1.5335
6 121 4 21 5.6108 54 2 7.48556
6 122 1 18 63.3868 54 16024 0.662598
6 122 2 19 75.0181 54 3453.88 0.559865
6 122 3 20 25.0143 54 1141.42 1.67904
6 122 4 21 23.9905 54 9 1.75069
6 123 1 18 47.5995 54 7216 0.882362
6 123 2 19 71.2076 54 3000 0.589825
6 123 3 20 18.07 54 630.412 2.32429
6 123 4 21 23.5909 54 16 1.78035
6 124 1 18 82.0194 54 9210 0.512074
6 124 2 19 116.414 54 4437.27 0.360782
6 124 3 20 45.5395 54 605.348 0.922277
6 124 4 21 85.0435 54 30 0.493865
6 125 1 18 41.6946 54 12042 1.00732
6 125 2 19 128.469 54 5283.51 0.326928
6 125 3 20 20.9679 54 2420.23 2.00306
6 125 4 21 1.52932 54 15 27.4632
6 126 1 18 93.4107 54 5489 0.449627
6 126 2 19 152.392 54 2788.3 0.275604
6 126 3 20 105.137 54 2152 0.39948
6 126 4 21 23.8448 54 13 1.76139
6 127 1 18 83.3199 54 20238 0.504082
6 127 2 19 25.5337 54 2174.77 1.64488
6 127 3 20 56.5259 54 199.336 0.743022
6 127 4 21 78.6602 54 34 0.533942
6 128 2 19 33.0733 54 1651.18 1.26991
6 128 3 20 43.0259 54 498.421 0.976156
6 128 4 21 7.35718e-05 54 54 570871
6 129 2 19 44.6211 54 4000 0.941259
6 129 3 20 15.1232 54 675.047 2.7772
6 129 4 21 7.90914 54 3 5.31031
6 130 2 19 53.3 54 3865.4 0.787993
6 130 3 20 4.8975 54 402.887 8.5758
6 130 4 21 22.3793 54 70 1.87673
6 131 2 19 82.6403 54 2947.03 0.508226
6 131 3 20 27.9065 54 819.233 1.50502
6 131 4 21 34.8633 54 43 1.20471
6 132 2 19 54.3823 54 4134.58 0.77231
6 132 3 20 32.0593 54 2486.48 1.31007
6 132 4 21 2.58259 54 6 16.2627
6 133 1 18 39.1906 54 784 1.07168
6 133 2 19 45.3983 54 3579.6 0.925145
6 133 3 20 47.5075 54 2168.15 0.884071
6 133 4 21 1.90715e-08 54 1 2.20224e+09
6 134 2 19 57.4956 54 4000 0.73049
6 134 3 20 42.1987 54 704.236 0.995292
6 134 4 21 3.81342 54 3 11.0137
6 135 2 19 105.67 54 3675.5 0.397463
6 135 3 20 56.7924 54 2143.76 0.739536
6 135 4 21 40.5594 54 105 1.03552
6 136 2 19 92.6151 54 4516.86 0.45349
6 136 3 20 23.3043 54 2764.69 1.80225
6 136 4 21 28.5176 54 77 1.47277
6 137 2 19 42.492 54 4954.12 0.988421
6 137 3 20 19.6068 54 2340.49 2.14211
6 137 4 21 1.41945 54 9 29.5889
6 138 2 19 131.151 54 4827.01 0.320242
6 138 3 20 43.8317 54 2978.39 0.958211
6 138 4 21 1.8513e-05 54 233 2.26868e+06
6 139 1 18 40.1738 54 3107 1.04546
6 139 2 19 43.6681 54 3000 0.961801
6 139 3 20 34.0724 54 550.041 1.23267
6 139 4 21 14.0337 54 4 2.99279
6 140 2 19 74.576 54 4128.69 0.563184
6 140 3 20 39.3028 54 2629.92 1.06863
6 140 4 21 59.7664 54 71 0.702736
6 141 2 19 87.5375 54 4231.28 0.479795
6 141 3 20 76.4632 54 3839.53 0.549283
6 141 4 21 25.5064 54 45 1.64665
6 142 2 19 55.8032 54 3561.66 0.752646
6 142 3 20 78.0713 54 3205.2 0.53797
6 142 4 21 44.6691 54 22 0.940247
6 143 2 19 61.0418 54 3637.14 0.688053
6 143 3 20 48.8296 54 1043.96 0.860135
6 144 2 19 140.767 54 3262 0.298366
6 144 3 20 74.203 54 2953.01 0.566015
6 144 4 21 3.42049 54 3 12.2789
6 145 2 19 93.9088 54 3488.12 0.447242
6 145 3 20 47.7534 54 2716.3 0.879519
6 146 2 19 88.937 54 4653.01 0.472244
6 146 3 20 94.9641 54 3565.18 0.442272
6 146 4 21 9.35603e-05 54 89 448908
6 147 2 19 62.23 54 3225.09 0.674916
6 147 3 20 11.0595 54 1001.38 3.79762
6 147 4 21 14.4281 54 10 2.91099
6 148 2 19 104.073 54 3999.04 0.403562
6 148 3 20 23.859 54 3119.29 1.76034
6 148 4 21 15.8122 54 24 2.65618
6 149 2 19 48.4349 54 4967.21 0.867143
6 149 3 20 90.2723 54 2584.74 0.465259
6 149 4 21 15.5209 54 26 2.70603
6 150 1 19 62.0709 54 4732.4 0.676645
6 150 2 20 45.6115 54 3480.33 0.920821
6 151 1 19 33.4641 54 3000 1.25508
6 151 2 20 13.794 54 1745.17 3.0448
6 151 3 21 13.2557 54 22 3.16845
6 152 1 19 66.4755 54 3761.93 0.631812
6 152 2 20 41.9021 54 2943.72 1.00234
6 152 3 21 19.2556 54 63 2.18118
6 153 1 19 83.7516 54 5208.12 0.501483
6 153 2 20 81.2874 54 5732.16 0.516685
6 153 3 21 7.33114 54 7 5.72899
6 154 1 19 97.7785 54 4114.28 0.429542
6 154 2 20 83.2202 54 4180.52 0.504685
6 155 1 19 75.8541 54 2513.3 0.553694
6 155 2 20 133.443 54 3979.96 0.314741
6 155 3 21 16.4244 54 27 2.55718
6 156 1 19 228.093 54 5959.58 0.184136
6 156 2 20 265.757 54 5935.76 0.158039
6 156 3 21 12.2415 54 29 3.43094
6 157 2 19 305.345 54 5593.17 0.137549
6 157 3 20 246.565 54 5211.89 0.170341
6 157 4 21 32.5904 54 71 1.28872
6 158 2 19 98.7904 54 5050.8 0.425143
6 158 3 20 87.2063 54 3447.67 0.481616
6 158 4 21 11.0041 54 22 3.81677
6 159 2 19 55.159 54 3988.31 0.761434
6 159 3 20 66.9746 54 3788.58 0.627103
6 159 4 21 6.57344e-05 54 32 638935
6 160 2 19 290.282 54 6950.19 0.144687
6 160 3 20 180.069 54 6812.19 0.233243
6 160 4 21 9.14464 54 127 4.59286
6 161 2 19 84.2551 54 5346.6 0.498486
6 161 3 20 216.02 54 5294.54 0.194427
6 161 4 21 27.7487 54 16 1.51359
6 162 2 19 112.352 54 5000 0.373824
6 162 3 20 85.5845 54 3641.54 0.490743
6 162 4 21 0.00438497 54 249 9578.18
6 163 2 19 374.34 54 4125.7 0.112197
6 163 3 20 140.785 54 3039.44 0.298328
6 163 4 21 20.1949 54 74 2.07973
6 164 2 19 102.481 54 5858.86 0.409832
6 164 3 20 110.914 54 6910.93 0.378672
6 164 4 21 22.1508 54 48 1.8961
6 165 2 19 223.157 54 5897.44 0.188208
6 165 3 20 82.2557 54 6180.41 0.510603
6 165 4 21 28.4235 54 17 1.47765
6 166 2 19 122.003 54 5175.96 0.344254
6 166 3 20 172.966 54 5347.97 0.242822
6 166 4 21 42.7794 54 38 0.98178
6 167 2 19 136.96 54 3098.1 0.306659
6 167 3 20 135.093 54 4184.01 0.310898
6 167 4 21 21.3584 54 17 1.96644
6 168 2 19 151.464 54 6301.58 0.277294
6 168 3 20 117.094 54 6070.58 0.358686
6 168 4 21 17.9983 54 24 2.33355
6 169 2 19 138.119 54 5502.62 0.304086
6 169 3 20 83.4769 54 4988.62 0.503133
6 169 4 21 6.26542 54 9 6.70346
6 170 1 19 156.152 54 4090.92 0.268969
6 170 2 20 64.0455 54 3892.31 0.655784
6 170 3 21 68.7633 54 106 0.610791
6 171 2 19 125.817 54 4086.56 0.333818
6 171 3 20 93.2618 54 3406.5 0.450345
6 171 4 21 30.1849 54 23 1.39143
6 172 1 19 88.0184 54 5781.62 0.477173
6 172 2 20 70.1027 54 5715.14 0.599121
6 172 3 21 0.778572 54 6 53.9449
6 173 2 19 66.2152 54 4789.42 0.634295
6 173 3 20 104.27 54 4321.26 0.402802
6 173 4 21 4.32822 54 11 9.70375
6 174 1 19 78.7476 54 3907.32 0.533349
6 174 2 20 53.8052 54 2761.29 0.780594
6 174 3 21 24.4367 54 42 1.71872
6 175 1 19 44.6865 54 4080.87 0.939881
6 175 2 20 77.5325 54 2345.61 0.541708
6 175 3 21 25.9431 54 21 1.61893
6 176 2 19 39.5244 54 5326.48 1.06263
6 176 3 20 23.9233 54 3275.48 1.75561
6 176 4 21 37.4079 54 200 1.12276
6 177 2 19 51.3679 54 5323.72 0.817631
6 177 3 20 19.8363 54 4772.61 2.11733
6 177 4 21 34.6825 54 59 1.21098
6 178 2 19 59.2273 54 4460.91 0.709132
6 178 3 20 98.7808 54 6490 0.425184
6 178 4 21 22.6197 54 75 1.85678
6 179 2 19 125.142 54 3658.27 0.335618
6 179 3 20 87.0794 54 3701.89 0.482319
6 179 4 21 42.3795 54 83 0.991044
6 180 2 19 157.055 54 5475.84 0.267422
6 180 3 20 249.398 54 6069.82 0.168406
6 180 4 21 46.0126 54 162 0.912793
6 181 2 19 185.535 54 5102.25 0.226373
6 181 3 20 256.749 54 5343.1 0.163584
6 181 4 21 0.00013004 54 59 322979
6 182 2 19 133.072 54 5054.68 0.315619
6 182 3 20 133.036 54 4633.23 0.315705
6 182 4 21 53.7717 54 226 0.781081
6 183 2 19 97.9044 54 3424.97 0.42899
6 183 3 20 102.039 54 3157.2 0.411606
6 183 4 21 27.9359 54 415 1.50344
6 184 2 19 190.93 54 4458.81 0.219975
6 184 3 20 194.186 54 6044.87 0.216288
6 184 4 21 4.25465 54 14 9.87154
6 185 2 19 219.912 54 5101.91 0.190985
6 185 3 20 78.3738 54 5263.77 0.535894
6 185 4 21 0.272958 54 12 153.87
6 186 2 19 145.274 54 3412.66 0.28911
6 186 3 20 109.54 54 2824.51 0.38342
6 186 4 21 23.0376 54 132 1.82311
6 187 2 19 169.491 54 1629.17 0.247801
6 187 3 20 168.622 54 2705.03 0.249077
6 187 4 21 12.2818 54 18 3.41969
6 188 2 19 89.2509 54 2372.39 0.470584
6 188 3 20 152.089 54 2733.06 0.276154
7 1 1 24 19.0168 54 1345 2.20857
7 1 3 27 56.1599 54 322 0.747864
7 2 1 24 6.84945 54 347 6.13188
7 2 2 27 35.9 54 23 1.16992
7 3 2 27 1.242 54 24 33.8163
7 4 1 24 14.7442 54 1968 2.84858
7 4 4 27 19.0564 54 80 2.20398
7 5 1 24 51.1672 54 1620 0.820839
7 5 4 27 7.88757 54 34 5.32483
7 6 1 24 21.8516 54 540 1.92206
7 6 4 27 48.7421 54 124 0.861679
7 7 1 24 18.251 54 1045 2.30125
7 7 2 27 29.3299 54 326 1.43199
7 8 1 24 12.8204 54 2775 3.27604
7 8 4 27 77.6256 54 630 0.541059
7 9 1 24 37.5022 54 1358 1.11994
7 9 4 27 82.0995 54 207 0.511575
7 10 2 27 27.8168 54 66 1.50988
7 11 1 24 11.4456 54 360 3.66954
7 11 4 27 17.6156 54 84 2.38425
7 12 1 24 10.395 54 30 4.04042
7 12 4 27 14.8165 54 147 2.83468
7 13 1 24 13.6415 54 230 3.07883
7 13 4 27 17.5972 54 52 2.38674
7 14 4 27 13.9389 54 50 3.01314
7 15 1 24 11.4321 54 654 3.67388
7 15 4 27 8.36731 54 23 5.01953
7 16 1 24 16.8906 54 878 2.48659
7 16 4 27 17.7461 54 124 2.36671
7 17 1 24 46.6531 54 1424 0.900261
7 17 4 27 26.2599 54 45 1.59939
7 18 1 24 106.429 54 419 0.394631
7 18 3 27 23.3374 54 40 1.79969
7 19 1 24 49.6864 54 492 0.845302
7 19 4 27 21.8807 54 13 1.9195
7 20 4 27 18.173 54 76 2.31112
7 21 1 24 27.2139 54 25 1.54333
7 21 4 27 12.112 54 8 3.46764
7 22 4 27 7.99605 54 31 5.25259
7 23 4 27 15.3214 54 11 2.74127
7 24 1 24 14.6139 54 3282 2.87398
7 24 4 27 2.84518 54 36 14.7618
7 25 1 24 19.5112 54 3138 2.15261
7 25 4 27 35.8095 54 18 1.17287
7 26 1 24 31.9131 54 612 1.31607
7 26 4 27 147.893 54 253 0.283989
7 27 1 24 19.7579 54 2025 2.12573
7 27 4 27 34.8433 54 83 1.2054
7 28 1 24 50.7734 54 4367 0.827205
7 28 4 27 32.4815 54 130 1.29304
7 29 1 24 42.5625 54 2511 0.986783
7 29 4 27 4.85252 54 7 8.6553
7 31 1 24 23.9105 54 626 1.75655
7 31 4 27 11.1748 54 26 3.75846
7 32 1 24 13.2978 54 3601 3.15843
7 32 4 27 20.9584 54 27 2.00397
7 33 1 24 82.9606 54 29 0.506264
7 33 4 27 12.9809 54 4 3.23552
7 34 1 24 71.6348 54 1352 0.586307
7 35 1 24 23.1027 54 3995 1.81797
7 35 4 27 19.9426 54 26 2.10605
7 36 1 24 11.8158 54 35 3.55457
7 36 4 27 25.0847 54 83 1.67433
7 37 1 24 3.29947 54 25 12.7293
7 39 4 27 12.6642 54 6 3.31643
7 44 1 24 11.8217 54 27 3.5528
7 49 1 24 10.899 54 23 3.85355
7 53 1 24 0.927123 54 55 45.3014
7 53 4 27 1.03207 54 1 40.695
7 55 1 24 9.17132 54 25 4.57949
7 56 1 24 18.4268 54 695 2.27929
7 57 1 24 100.751 54 492 0.416869
7 60 1 24 18.3972 54 205 2.28296
7 61 1 24 99.3584 54 717 0.422712
7 61 4 27 5.40854 54 2 7.7655
7 62 1 24 74.8185 54 289 0.561358
7 64 1 24 42.7077 54 190 0.983428
7 65 1 24 27.8736 54 380 1.5068
7 66 1 24 65.9925 54 800 0.636436
7 66 2 25 24.7228 54 271 1.69884
7 66 3 26 52.0183 54 768 0.807408
7 67 1 24 83.5161 54 384 0.502897
7 67 2 25 61.1216 54 1560 0.687154
7 67 3 26 149.89 54 2480 0.280206
7 67 4 27 13.3112 54 15 3.15524
7 68 1 24 69.3124 54 1058 0.605952
7 68 2 25 37.1646 54 996 1.13011
7 68 3 26 141.571 54 2119 0.29667
7 68 4 27 17.7488 54 6 2.36636
7 69 1 24 137.316 54 1836 0.305864
7 69 2 25 23.3829 54 994 1.79618
7 69 3 26 65.2968 54 357 0.643217
7 70 1 24 27.9615 54 175 1.50206
7 70 2 25 16.626 54 896 2.52616
7 70 3 26 32.5386 54 1414 1.29078
7 71 3 26 21.3092 54 429 1.97098
7 72 2 25 27.3617 54 829 1.53499
7 72 3 26 16.1579 54 1567 2.59935
7 73 1 24 28.2007 54 202 1.48933
7 73 2 25 27.5959 54 2993 1.52197
7 73 3 26 18.7081 54 563 2.24502
7 74 1 24 45.9241 54 2088 0.914552
7 74 2 25 45.3764 54 1702 0.925592
7 74 3 26 38.6839 54 301 1.08572
7 75 1 24 31.2904 54 3096 1.34226
7 75 2 25 32.968 54 493 1.27396
7 75 3 26 14.7204 54 72 2.85318
7 75 4 27 2.12276 54 1 19.7856
7 76 1 24 9.01439 54 6 4.65922
7 76 2 25 34.3565 54 648 1.22247
7 76 3 26 46.045 54 1163 0.912151
7 77 1 24 26.5257 54 1297 1.58337
7 77 2 25 79.9941 54 894 0.525039
7 77 3 26 94.6386 54 3477 0.443793
7 78 1 24 57.3591 54 2500 0.732229
7 78 2 25 41.3135 54 449 1.01662
7 78 3 26 46.8022 54 1040 0.897393
7 79 1 24 92.5276 54 5257 0.453919
7 79 2 25 16.6698 54 1012 2.51952
7 79 3 26 76.5882 54 897 0.548388
7 79 4 27 3.6106 54 1 11.6324
7 80 1 24 42.9293 54 243 0.978354
7 80 2 25 8.39395 54 825 5.0036
7 80 3 26 15.6225 54 897 2.68843
7 80 4 27 16.3556 54 4 2.56793
7 81 1 24 79.7969 54 551 0.526336
7 81 2 25 6.58937 54 292 6.37391
7 81 3 26 27.3435 54 769 1.53602
7 82 1 24 24.169 54 75 1.73776
7 82 4 27 2.25935 54 1 18.5894
7 83 1 24 19.8181 54 1962 2.11928
7 83 2 25 65.5446 54 2307 0.640785
7 83 3 26 33.1889 54 2044 1.26548
7 83 4 27 9.16225 54 3 4.58403
7 84 1 24 83.3509 54 799 0.503894
7 84 2 25 28.0808 54 2077 1.49568
7 84 3 26 29.0824 54 1719 1.44417
7 85 1 24 63.5019 54 311 0.661398
7 85 2 25 26.0135 54 708.479 1.61454
7 85 3 26 85.9437 54 745 0.488692
7 86 2 25 22.3204 54 1003.85 1.88168
7 86 3 26 30.2078 54 583.442 1.39037
7 86 4 27 15.6718 54 10 2.67998
7 87 2 25 21.0153 54 255.604 1.99854
7 87 3 26 60.8099 54 438.24 0.690677
7 87 4 27 4.24475 54 2 9.89457
7 88 1 24 4.64679 54 110 9.0385
7 88 2 25 62.1898 54 991.627 0.675352
7 88 3 26 67.9598 54 926.974 0.618012
7 89 1 24 16.5008 54 75 2.54533
7 89 2 25 109.732 54 5108.62 0.382751
7 89 3 26 73.0563 54 497 0.574899
7 89 4 27 1.25908 54 1 33.3576
7 90 2 25 114.63 54 1495 0.366396
7 90 3 26 116.589 54 329.295 0.360241
7 90 4 27 32.506 54 12 1.29207
7 91 1 24 31.1828 54 442 1.3469
7 91 2 25 11.4559 54 1138.65 3.66622
7 91 3 26 115.705 54 954.628 0.362992
7 91 4 27 63.5588 54 34 0.660805
7 92 1 24 18.1307 54 159 2.31651
7 92 2 25 12.4441 54 2336.89 3.37509
7 92 3 26 21.4383 54 519.123 1.95911
7 92 4 27 9.07076 54 4 4.63026
7 93 1 24 95.2313 54 171 0.441031
7 93 2 25 57.7385 54 1130.4 0.727418
7 93 3 26 0.32992 54 2065.77 127.303
7 94 1 24 194.218 54 101 0.216252
7 94 2 25 60.3953 54 2998.07 0.695418
7 94 3 26 107.502 54 2316.56 0.390689
7 94 4 27 35.7243 54 31 1.17567
7 95 2 25 34.704 54 1149.92 1.21023
7 95 3 26 54.5834 54 2433 0.769465
7 95 4 27 31.7102 54 36 1.3245
7 96 1 24 8.65725 54 20 4.85142
7 96 2 25 21.4663 54 864.706 1.95656
7 96 3 26 32.3274 54 4132 1.29921
7 96 4 27 31.7523 54 50 1.32274
7 97 1 24 23.5499 54 60 1.78345
7 97 2 25 53.2046 54 5218.62 0.789405
7 97 3 26 56.6547 54 3934.93 0.741333
7 97 4 27 1.56095 54 1 26.9067
7 98 1 24 126.457 54 221 0.332128
7 98 2 25 48.5091 54 1769.31 0.865816
7 98 3 26 43.6344 54 1757 0.962543
7 98 4 27 8.00779 54 5 5.24489
7 99 2 25 74.0773 54 2663.19 0.566975
7 99 3 26 41.7182 54 2340.91 1.00676
7 99 4 27 18.7923 54 33 2.23495
7 100 1 24 3.16006 54 20 13.2909
7 100 2 25 54.8144 54 2601.75 0.766222
7 100 3 26 58.7303 54 1157.84 0.715133
7 100 4 27 48.669 54 93 0.862973
7 101 1 24 40.9742 54 127 1.02503
7 101 2 25 120.918 54 3089.87 0.347344
7 101 3 26 58.4011 54 856.097 0.719164
7 101 4 27 17.5378 54 72 2.39483
7 102 2 25 58.1851 54 859.005 0.721835
7 102 3 26 18.6442 54 307.323 2.25271
7 102 4 27 23.261 54 33 1.8056
7 103 2 25 47.2242 54 319.048 0.889375
7 103 4 27 27.0602 54 18 1.5521
7 104 1 24 23.3087 54 171 1.80191
7 104 2 25 35.5494 54 1388.94 1.18146
7 104 3 26 30.3272 54 32.9999 1.38489
7 104 4 27 0.980881 54 4 42.8186
7 105 2 25 50.4812 54 3564.06 0.831992
7 105 3 26 84.4033 54 1133.86 0.497611
7 105 4 27 0.0427497 54 5 982.463
7 106 2 25 97.9092 54 4105.76 0.428969
7 106 3 26 58.3143 54 3370.62 0.720235
7 106 4 27 3.47314e-05 54 50 1.20928e+06
7 107 2 25 105.89 54 1510.7 0.396638
7 107 3 26 109.171 54 972.648 0.384716
7 107 4 27 18.5023 54 20 2.26999
7 108 1 24 10.4242 54 25 4.02907
7 108 2 25 102.908 54 2756.1 0.408131
7 108 3 26 76.7759 54 1883.87 0.547046
7 108 4 27 1.34722 54 4 31.1753
7 109 1 24 19.6204 54 1485 2.14063
7 109 2 25 60.0967 54 2861.61 0.698874
7 109 3 26 185.043 54 1320.81 0.226975
7 109 4 27 1.48547 54 2 28.2739
7 110 2 25 53.7847 54 3051.41 0.780891
7 110 3 26 2.4382 54 471.208 17.2259
7 110 4 27 13.1737 54 18 3.18818
7 111 2 25 27.2137 54 3757.86 1.54334
7 111 3 26 25.3252 54 1777.25 1.65843
7 111 4 27 12.6276 54 5 3.32604
7 112 1 24 41.9812 54 207 1.00045
7 112 2 25 42.8821 54 1158.59 0.979429
7 112 3 26 3.19394 54 2050.63 13.1499
7 112 4 27 21.6065 54 11 1.94386
7 113 1 24 19.176 54 2134 2.19024
7 113 2 25 118.056 54 3655.57 0.355763
7 113 3 26 74.4371 54 1898.43 0.564235
7 113 4 27 10.4131 54 6 4.03339
7 114 1 24 20.4005 54 40 2.05877
7 114 2 25 96.2616 54 4208.85 0.436311
7 114 3 26 44.9175 54 1677 0.935047
7 114 4 27 12.2378 54 4 3.43198
7 115 1 25 54.7923 54 1689.01 0.76653
7 115 2 26 67.8541 54 637.029 0.618975
7 115 3 27 34.7235 54 53 1.20955
7 116 2 25 65.1192 54 1798.13 0.644971
7 116 3 26 73.2836 54 1261.62 0.573116
7 116 4 27 24.8228 54 12 1.692
7 117 2 25 103.406 54 2890.21 0.406164
7 117 3 26 145.257 54 2566.56 0.289143
7 117 4 27 24.0923 54 19 1.7433
7 118 2 25 104.507 54 3547.26 0.401886
7 118 3 26 133.046 54 3016.77 0.315679
7 119 1 25 45.2506 54 1380.11 0.928163
7 119 2 26 80.0884 54 816.63 0.52442
7 119 3 27 24.9476 54 46 1.68353
7 120 2 25 25.1266 54 1484.91 1.67153
7 120 3 26 81.0902 54 555.694 0.517941
7 120 4 27 44.7354 54 36 0.938853
7 121 1 24 7.8015 54 380 5.38358
7 121 2 25 159.718 54 3420.93 0.262964
7 121 3 26 82.3904 54 1572.81 0.509768
7 121 4 27 61.6776 54 33 0.680961
7 122 1 24 7.30475 54 6 5.74968
7 122 2 25 74.824 54 1507.87 0.561317
7 122 3 26 42.1406 54 1271.79 0.996665
7 122 4 27 0.343952 54 26 122.11
7 123 2 25 70.9336 54 2923.99 0.592103
7 123 3 26 47.1306 54 568.736 0.891141
7 123 4 27 60.7321 54 53 0.691562
7 124 2 25 276.999 54 1603.97 0.151625
7 124 3 26 234.223 54 2764.12 0.179316
7 124 4 27 11.1539 54 52 3.7655
7 125 1 24 75.1606 54 2518 0.558803
7 125 2 25 173.58 54 3374.75 0.241963
7 125 3 26 215.115 54 3329.01 0.195244
7 125 4 27 5.6308e-05 54 290 745898
7 126 1 24 43.7093 54 3466 0.960893
7 126 2 25 92.9469 54 1882.13 0.451871
7 126 3 26 94.2648 54 2313.82 0.445553
7 126 4 27 116.816 54 73 0.35954
7 127 2 25 30.0231 54 2302.67 1.39892
7 127 3 26 49.2821 54 2274.82 0.852236
7 127 4 27 2.99996 54 6 14.0002
7 128 2 25 45.7918 54 1389.78 0.917195
7 128 3 26 36.3799 54 532.657 1.15449
7 128 4 27 4.41913 54 40 9.50413
7 129 1 24 39.9045 54 97 1.05251
7 129 2 25 35.7543 54 2737.52 1.17468
7 129 3 26 49.5038 54 1751.46 0.84842
7 129 4 27 16.2979 54 44 2.57703
7 130 2 25 53.1356 54 3842.75 0.790431
7 130 3 26 39.8339 54 4056.05 1.05438
7 130 4 27 39.908 54 80 1.05242
7 131 2 25 145.845 54 4673 0.287976
7 131 3 26 93.701 54 2021 0.448234
7 131 4 27 0.00272779 54 198 15397.1
7 132 2 25 200.544 54 6544.27 0.20943
7 132 3 26 146.387 54 2697.59 0.28691
7 132 4 27 57.1016 54 37 0.735531
7 133 1 24 73.417 54 1263 0.572074
7 133 2 25 92.7082 54 3162.58 0.453034
7 133 3 26 155.535 54 4051.43 0.270035
7 133 4 27 32.6978 54 59 1.28449
7 134 2 25 119.111 54 4969.41 0.352612
7 134 3 26 120.077 54 4078.81 0.349775
7 134 4 27 0.0361973 54 870 1160.31
7 135 2 25 91.3117 54 3827.76 0.459963
7 135 3 26 70.2727 54 3762.76 0.597671
7 135 4 27 68.9214 54 83 0.60939
7 136 2 25 140.844 54 5107.1 0.298202
7 136 3 26 92.4981 54 1569.72 0.454063
7 136 4 27 48.2322 54 77 0.870788
7 137 2 25 57.149 54 5907.93 0.734921
7 137 3 26 61.2419 54 2378.36 0.685804
7 137 4 27 80.1561 54 73 0.523978
7 138 2 25 129.598 54 6697.24 0.324078
7 138 3 26 109.267 54 4520.66 0.384378
7 138 4 27 0.000173099 54 108 242636
7 139 2 25 65.1642 54 2305.87 0.644525
7 139 3 26 64.6838 54 1398.61 0.649312
7 139 4 27 0.0082009 54 525 5121.39
7 140 1 24 3.95838 54 239 10.6104
7 140 2 25 106.595 54 5389.2 0.394014
7 140 3 26 45.9525 54 2125.14 0.913987
7 140 4 27 92.0045 54 169 0.456499
7 141 2 25 104.943 54 9052.2 0.400217
7 141 3 26 43.5549 54 3550.04 0.9643
7 141 4 27 22.6855 54 183 1.8514
7 142 2 25 87.0409 54 7702.18 0.482532
7 142 3 26 64.9659 54 4862.3 0.646493
7 142 4 27 0.000245389 54 49 171157
7 143 2 25 51.0928 54 3795.72 0.822033
7 143 3 26 76.6958 54 4844.64 0.547618
7 143 4 27 52.6345 54 88 0.797956
7 144 2 25 173.046 54 8442.57 0.24271
7 144 3 26 244.155 54 5727.26 0.172022
7 144 4 27 62.556 54 67 0.671398
7 145 2 25 154.463 54 9102.91 0.27191
7 145 3 26 160.658 54 4000.84 0.261426
7 145 4 27 62.0475 54 43 0.676901
7 146 2 25 94.9348 54 6620.91 0.442409
7 146 3 26 64.7793 54 3706.81 0.648355
7 146 4 27 8.00841 54 140 5.24448
7 147 2 25 90.4223 54 6599.04 0.464487
7 147 3 26 35.0195 54 3656.77 1.19933
7 147 4 27 10.301 54 343 4.07728
7 148 2 25 102.044 54 5961.81 0.411588
7 148 3 26 53.0886 54 2208.36 0.79113
7 148 4 27 59.5106 54 172 0.705757
7 149 2 25 85.6891 54 5444.18 0.490144
7 149 3 26 109.252 54 3733.77 0.384433
7 149 4 27 0.000908676 54 273 46221.1
7 150 2 25 95.8022 54 8675.98 0.438403
7 150 3 26 68.6867 54 7005.29 0.611473
7 150 4 27 21.3066 54 176 1.97122
7 151 2 25 126.346 54 5833.38 0.332419
7 151 3 26 136.685 54 5552.48 0.307277
7 151 4 27 8.18738 54 206 5.12984
7 152 2 25 149.257 54 6578.46 0.281394
7 152 3 26 53.9266 54 1478.57 0.778837
7 152 4 27 0.455448 54 24 92.2168
7 153 2 25 65.0306 54 9791.04 0.645849
7 153 3 26 111.991 54 8227.69 0.375029
7 153 4 27 23.9354 54 69 1.75473
7 154 2 25 35.3454 54 11676.3 1.18827
7 154 3 26 75.5452 54 12449.9 0.555958
7 154 4 27 33.3536 54 18 1.25923
7 155 1 25 12.3242 54 3103.43 3.40792
7 155 2 26 47.6488 54 10147.5 0.88145
7 155 3 27 16.8669 54 122 2.49009
7 156 2 25 99.964 54 14011.2 0.420151
7 156 3 26 68.9078 54 8600.41 0.60951
7 156 4 27 6.61843 54 20 6.34592
7 157 2 25 175.393 54 13918.5 0.239462
7 157 3 26 181.201 54 7651.18 0.231787
7 157 4 27 6.59841 54 5 6.36517
7 158 2 25 86.1607 54 13576.9 0.487461
7 158 3 26 49.7734 54 7490.41 0.843825
7 158 4 27 3.20734 54 10 13.095
7 159 2 25 24.6533 54 5298.67 1.70363
7 159 3 26 68.874 54 9867.98 0.60981
7 160 2 25 62.472 54 12636.1 0.672301
7 160 3 26 50.8567 54 7162.9 0.825851
7 160 4 27 0.0084988 54 393 4941.87
7 161 2 25 329.767 54 10949.2 0.127363
7 161 3 26 137.884 54 7971.38 0.304603
7 161 4 27 32.8293 54 37 1.27935
7 162 2 25 125.205 54 17265 0.335451
7 162 3 26 57.8247 54 9993.42 0.726333
7 162 4 27 0.00389843 54 193 10773.6
7 163 1 25 50.7538 54 6965.7 0.827525
7 163 2 26 119.539 54 5138.19 0.35135
7 163 3 27 0.00462987 54 308 9071.53
7 164 2 25 148.189 54 12145.3 0.283421
7 164 3 26 79.9095 54 7861.46 0.525595
7 164 4 27 3.77616 54 81 11.1224
7 165 2 25 283.427 54 11790 0.148186
7 165 3 26 75.6583 54 11336.1 0.555127
7 165 4 27 71.1238 54 93 0.59052
7 166 2 25 143.93 54 13063.8 0.291809
7 166 3 26 59.041 54 13092.2 0.71137
7 166 4 27 0.00846814 54 576 4959.77
7 167 2 25 93.7449 54 5407.31 0.448024
7 167 3 26 218.861 54 10068.9 0.191902
7 167 4 27 69.6882 54 25 0.602684
7 168 2 25 122.364 54 10500 0.343239
7 168 3 26 227.436 54 9811.34 0.184668
7 168 4 27 0.0158268 54 376 2653.73
7 169 2 25 202.708 54 11913.1 0.207195
7 169 3 26 87.7605 54 9061.35 0.478575
7 169 4 27 13.0307 54 278 3.22317
7 170 2 25 220.199 54 11921.7 0.190737
7 170 3 26 157.646 54 10182.9 0.26642
7 170 4 27 0.00518132 54 468 8106.04
7 171 2 25 67.5893 54 5593.99 0.6214
7 171 3 26 175.278 54 9733.32 0.239619
7 171 4 27 44.6437 54 298 0.940783
7 172 2 25 246.439 54 9859.74 0.170427
7 172 3 26 171.703 54 7247.14 0.244609
7 172 4 27 0.00136247 54 152 30826.3
7 173 2 25 172.169 54 11593.6 0.243946
7 173 3 26 62.6768 54 9966.52 0.670104
7 173 4 27 42.1116 54 55 0.997351
7 174 2 25 166.366 54 9355.71 0.252455
7 174 3 26 198.533 54 9327.86 0.211552
7 174 4 27 50.5021 54 131 0.831648
7 175 1 25 75.674 54 1355.31 0.555012
7 175 2 26 46.9751 54 8211.84 0.894091
7 175 3 27 19.5651 54 75 2.14668
7 176 2 25 65.9259 54 9262 0.637079
7 176 3 26 288.082 54 10714.3 0.145792
7 176 4 27 40.6585 54 149 1.033
7 177 2 25 49.568 54 10649.2 0.847321
7 177 3 26 131.224 54 12268.5 0.320063
7 177 4 27 20.2522 54 18 2.07385
7 178 2 25 91.6352 54 15459.7 0.458339
7 178 3 26 100.277 54 16272.8 0.41884
7 178 4 27 2.48439 54 2 16.9055
7 179 2 25 58.7941 54 3866.55 0.714357
7 179 3 26 81.9757 54 10166 0.512347
7 179 4 27 74.0813 54 138 0.566945
7 180 2 25 204.045 54 12704.7 0.205837
7 180 3 26 128.798 54 13658.2 0.326091
7 180 4 27 48.4022 54 81 0.867729
7 181 2 25 177.524 54 13424.5 0.236588
7 181 3 26 114.398 54 15552.3 0.367138
7 181 4 27 4.48461 54 2 9.36536
7 182 1 25 57.2674 54 15156.1 0.733402
7 182 2 26 40.2617 54 10432.4 1.04318
7 182 3 27 40.6443 54 66 1.03336
7 183 1 25 106.8 54 3755.43 0.393259
7 183 2 26 59.8353 54 10780.4 0.701926
7 183 3 27 32.2457 54 297 1.3025
7 184 2 25 171.54 54 11873.6 0.244842
7 184 3 26 159.306 54 7919.02 0.263644
7 184 4 27 0.000157512 54 126 266646
7 185 2 25 198.619 54 13192.4 0.21146
7 185 3 26 126.309 54 13219.4 0.332517
7 185 4 27 0.000454262 54 88 92457.6
7 186 2 25 139.846 54 12341.9 0.30033
7 186 3 26 72.6555 54 11408.3 0.578071
7 186 4 27 58.7491 54 197 0.714904
7 187 1 25 63.4856 54 3131.97 0.661568
7 187 2 26 60.2432 54 10577.6 0.697174
7 187 3 27 7.20198 54 81 5.83173
7 188 2 25 153.18 54 9478.26 0.274187
7 188 3 26 141.46 54 4923.4 0.296903
7 188 4 27 3.25726 54 61 12.8943
8 1 2 31 11.1892 54 398 3.75362
8 2 2 31 31.3125 54 1517 1.34132
8 3 2 31 0.00952562 54 996 4409.16
8 4 2 31 58.4792 54 125 0.718204
8 5 2 31 0.00132367 54 335 31729.9
8 6 1 31 63.8241 54 694 0.658059
8 7 2 31 0.00845927 54 900 4964.97
8 8 2 31 40.6128 54 485 1.03416
8 9 2 31 48.68 54 210 0.862778
8 10 1 28 56.8523 54 180 0.738756
8 10 2 31 66.0568 54 1173 0.635817
8 11 2 31 45.6972 54 801 0.919094
8 12 2 31 32.2189 54 77 1.30358
8 13 2 31 15.591 54 7 2.69387
8 14 2 31 10.7052 54 103 3.92331
8 15 1 28 24.2958 54 284 1.7287
8 15 2 31 32.8267 54 78 1.27945
8 17 1 28 34.4179 54 310 1.22029
8 17 2 31 61.275 54 154 0.685434
8 18 4 31 47.8137 54 319 0.87841
8 19 2 31 39.3386 54 758 1.06765
8 20 2 31 92.2134 54 131 0.455465
8 21 1 28 10.9752 54 30 3.82681
8 21 2 31 25.5182 54 193 1.64588
8 22 2 31 52.566 54 127 0.798995
8 23 2 31 95.4757 54 261 0.439903
8 24 1 28 9.52164 54 3 4.41101
8 24 2 31 64.5613 54 878 0.650544
8 25 1 28 28.4242 54 4714 1.47762
8 25 2 31 173.627 54 1386 0.241898
8 26 1 28 31.9759 54 24364 1.31349
8 26 2 31 50.8616 54 85 0.82577
8 27 1 28 23.2292 54 7520 1.80807
8 27 3 31 4.16656 54 66 10.0803
8 28 1 28 25.5583 54 2236 1.6433
8 28 2 31 41.4733 54 316 1.0127
8 29 1 28 25.5881 54 2885 1.64139
8 29 2 31 49.6482 54 288 0.845951
8 30 2 31 70.4118 54 192 0.596491
8 31 1 28 47.6566 54 1007 0.881305
8 31 2 31 41.3813 54 287 1.01495
8 32 1 28 35.1909 54 1173 1.19349
8 32 2 31 68.345 54 590 0.614529
8 33 1 28 45.1746 54 1761 0.929726
8 33 2 31 74.2853 54 193 0.565388
8 34 1 28 50.1839 54 15382 0.836923
8 35 1 28 7.47453 54 356 5.61908
8 35 2 31 43.7912 54 83 0.959097
8 36 1 28 1.20091 54 56 34.9734
8 36 2 31 35.7291 54 296 1.17551
8 37 2 31 18.69 54 71 2.2472
8 39 3 31 20.1096 54 103 2.08855
8 40 1 28 41.1122 54 205 1.02159
8 40 4 31 26.3276 54 284 1.59528
8 41 1 28 12.2907 54 8 3.41721
8 41 4 31 22.5412 54 168 1.86325
8 42 4 31 18.4722 54 22 2.27369
8 43 4 31 29.7751 54 84 1.41057
8 44 1 28 24.6816 54 40 1.70167
8 44 4 31 29.4401 54 524 1.42663
8 45 1 28 5.4481 54 46 7.70911
8 45 4 31 61.1638 54 240 0.686681
8 46 4 31 5.80659 54 11 7.23316
8 47 4 31 22.6143 54 40 1.85723
8 48 1 28 51.5407 54 47 0.81489
8 48 4 31 55.9356 54 979 0.750864
8 49 1 28 2.97972 54 51 14.0953
8 49 4 31 38.693 54 1037 1.08547
8 50 4 31 18.9787 54 5 2.213
8 51 4 31 25.7534 54 33 1.63085
8 52 1 28 22.3541 54 34 1.87885
8 52 4 31 48.2447 54 181 0.870562
8 53 4 31 54.5775 54 168 0.769548
8 54 4 31 34.4295 54 23 1.21988
8 55 4 31 37.3289 54 110 1.12513
8 56 1 28 10.1729 54 205 4.12862
8 56 4 31 96.2454 54 104 0.436385
8 57 4 31 85.3069 54 968 0.49234
8 58 4 31 4.06019 54 5 10.3443
8 59 4 31 75.1486 54 152 0.558892
8 60 1 28 44.4769 54 476 0.94431
8 60 4 31 62.9537 54 158 0.667157
8 61 1 28 31.0777 54 141 1.35145
8 61 4 31 57.3431 54 73 0.732433
8 62 1 28 15.2417 54 137 2.7556
8 62 4 31 84.5136 54 53 0.496962
8 63 4 31 11.9416 54 15 3.51711
8 64 4 31 35.2241 54 21 1.19237
8 65 4 31 46.9959 54 215 0.893695
8 66 1 28 19.5427 54 371 2.14914
8 66 2 29 33.4784 54 324 1.25454
8 66 3 30 27.5909 54 186 1.52224
8 67 4 31 24.9009 54 37 1.68669
8 68 1 28 8.95705 54 157 4.68904
8 68 4 31 34.7927 54 143 1.20715
8 69 4 31 31.1307 54 351 1.34915
8 70 4 31 17.7166 54 16 2.37066
8 71 4 31 26.7577 54 25 1.56964
8 72 1 28 28.2152 54 137 1.48856
8 72 2 29 6.53386 54 241 6.42805
8 72 3 30 16.7584 54 150 2.50621
8 72 4 31 43.8034 54 183 0.95883
8 73 2 29 36.8766 54 1796 1.13893
8 73 3 30 52.9845 54 1849 0.792685
8 73 4 31 28.2446 54 24 1.48701
8 74 2 29 36.3842 54 168 1.15435
8 74 3 30 55.7063 54 1652 0.753954
8 74 4 31 25.6053 54 19 1.64029
8 75 2 29 41.1628 54 1943 1.02034
8 75 3 30 44.7929 54 5116 0.937648
8 75 4 31 10.4342 54 5 4.02523
8 76 1 28 93.6537 54 921 0.448461
8 76 2 29 42.7397 54 1096 0.982692
8 76 3 30 129.939 54 6260 0.323228
8 76 4 31 134.45 54 137 0.312383
8 77 1 28 19.3143 54 8 2.17455
8 77 3 30 36.4893 54 82.5 1.15102
8 77 4 31 70.6269 54 793 0.594674
8 78 2 29 16.4705 54 50 2.55002
8 78 3 30 55.8402 54 2631 0.752147
8 79 1 28 31.8292 54 9065 1.31954
8 79 2 29 30.2948 54 86 1.38638
8 79 3 30 50.2791 54 4541 0.835338
8 79 4 31 25.7901 54 26 1.62853
8 80 1 28 31.872 54 346 1.31777
8 80 2 29 34.036 54 629 1.23399
8 80 3 30 40.1039 54 3988 1.04728
8 80 4 31 83.2335 54 127 0.504604
8 81 1 28 16.4082 54 3535 2.55969
8 81 2 29 46.6 54 3240 0.901287
8 81 3 30 43.5523 54 2855 0.964359
8 81 4 31 15.8403 54 19 2.65147
8 82 1 28 14.8284 54 2879 2.8324
8 82 2 29 41.1858 54 2631 1.01977
8 82 3 30 29.14 54 3579 1.44132
8 82 4 31 9.89338 54 9 4.24526
8 83 1 28 11.9449 54 655 3.51615
8 83 2 29 51.9286 54 1114 0.808803
8 83 3 30 34.5765 54 1269 1.2147
8 83 4 31 1.60021e-06 54 15 2.62466e+07
8 84 1 28 17.4745 54 100 2.4035
8 84 2 29 29.6377 54 1250 1.41711
8 84 3 30 42.6213 54 900 0.985422
8 84 4 31 21.3019 54 111 1.97166
8 85 2 29 26.3003 54 3006 1.59694
8 85 3 30 34.1816 54 1366 1.22873
8 85 4 31 23.7945 54 71 1.76511
8 86 2 29 21.7366 54 1527 1.93223
8 86 3 30 64.718 54 4683 0.648969
8 86 4 31 14.1426 54 11 2.96976
8 87 2 29 20.4075 54 3075 2.05806
8 87 3 30 35.3236 54 4635 1.18901
8 87 4 31 55.7246 54 26 0.753707
8 88 1 28 6.2034 54 60 6.77048
8 88 2 29 51.0969 54 1370 0.821968
8 88 3 30 24.3615 54 2638 1.72403
8 88 4 31 6.49579 54 60 6.46573
8 89 1 28 53.9925 54 297 0.777886
8 89 2 29 54.7549 54 3325.79 0.767055
8 89 3 30 62.297 54 1912 0.67419
8 89 4 31 8.83732 54 8 4.75257
8 90 1 28 45.7287 54 257 0.918461
8 90 2 29 32.7479 54 764 1.28252
8 90 3 30 62.687 54 4179 0.669995
8 91 2 29 46.039 54 582 0.912271
8 91 3 30 67.8775 54 4010 0.618762
8 92 1 28 60.5448 54 553 0.693701
8 92 2 29 32.2378 54 1623 1.30282
8 92 3 30 138.003 54 5898 0.304342
8 92 4 31 72.1023 54 167 0.582505
8 93 1 28 138.712 54 656 0.302785
8 93 2 29 63.2725 54 668 0.663796
8 93 3 30 97.9212 54 2243 0.428916
8 93 4 31 20.6013 54 155 2.03871
8 94 1 28 56.8674 54 413 0.738561
8 94 3 31 27.6283 54 20 1.52018
8 95 1 28 28.3781 54 51 1.48002
8 95 2 29 17.2773 54 70 2.43093
8 95 3 30 29.9973 54 150 1.40013
8 95 4 31 2.71373 54 1 15.4768
8 96 1 28 15.5157 54 180 2.70694
8 96 2 29 16.7984 54 82 2.50024
8 96 4 31 10.612 54 6 3.95777
8 97 2 29 26.5992 54 1686 1.579
8 97 3 30 20.1801 54 385 2.08126
8 97 4 31 1.11744 54 1 37.5859
8 98 1 28 49.3811 54 845 0.850528
8 98 2 29 51.8685 54 1135 0.809741
8 98 3 30 51.6389 54 2655 0.81334
8 98 4 31 30.5218 54 32 1.37607
8 99 1 28 86.5434 54 271 0.485306
8 99 2 29 32.8167 54 1757 1.27984
8 99 3 30 66.0602 54 3614 0.635783
8 99 4 31 3.01168 54 58 13.9457
8 100 1 28 24.5907 54 300 1.70796
8 100 2 29 44.7067 54 3307 0.939457
8 100 4 31 23.2803 54 27 1.8041
8 101 2 29 51.1759 54 3248 0.820699
8 101 3 30 9.61208 54 55 4.3695
8 101 4 31 5.79436 54 2 7.24843
8 102 2 29 32.9002 54 5388 1.27659
8 102 3 30 20.6145 54 1577 2.0374
8 102 4 31 27.7828 54 7 1.51172
8 103 2 29 18.6454 54 1750 2.25257
8 103 3 30 39.126 54 3660 1.07346
8 103 4 31 25.0906 54 41 1.67393
8 104 2 29 32.0825 54 1670.94 1.30913
8 104 3 30 18.4392 54 175 2.27775
8 104 4 31 2.15519 54 4 19.4879
8 105 2 29 49.3175 54 6393 0.851625
8 105 3 30 16.9777 54 219.685 2.47384
8 106 2 29 31.2308 54 5246.55 1.34483
8 106 3 30 66.9645 54 788.062 0.627198
8 106 4 31 4.47766 54 5 9.3799
8 107 2 29 51.0375 54 6318.22 0.822924
8 107 3 30 45.4011 54 5854.41 0.925088
8 107 4 31 5.75531 54 4 7.29761
8 108 1 28 13.6751 54 50 3.07127
8 108 2 29 55.8488 54 6036.8 0.75203
8 108 3 30 64.1128 54 2544 0.655095
8 108 4 31 13.1601 54 110 3.19148
8 109 1 28 45.4541 54 548 0.92401
8 109 2 29 55.7428 54 5739.48 0.753461
8 109 3 30 17.9762 54 69 2.33642
8 109 4 31 12.8497 54 107 3.26857
8 110 2 29 30.8957 54 8470.21 1.35941
8 110 4 31 176.045 54 87 0.238576
8 111 2 29 25.3756 54 8208.14 1.65513
8 111 4 31 14.8296 54 49 2.83217
8 112 1 28 28.593 54 765 1.46889
8 112 2 29 26.6703 54 5583.05 1.57479
8 112 3 30 3.5506 54 280.802 11.829
8 112 4 31 23.3012 54 9 1.80248
8 113 2 29 116.009 54 8509.18 0.36204
8 113 3 30 43.2004 54 443.825 0.972214
8 113 4 31 22.2555 54 14 1.88717
8 114 2 29 35.9205 54 8426.35 1.16925
8 114 3 30 30.3433 54 335 1.38416
8 114 4 31 32.2612 54 30 1.30187
8 115 2 29 84.7587 54 8858.42 0.495524
8 115 3 30 43.3166 54 2637.78 0.969605
8 115 4 31 29.4454 54 65 1.42637
8 116 1 28 41.9581 54 58 1.001
8 116 2 29 70.1771 54 5049.14 0.598485
8 116 3 30 25.5179 54 945.806 1.6459
8 116 4 31 24.2759 54 63 1.73011
8 117 2 29 43.0138 54 4125.88 0.97643
8 117 3 30 12.1587 54 67 3.45433
8 117 4 31 37.641 54 69 1.1158
8 118 2 29 74.4465 54 4883.05 0.564163
8 118 3 30 134.09 54 3155.87 0.313222
8 118 4 31 99.2966 54 94 0.422975
8 119 2 29 88.8743 54 6853.64 0.472577
8 119 3 30 147.836 54 3676.13 0.284099
8 119 4 31 28.6267 54 229 1.46716
8 120 1 28 8.57796 54 54 4.89627
8 120 2 29 166.31 54 5362.6 0.25254
8 120 3 30 60.1069 54 752 0.698756
8 120 4 31 36.5256 54 65 1.14988
8 121 2 29 171.442 54 6169.53 0.244981
8 121 3 30 35.1489 54 3125.3 1.19492
8 121 4 31 0.000810083 54 509 51846.5
8 122 2 29 65.1204 54 4266.49 0.644959
8 122 3 30 37.8321 54 5594.71 1.11017
8 122 4 31 0.0848606 54 1998 494.929
8 123 2 29 101.983 54 1392.32 0.411834
8 123 3 30 39.5904 54 5295.14 1.06086
8 123 4 31 106.846 54 3617 0.393089
8 124 1 28 32.4393 54 75 1.29473
8 124 2 29 159.946 54 1048.08 0.262589
8 124 3 30 68.3924 54 5271.49 0.614104
8 124 4 31 0.00562346 54 2075 7468.71
8 125 4 31 168.322 54 1166 0.249522
8 126 3 31 143.626 54 2107 0.292427
8 127 1 29 37.1481 54 1271.68 1.13061
8 127 3 31 367.55 54 2298 0.11427
8 128 2 29 67.2133 54 4164.44 0.624876
8 128 3 30 30.9697 54 1317 1.35616
8 128 4 31 118.852 54 649 0.353381
8 129 2 29 81.4028 54 3050.49 0.515953
8 129 3 30 31.3787 54 635.023 1.33849
8 129 4 31 0.0274677 54 1197 1529.07
8 130 2 29 45.8915 54 4267.5 0.915202
8 130 3 30 15.4694 54 2716.11 2.71504
8 130 4 31 0.018633 54 1108 2254.06
8 131 1 29 85.2637 54 3217.4 0.49259
8 131 2 30 108.711 54 1275 0.386346
8 131 3 31 0.0346115 54 3233 1213.47
8 132 2 29 49.8333 54 1848.44 0.842809
8 132 3 30 52.8096 54 463 0.79531
8 132 4 31 0.0072533 54 673 5790.47
8 133 2 29 9.58762 54 2144.41 4.38065
8 133 3 30 50.055 54 671 0.839077
8 133 4 31 117.693 54 359 0.356862
8 134 2 29 94.2529 54 2022.88 0.44561
8 134 3 30 95.561 54 2165.67 0.43951
8 134 4 31 0.0695318 54 2521 604.04
8 135 1 29 65.0618 54 2197.53 0.64554
8 135 2 30 194.816 54 3693.73 0.215588
8 135 3 31 258.082 54 1422 0.162739
8 136 2 29 23.1609 54 1783.28 1.8134
8 136 3 30 154.311 54 5401.5 0.272178
8 136 4 31 74.1149 54 1021 0.566688
8 137 2 29 33.0492 54 309 1.27083
8 137 3 30 23.9653 54 52 1.75253
8 137 4 31 0.010974 54 900 3827.24
8 138 2 29 126.144 54 3620.86 0.332952
8 138 4 31 194.719 54 2822 0.215696
8 139 1 29 78.077 54 5414.93 0.537931
8 139 2 30 137.532 54 2610.71 0.305383
8 139 3 31 138.351 54 3927 0.303576
8 140 1 29 140.336 54 7444.51 0.299282
8 140 2 30 72.5479 54 1096.2 0.578928
8 140 3 31 0.00107172 54 647 39189.2
8 141 2 29 25.2454 54 1865.35 1.66367
8 141 3 30 15.2392 54 129.083 2.75606
8 141 4 31 175.197 54 710 0.239729
8 142 2 29 117.792 54 6310.57 0.356561
8 142 3 30 45.0878 54 2010.38 0.931516
8 142 4 31 73.8433 54 1524 0.568772
8 143 1 29 87.0178 54 6610.51 0.48266
8 143 2 30 132.145 54 4502 0.317834
8 143 3 31 148.658 54 955 0.282528
8 144 2 29 91.2007 54 4550 0.460523
8 144 3 30 55.0303 54 3884 0.763216
8 144 4 31 183.756 54 777 0.228564
8 145 2 29 115.959 54 2809.96 0.362197
8 145 3 30 43.3207 54 1107.47 0.969514
8 145 4 31 148.231 54 499 0.283342
8 146 1 29 73.6164 54 8413.96 0.570525
8 146 2 30 78.9496 54 3773.08 0.531985
8 146 3 31 44.7868 54 872 0.937776
8 147 1 29 59.8399 54 3661.7 0.701873
8 147 2 30 104.924 54 3284.95 0.400289
8 147 3 31 22.3734 54 1447 1.87723
8 148 2 29 186.904 54 6341.68 0.224715
8 148 3 30 65.1517 54 3233.36 0.64465
8 148 4 31 50.3176 54 746 0.834698
8 149 2 29 128.774 54 5725.53 0.326153
8 149 3 30 39.2997 54 489.906 1.06871
8 149 4 31 58.598 54 378 0.716748
8 150 2 29 100.653 54 8816.42 0.417277
8 150 3 30 39.3017 54 2988.54 1.06866
8 150 4 31 113.347 54 2057 0.370544
8 151 2 29 90.222 54 7706.29 0.465518
8 151 3 30 537.797 54 9967.38 0.0780964
8 151 4 31 0.235132 54 3591 178.623
8 152 2 29 211.532 54 9598.51 0.198552
8 152 3 30 295.334 54 5869.61 0.142212
8 152 4 31 136.026 54 2042 0.308765
8 153 2 29 205.307 54 15411 0.204572
8 153 3 30 103.694 54 9741.19 0.405036
8 153 4 31 88.9118 54 855 0.472378
8 154 1 29 179.542 54 8803.33 0.233929
8 154 2 30 8.24112 54 8242.96 5.09639
8 154 3 31 202.517 54 2502 0.20739
8 155 2 30 58.002 54 8077.36 0.724112
8 155 3 31 238.288 54 2370 0.176257
8 156 2 29 123.406 54 10095.4 0.34034
8 156 3 30 73.0295 54 6163 0.57511
8 156 4 31 162.419 54 2465 0.258591
8 157 2 29 254.141 54 12535.8 0.165262
8 157 3 30 46.4031 54 465 0.905111
8 157 4 31 82.0869 54 2603 0.511653
8 158 2 29 110.202 54 22550.9 0.38112
8 158 3 30 16.0852 54 397.087 2.61109
8 158 4 31 0.0113544 54 2155 3699.01
8 159 1 29 18.1043 54 308.068 2.3199
8 159 2 30 27.3164 54 2315.69 1.53754
8 159 3 31 209.057 54 1349 0.200902
8 160 2 29 37.1871 54 13473.2 1.12942
8 160 3 30 28.5981 54 7541.16 1.46863
8 160 4 31 25.5608 54 780 1.64314
8 161 2 29 79.44 54 13969.8 0.528701
8 161 3 30 82.0133 54 9822.73 0.512112
8 161 4 31 67.619 54 317 0.621127
8 162 1 29 92.6507 54 18282.1 0.453315
8 162 2 30 104.666 54 11579.5 0.401278
8 162 3 31 60.3419 54 420 0.696034
8 163 1 29 44.8806 54 3267.9 0.935817
8 163 2 30 81.6448 54 15021 0.514423
8 163 3 31 148.317 54 453 0.283177
8 164 2 29 201.261 54 14673.8 0.208684
8 164 3 30 217.626 54 7390.17 0.192991
8 164 4 31 0.0836056 54 2244 502.359
8 165 2 29 67.1299 54 15849.6 0.625653
8 165 3 30 123.538 54 1634.68 0.339976
8 165 4 31 0.000489832 54 681 85743.7
8 166 2 29 170.165 54 11372.6 0.246819
8 166 3 30 147.25 54 5219.65 0.285229
8 166 4 31 273.429 54 1424 0.153605
8 167 2 29 61.3857 54 2653.12 0.684199
8 167 3 30 30.0693 54 12221.4 1.39677
8 167 4 31 98.1457 54 1076 0.427935
8 168 2 29 57.1558 54 17007.1 0.734833
8 168 3 30 174.579 54 10654.8 0.240578
8 168 4 31 201.512 54 1082 0.208424
8 169 2 29 115.668 54 20371.6 0.363109
8 169 3 30 137.199 54 9879.64 0.306126
8 169 4 31 124.552 54 291 0.337209
8 170 2 29 179.646 54 20714.6 0.233793
8 170 3 30 176.024 54 10414.4 0.238603
8 170 4 31 0.00396 54 1074 10606.1
8 171 2 29 122.421 54 6015.41 0.343079
8 171 3 30 95.9765 54 17709 0.437607
8 171 4 31 0.0568589 54 3535 738.671
8 172 2 29 154.79 54 16758.6 0.271336
8 172 3 30 88.0362 54 18353.5 0.477076
8 172 4 31 79.0275 54 1205 0.53146
8 173 2 29 170.942 54 21563.7 0.245698
8 173 3 30 24.0552 54 14876.8 1.74598
8 173 4 31 56.9459 54 496 0.737542
8 174 2 29 187.964 54 19494.1 0.223447
8 174 3 30 48.36 54 15075.7 0.868486
8 174 4 31 189.108 54 2648 0.222095
8 175 1 29 98.4634 54 8391.33 0.426554
8 175 2 30 214.361 54 20375 0.195931
8 175 3 31 71.8294 54 999 0.584719
8 176 2 29 92.7844 54 22358.5 0.452662
8 176 3 30 63.0134 54 20914.7 0.666525
8 176 4 31 0.0577641 54 2715 727.095
8 177 2 29 69.0527 54 19338.8 0.608231
8 177 3 30 87.3325 54 11623.9 0.480921
8 177 4 31 50.8465 54 1175 0.826015
8 178 1 29 220.178 54 23115.1 0.190755
8 178 2 30 69.4323 54 12713 0.604906
8 178 3 31 176.808 54 1780 0.237546
8 179 1 29 118.094 54 4536.64 0.355648
8 179 2 30 52.2968 54 11720.5 0.803108
8 179 3 31 0.0122325 54 1905 3433.48
8 180 2 29 364.145 54 23938.1 0.115339
8 180 3 30 67.9092 54 7359.08 0.618473
8 180 4 31 1.69999e-05 54 1392 2.47061e+06
8 181 2 29 166.069 54 23157.7 0.252906
8 181 3 30 127.242 54 4587 0.33008
8 181 4 31 5.10599e-05 54 406 822563
8 182 1 29 247.543 54 20944 0.169668
8 182 2 30 41.1674 54 8286.79 1.02023
8 182 3 31 115.864 54 1159 0.362494
8 183 1 29 118.999 54 9289.17 0.352944
8 183 2 30 84.5129 54 9372.63 0.496966
8 183 3 31 51.84 54 1528 0.810185
8 184 2 29 130.092 54 15218.2 0.322848
8 184 3 30 67.0983 54 6362.4 0.625947
8 184 4 31 0.00768385 54 1029 5466.01
8 185 2 29 130.429 54 20837.9 0.322015
8 185 3 30 63.632 54 5508.26 0.660046
8 185 4 31 264.649 54 1170 0.158701
8 186 2 29 215.635 54 19978.4 0.194774
8 186 3 30 46.1052 54 8434.86 0.910961
8 186 4 31 40.0083 54 1132 1.04978
8 187 1 29 64.4327 54 6973.46 0.651843
8 187 2 30 18.6564 54 13774.6 2.25123
8 187 3 31 0.0889091 54 1665 472.393
8 188 1 29 164.905 54 25815.1 0.254692
8 188 2 30 200.055 54 9103.48 0.209942
8 188 3 31 0.133088 54 1957 315.581
