234941 234941 0.000161307 0.00174067 0.0167899 0.0215119 0.0151035 0.0114309 0.0103621 0.0101564 0.0102007 0.0102743 0.0102992 0.0102674 0.0102011 0.0101258 0.0100634 0.0100382  4.86594e+07 2.99354e+07 6.06309e+06 2.25655e+06 953215 440882 149772 123413 98652.4 61900.8 26236.2 19635.1 14516 8898.42 3928.07 882.49
6.60325e+06 6.60325e+06 0.00271577 0.028855 0.242229 0.2986 0.222225 0.173908 0.159235 0.156369 0.156941 0.157881 0.158112 0.157545 0.156507 0.155367 0.154438 0.154065  8.74374e+06 2.78179e+07 1.6465e+07 3.60033e+06 1.65948e+06 938162 511565 189108 152667 122675 78072.2 34163.8 24978.3 18215.5 11123.8 6328.66
1.99657e+06 1.99657e+06 0.002313 0.0246319 0.210959 0.261367 0.192909 0.150257 0.13739 0.13489 0.135406 0.136248 0.136471 0.135994 0.135102 0.134117 0.133312 0.132988  2.31544e+06 1.6209e+06 5.13367e+06 2.47484e+06 555701 319518 210248 122779 47091.6 36980.4 29205.7 18367 7985.14 5675.16 4064.39 3880.94
534870 534870 0.000954419 0.0102495 0.0945848 0.119668 0.0856278 0.0655051 0.0595691 0.0584208 0.0586624 0.0590627 0.0591877 0.0589956 0.0586117 0.058181 0.0578259 0.0576824  8.27888e+06 1.2226e+06 880684 2.34882e+06 1.16468e+06 317069 200399 134438 77409.6 28846.8 21883 16658.4 10107.6 4258.33 2953.22 4059.3
320458 320458 0.000382602 0.00412315 0.0392826 0.050154 0.035402 0.0268747 0.0243842 0.0239044 0.0240073 0.0241778 0.0242342 0.0241583 0.0240018 0.0238249 0.0236785 0.0236193  4.63805e+07 1.20799e+07 3.18632e+06 720875 1.40035e+06 791598 267849 202824 156617 98679.8 43190.8 32737.4 24474.2 15168.1 6775.48 11088.1
5.99009e+06 5.99009e+06 0.00344584 0.0364589 0.295198 0.360603 0.272333 0.214918 0.197255 0.193768 0.194417 0.195504 0.195733 0.195 0.193706 0.192299 0.191159 0.190702  8.42396e+07 3.03621e+07 9.48222e+06 2.78111e+06 640831 1.27195e+06 777683 293641 227927 180136 116122 52497.5 38651.1 28199.7 17372.2 20567.9
2.3934e+06 2.3934e+06 0.00269488 0.0286154 0.239049 0.293795 0.218947 0.171625 0.157294 0.154551 0.155172 0.156138 0.15639 0.155843 0.154824 0.153702 0.152785 0.152416  2.76703e+06 1.44474e+07 5.6337e+06 1.39555e+06 417906 121342 270353 174070 68096.8 51870 40292.5 25562.6 11406.7 8149.3 5822.25 7768.35
573264 573264 0.000448193 0.00482855 0.0458736 0.0585359 0.0413713 0.0314238 0.0285132 0.0279501 0.028068 0.0282655 0.0283302 0.0282408 0.0280576 0.0278508 0.0276797 0.0276105  4.9336e+07 1.45998e+06 7.79345e+06 2.41543e+06 604280 224829 72836.4 166312 105752 40204.5 29576.6 22138.8 13547.9 5857.41 4083.1 6682.24
167588 167588 0.000150752 0.00162723 0.0157345 0.0201849 0.0141592 0.0107082 0.00970369 0.00950939 0.00954993 0.00961826 0.00964118 0.00961122 0.00954895 0.00947841 0.00941997 0.00939632  1.93511e+07 1.99891e+07 626303 4.06088e+06 1.69022e+06 734382 351405 93029.4 177098 113719 48928.5 36606.5 27279.2 16888.5 7550.52 13795.9
8.55666e+06 8.55666e+06 0.00551253 0.0575949 0.420088 0.499524 0.392645 0.317534 0.293652 0.288897 0.289736 0.291111 0.291263 0.29008 0.288138 0.286075 0.284422 0.283763  3.3193e+07 1.29079e+07 1.20898e+07 471558 3.2154e+06 1.58568e+06 844613 433215 110660 198981 128272 57077.6 41749.8 30453.3 18727.3 23756.8
1.44057e+06 1.44057e+06 0.00301474 0.0319435 0.262025 0.320334 0.240444 0.18932 0.17377 0.170806 0.171495 0.172547 0.172813 0.172203 0.171077 0.16984 0.168832 0.168426  5.12088e+06 5.80358e+06 2.3216e+06 1.29058e+06 54485.2 474220 287620 172987 90528.1 22401 38638.9 24390 10748.6 7641.91 5463 7566.28
791565 791565 0.00136449 0.0146206 0.132205 0.166416 0.120129 0.0923312 0.0840657 0.0824511 0.0827715 0.0833133 0.0834727 0.0831925 0.0826479 0.082041 0.0815422 0.0813411  4.50668e+07 2.70055e+06 3.1142e+06 948599 526050 28109.3 275892 172071 102287 52014.9 12426.2 20646.2 12567.5 5365.32 3721.66 6226.41
182499 182499 0.000261395 0.00282 0.0271301 0.0347643 0.0244424 0.0185059 0.0167738 0.0164373 0.0165057 0.0166222 0.0166606 0.0166082 0.0165003 0.0163784 0.0162775 0.0162367  1.84541e+07 1.51687e+07 1.32879e+06 1.44494e+06 863263 657095 49179.9 372700 207080 141903 76244.4 17572.9 27288.6 16678.2 7400.38 13720.8
5.92751e+06 5.92751e+06 0.00474822 0.0498571 0.378628 0.455154 0.352482 0.28233 0.260259 0.255835 0.256578 0.257848 0.258027 0.256998 0.255277 0.253436 0.251956 0.251365  5.03477e+07 1.22214e+07 9.07453e+06 1.1332e+06 1.13509e+06 908410 728522 66316.3 436328 236892 170926 91754.7 20544.4 30622.6 18544.8 23623.3
1.48759e+06 1.48759e+06 0.00314993 0.0333618 0.272592 0.333202 0.250568 0.197412 0.181177 0.178041 0.178716 0.179781 0.180036 0.179388 0.178209 0.176919 0.175869 0.175447  1.04511e+07 8.86032e+06 2.24944e+06 1.10815e+06 159149 181047 184512 152569 15004.3 91728.8 48268.9 34812.8 18231 3957.86 5748.33 7854.09
722623 722623 0.000812084 0.00873273 0.0815547 0.103651 0.0738174 0.0562838 0.0511134 0.0501001 0.0502963 0.0506355 0.0507407 0.0505747 0.0502443 0.0498739 0.0495685 0.0494452  1.64803e+08 5.51108e+06 4.74957e+06 909745 446923 81616.8 104858 109866 89737.4 8570.75 50564.4 25622.2 17816.5 9037.58 1914.12 6455.2
205167 205167 0.000176056 0.00190012 0.0183504 0.0235333 0.0165171 0.0124947 0.011323 0.0110961 0.0111431 0.0112226 0.0112492 0.0112141 0.0111415 0.0110591 0.010991 0.0109634  6.36862e+07 4.06215e+07 2.97093e+06 1.63549e+06 652772 421064 135087 124153 151944 116197 13265.7 68491.8 33303.3 24071.6 12423.8 11330.6
1.64477e+07 1.64477e+07 0.00868771 0.0887271 0.544751 0.618167 0.514322 0.433263 0.4068 0.402154 0.403737 0.405595 0.405708 0.404055 0.401432 0.398684 0.3965 0.395634  3.6575e+07 2.98205e+07 1.94706e+07 2.38179e+06 1.18224e+06 634117 465031 182825 140900 183401 134522 16491.1 77994.3 36944.6 26778.2 26327.9
3.61125e+06 3.61125e+06 0.00542413 0.0565322 0.404994 0.476488 0.376088 0.305947 0.283966 0.27999 0.281204 0.282797 0.283109 0.282061 0.280234 0.278261 0.276667 0.27603  8.28744e+07 6.83284e+06 4.92643e+06 1.24434e+06 176573 121682 89126.3 74855.5 32943.4 22414.5 29775.7 20833.8 2576.56 11584.7 5360.5 7697.78
909151 909151 0.000860782 0.00925256 0.0860897 0.109267 0.0779304 0.0594729 0.0540222 0.0529539 0.0531623 0.0535211 0.0536326 0.0534574 0.0531087 0.0527175 0.0523951 0.0522649  1.54012e+07 4.35274e+07 3.51919e+06 1.38556e+06 316609 65600.4 55390.9 42849.7 35804.9 15304.9 10028.6 12800.3 8620.3 1031.54 4522.37 5001.04
403990 403990 0.000237053 0.00255787 0.0246501 0.0316049 0.0222052 0.0168042 0.0152284 0.0149218 0.0149836 0.0150893 0.0151242 0.0150767 0.0149788 0.014868 0.0147764 0.0147394  1.37647e+07 8.71859e+06 1.18646e+07 1.58333e+06 925953 416470 192176 98825.6 80375.8 67040.8 33123 19547.1 25607 16791.8 2230.68 19130.1
1.02619e+07 1.02619e+07 0.00789913 0.081274 0.526352 0.607364 0.497597 0.413642 0.386075 0.380694 0.381774 0.383341 0.383343 0.381701 0.379155 0.376502 0.3744 0.373566  7.2419e+07 9.11647e+06 6.59631e+06 6.49694e+06 1.38373e+06 929332 481210 262249 127705 100271 83831.2 42469.9 23394.4 30362.5 19444.8 24811.4
1.37598e+06 1.37598e+06 0.00269009 0.0285915 0.240678 0.297023 0.220826 0.172658 0.158007 0.155122 0.155671 0.156596 0.156822 0.156258 0.155226 0.154095 0.153173 0.152803  9.74264e+07 1.27154e+07 1.60707e+06 605916 434592 181611 149567 83644.1 49180.6 22975.2 17303.1 14213.2 7145.39 3728.45 4786.35 6877.34
1.51098e+06 1.51098e+06 0.000961545 0.0103314 0.0957563 0.121463 0.0867877 0.0662896 0.060227 0.0590346 0.0592606 0.0596543 0.059774 0.0595761 0.0591861 0.0587498 0.0583907 0.0582457  1.84249e+08 5.14204e+07 6.87564e+06 703079 270272 239306 110911 93303.9 51439.1 29363.7 13241 9606.26 7610.05 3706.48 1887.01 5792.26
1.54351e+06 1.54351e+06 0.000658308 0.00708484 0.0666614 0.0848772 0.0602499 0.0458634 0.0416367 0.0408134 0.0409785 0.0412597 0.0413488 0.0412154 0.0409468 0.0406448 0.0403956 0.0402949  1.52074e+07 4.36622e+07 1.40077e+07 2.45976e+06 541844 361139 272557 182592 140857 76458.6 48472.1 21117.4 14941.9 11688.3 5759.38 11805.1
1.72071e+07 1.72071e+07 0.00762162 0.0786814 0.522139 0.607853 0.494546 0.408457 0.380045 0.374188 0.374971 0.376364 0.376279 0.374608 0.372067 0.369433 0.367351 0.366527  8.36402e+06 8.24148e+06 2.00118e+07 7.33242e+06 1.72679e+06 542560 427291 303553 236897 172138 90865.9 58893.5 24933.1 17001.3 13085.6 19552.2
2.30281e+06 2.30281e+06 0.00612959 0.0638673 0.455485 0.539735 0.428103 0.347733 0.321758 0.316387 0.317097 0.318428 0.318476 0.317118 0.314969 0.312712 0.310914 0.3102  5.07784e+07 1.54269e+06 1.40292e+06 1.55293e+06 541901 217482 91197.7 79863.2 54725.5 45191 31141.6 15773.1 10111.1 4139.4 2750.44 5229.78
2.0124e+06 2.0124e+06 0.00342648 0.0362585 0.293871 0.359074 0.271054 0.213821 0.196186 0.192685 0.193322 0.194402 0.194631 0.193904 0.192618 0.19122 0.190086 0.189632  1.37267e+08 2.66753e+07 794222 389939 397627 204891 100338 44122.2 38203.2 25305.4 20055.9 13249.3 6449.94 3997.5 1595.18 3015.66
1.10802e+06 1.10802e+06 0.000841424 0.00904745 0.0844214 0.107292 0.0764454 0.0582986 0.0529457 0.0518955 0.0520967 0.052446 0.0525534 0.0523806 0.0520379 0.0516541 0.0513378 0.0512101  5.40741e+07 3.51762e+07 7.07951e+06 584391 312160 369799 293713 156033 80887.9 68211.5 43228.1 38784.1 24718.9 11982.5 7626.79 8670.68
1.55148e+07 1.55148e+07 0.0084848 0.0872338 0.560884 0.649612 0.534732 0.444495 0.414121 0.407608 0.408178 0.409436 0.409166 0.407254 0.404457 0.401596 0.39935 0.398464  4.02656e+07 2.5709e+07 1.69097e+07 3.76072e+06 614117 324739 402546 353391 193146 102365 84631.1 51219.7 46894.9 28772.1 13696.7 18564.9
1.87181e+06 1.87181e+06 0.00283664 0.0301042 0.250252 0.307376 0.229572 0.180106 0.165055 0.162137 0.162752 0.163738 0.163985 0.163402 0.162329 0.161151 0.160191 0.159805  3.45184e+07 7.01087e+06 4.27007e+06 1.20741e+06 268306 91689.4 52056 68667.1 63039.1 34472.9 17886.8 14384 8316.85 7570.29 4516.24 4993.42
995379 995379 0.00104666 0.0112407 0.103743 0.131453 0.0940976 0.0719416 0.0653756 0.0640804 0.0643218 0.0647453 0.0648725 0.0646562 0.0642325 0.0637591 0.0633697 0.0632126  8.46599e+07 1.82111e+07 3.77692e+06 1.80744e+06 515428 143087 54667.6 31804.2 41408.7 36924 19493.1 9743.32 7556.25 4232.68 3759 4634.92
532704 532704 0.000414812 0.00447084 0.042636 0.0544932 0.0384582 0.0291796 0.0264647 0.0259366 0.0260435 0.0262254 0.0262846 0.0262011 0.0260308 0.0258386 0.0256798 0.0256155  5.36748e+07 2.66133e+07 6.00454e+06 1.3367e+06 907931 425321 202482 126747 53866.5 61069.4 59238.6 31027.2 16215.5 12186.6 6646.46 13585.9
1.52318e+07 1.52318e+07 0.00901578 0.0921994 0.570535 0.652508 0.542997 0.455785 0.426557 0.420696 0.421672 0.42316 0.422989 0.42109 0.41826 0.41535 0.41306 0.412155  2.36459e+07 2.82336e+07 1.49085e+07 3.8451e+06 989272 800536 440874 257247 176054 67980.4 73137.4 71518.6 36527.8 18991.8 13889.8 22785.7
1.42745e+06 1.42745e+06 0.00226809 0.0241333 0.205324 0.253282 0.18728 0.146212 0.133877 0.131552 0.132127 0.132996 0.133244 0.132797 0.131936 0.13098 0.130196 0.129881  994446 4.25909e+06 4.61619e+06 1.05211e+06 268749 112115 114997 70651 45972.3 31976.1 11384.7 11699 11260.7 5613.45 2865.94 5456.32
813058 813058 0.00124436 0.0133459 0.121682 0.153599 0.110506 0.0847464 0.077092 0.0755868 0.0758738 0.0763697 0.0765163 0.0762596 0.0757598 0.0752026 0.0747445 0.0745598  9.69656e+07 524943 2.30915e+06 2.07554e+06 481782 149948 69136.7 72518.6 44009.3 27854.6 18729 6430.24 6376.87 5948.77 2893.86 4208.41
492667 492667 0.000747168 0.00803681 0.0752455 0.0956722 0.0680562 0.0518672 0.0471032 0.0461745 0.0463599 0.046676 0.0467753 0.0466235 0.0463194 0.045978 0.0456964 0.0455826  1.26458e+07 2.56846e+07 246962 1.32282e+06 1.13163e+06 504421 219059 108836 99042.7 63605.2 46009.7 32206.9 10907 10063.2 9620.14 11274.9
6.58539e+06 6.58539e+06 0.00504754 0.0524236 0.366527 0.423762 0.335886 0.275797 0.257744 0.255284 0.257136 0.259073 0.259662 0.258886 0.257314 0.255556 0.254113 0.253531  1.8674e+07 8.4437e+06 1.36264e+07 182995 1.11817e+06 956832 559321 276272 139611 117956 75198.2 55740 38474.7 12702 11295.8 23312.5
1.23237e+06 1.23237e+06 0.00331835 0.0351143 0.284721 0.347428 0.262086 0.206832 0.189891 0.186598 0.187283 0.188376 0.188628 0.187941 0.186704 0.185352 0.184254 0.183813  2.86481e+07 3.75495e+06 1.51153e+06 1.32851e+06 18109 158685 152275 106031 55657.1 28017 22456.6 13952.7 10254.1 6912.09 2217.93 5938.31
938592 938592 0.00148462 0.0158983 0.142981 0.179765 0.130071 0.100085 0.0911381 0.0893786 0.0897146 0.0902925 0.0904589 0.0901519 0.0895605 0.0889028 0.088363 0.0881454  1.38685e+08 1.51037e+07 2.00845e+06 598999 522862 9136.87 90786.8 89644.2 61652.5 31418.9 15257.5 11773.3 7051.3 5019.01 3300.46 3818.34
459160 459160 0.00043653 0.00470414 0.0447946 0.0572235 0.0404098 0.0306718 0.0278214 0.0272673 0.0273798 0.027571 0.0276332 0.0275454 0.0273664 0.0271644 0.0269975 0.0269299  2.14044e+07 3.36984e+07 4.02437e+06 1.10645e+06 513265 424922 18092.3 165631 114764 90259.6 48794.1 24531.9 17402.5 10609.7 7577.02 10838
1.1379e+07 1.1379e+07 0.00675897 0.070056 0.479796 0.561366 0.451268 0.370334 0.344144 0.338969 0.339933 0.341426 0.341506 0.340076 0.337802 0.335411 0.333507 0.332751  3.1234e+07 1.57949e+07 1.63393e+07 2.15722e+06 977233 538797 468400 24563.7 212451 129385 108333 59108.3 29217.8 19761.2 11905.3 20582.6
2.15154e+06 2.15154e+06 0.00429443 0.0452417 0.353021 0.427857 0.328037 0.260947 0.239906 0.235611 0.236244 0.237417 0.237592 0.236647 0.235057 0.233352 0.231979 0.231431  4.42465e+06 6.5118e+06 2.98117e+06 1.44902e+06 177077 139716 96025.3 89216.6 4955.2 41693.5 23218.8 19686.6 10551.9 5084.08 3331.5 5423.11
819371 819371 0.00144223 0.0154495 0.139353 0.175378 0.126747 0.0974508 0.0887128 0.0869906 0.0873149 0.0878771 0.0880391 0.0877403 0.0871645 0.086524 0.0859983 0.0857863  1.63766e+07 2.33051e+06 3.44537e+06 1.06573e+06 506034 82737.4 75482.1 53561.3 49082.9 2640.09 21379.7 11441.8 9340.4 4845.44 2276.77 3845.77
224765 224765 0.000358503 0.00386505 0.0369577 0.0472655 0.0333172 0.0252631 0.0229088 0.0224514 0.0225448 0.0227033 0.0227553 0.0226835 0.0225362 0.0223698 0.0222322 0.0221766  2.88656e+07 1.00578e+07 1.35772e+06 1.78536e+06 646999 358397 88490.7 120731 88197.3 71253.2 4570.49 35774.5 17084.2 14811.8 7813.86 9832.15
7.79126e+06 7.79126e+06 0.00704507 0.0729484 0.495541 0.579512 0.467479 0.384173 0.356989 0.351481 0.352336 0.353769 0.353776 0.352251 0.349876 0.347395 0.345426 0.344644  2.38545e+07 2.10454e+07 8.08272e+06 1.24322e+06 1.63525e+06 669620 390775 107282 157004 112847 88271.5 5859.33 43229.7 19522.1 17038.5 20215
1.5378e+06 1.5378e+06 0.00290869 0.0308218 0.25305 0.309031 0.231763 0.182506 0.167572 0.16477 0.165482 0.166534 0.166814 0.166241 0.165162 0.163971 0.162998 0.162606  5.52876e+06 4.52406e+06 3.93255e+06 853199 133490 236096 118530 73129.2 20609.5 30309.2 21151.6 15934.3 1034.9 7409.6 3222.24 6136.04
946523 946523 0.00145184 0.0155524 0.140275 0.17656 0.12761 0.0981135 0.0893143 0.0875783 0.0879025 0.0884666 0.0886285 0.0883269 0.0877468 0.0871018 0.0865725 0.0863592  1.36319e+08 2.91558e+06 2.4279e+06 1.61041e+06 347668 68717.9 137099 70831.5 43224.1 11844.5 16825.2 11314 8220.88 517.294 3613.68 4476.73
224471 224471 0.00021915 0.00236317 0.0226495 0.0289405 0.0203696 0.0154449 0.0140121 0.0137389 0.0138011 0.0139019 0.0139362 0.0138936 0.0138042 0.0137025 0.0136183 0.0135842  2.24348e+07 4.24109e+07 1.42895e+06 1.83958e+06 957491 423639 110128 204860 95617 57732.6 17670.5 26402.4 17529.4 12336.5 807.905 12191.3
1.43381e+07 1.43381e+07 0.00723167 0.0743076 0.477865 0.544931 0.445541 0.372113 0.349035 0.345473 0.347381 0.349437 0.349843 0.348588 0.346396 0.344033 0.342129 0.341368  1.54433e+07 1.45604e+07 2.29617e+07 1.14046e+06 1.66624e+06 989595 545238 152981 269216 120853 71652.2 21954.6 32134.6 20718.5 14262.5 14858.9
1.51198e+06 1.51198e+06 0.00278407 0.0294794 0.240728 0.292585 0.219644 0.173374 0.159469 0.156989 0.157792 0.158875 0.159194 0.158677 0.157665 0.156537 0.15561 0.155237  8.40909e+07 2.71513e+06 2.41373e+06 1.70896e+06 95955.4 197327 158743 100552 29139.8 49292 21311.3 12199.9 3643.58 5210.58 3285.91 4547.64
1.16223e+06 1.16223e+06 0.00127297 0.0136372 0.123157 0.154694 0.111659 0.0858924 0.0782585 0.0767959 0.0771243 0.0776502 0.0778124 0.0775595 0.0770565 0.0764927 0.0760283 0.0758409  9.58646e+07 4.43329e+07 1.45431e+06 974030 678566 48292.2 112668 93646 58822.8 16602.8 27156.5 11321 6253.32 1809.81 2525.5 3725.8
1.40029e+06 1.40029e+06 0.000832705 0.00895027 0.0832485 0.105595 0.0753138 0.0575004 0.0522552 0.0512382 0.0514486 0.0518007 0.0519113 0.0517433 0.0514064 0.0510281 0.050716 0.05059  1.67978e+07 2.30014e+07 1.13712e+07 1.08495e+06 616691 700773 90126.6 196998 136918 94818.1 27234.1 44001.8 17721.1 9731.65 2864.04 9821.16
8.32768e+06 8.32768e+06 0.00557163 0.057482 0.382397 0.434244 0.34928 0.290578 0.273278 0.271489 0.273869 0.276148 0.276904 0.276162 0.274549 0.272718 0.271205 0.270594  3.74873e+07 9.28513e+06 1.11346e+07 5.60056e+06 868138 551549 780653 122225 247886 172527 120273 33971.9 52817 20609.4 11146.7 14358
1.09627e+06 1.09627e+06 0.00295408 0.0312438 0.252666 0.30624 0.230761 0.182577 0.168066 0.165486 0.166333 0.167468 0.167797 0.16725 0.166183 0.164996 0.164022 0.16363  3.39759e+06 6.55241e+06 1.68673e+06 936549 386774 97700.9 82343.5 139353 23866.1 46481.6 32022.2 21897.2 6006.76 9046.28 3446.05 4200.03
754522 754522 0.00110519 0.011851 0.10794 0.135876 0.0977194 0.0750191 0.0683137 0.0670326 0.0673249 0.067791 0.0679379 0.06772 0.0672818 0.0667893 0.0663832 0.0662191  1.79509e+08 1.79072e+06 3.49972e+06 663246 359937 190291 54846.9 47846.3 80330.2 13398.7 25228.1 16755.3 11053.8 2938.16 4317.6 3581.62
378448 378448 0.000340333 0.00366658 0.0348532 0.0444109 0.0313655 0.0238333 0.0216385 0.0212216 0.021319 0.0214744 0.0215271 0.0214612 0.0213231 0.0211664 0.0210365 0.0209839  4.90598e+07 5.01376e+07 1.92361e+06 1.58375e+06 566491 386236 204532 99367.3 72104.5 129438 23027.4 41506.5 27336.7 18064.1 4683.81 12557.7
1.45764e+07 1.45764e+07 0.00548377 0.0569906 0.399704 0.465524 0.369546 0.302602 0.281946 0.278603 0.280155 0.281945 0.282379 0.281411 0.279636 0.277695 0.276118 0.275486  7.89171e+07 2.85733e+07 2.70092e+07 1.4828e+06 1.32381e+06 660054 472093 231721 115974 84554.6 157906 28722.4 48995.9 31864.3 20748.5 19463.7
2.10159e+06 2.10159e+06 0.00228531 0.0242927 0.205037 0.251883 0.186725 0.146154 0.134014 0.13179 0.132425 0.13333 0.1336 0.133165 0.13231 0.131356 0.130572 0.130256  5.31219e+06 1.36406e+07 4.85459e+06 2.62702e+06 132823 192772 128198 95600.6 44333.3 21709.3 15737.5 29471.9 5277.84 8685.02 5548.52 6902.61
1.03235e+06 1.03235e+06 0.00080871 0.00869082 0.0807222 0.10227 0.0729661 0.055738 0.0506702 0.0496948 0.0499066 0.0502536 0.0503644 0.0502036 0.049878 0.0495116 0.0492091 0.0490868  1.08856e+08 2.80336e+06 7.37727e+06 2.13739e+06 1.16687e+06 72375.5 116799 79682.5 58794.1 26544.3 12571.6 8790.56 15889.2 2757.95 4428.95 6231.79
420171 420171 0.000371444 0.00400326 0.0381708 0.048748 0.0343983 0.0261072 0.023686 0.0232193 0.023319 0.0234847 0.0235394 0.0234657 0.0233137 0.0231418 0.0229996 0.0229421  3.2883e+07 2.92591e+07 1.28289e+06 3.13434e+06 1.40314e+06 972939 134687 193020 134212 89494.6 35447.8 17429.8 12150.8 22708.8 4013.49 15231.2
5.6859e+06 5.6859e+06 0.00286571 0.0303284 0.246585 0.299357 0.225124 0.177904 0.163718 0.161201 0.162028 0.163136 0.163459 0.162926 0.161886 0.160728 0.159777 0.159395  2.48947e+07 1.68556e+07 1.51323e+07 911554 2.52331e+06 1.25329e+06 1.06481e+06 160292 253529 176152 112269 41552.7 19860.8 13698.6 25589.2 21592.3
1.67173e+06 1.67173e+06 0.00268914 0.0285272 0.236503 0.289428 0.216188 0.169893 0.155935 0.153345 0.154038 0.155044 0.155323 0.154798 0.153797 0.152688 0.15178 0.151414  3.29435e+06 4.31622e+06 2.98033e+06 2.1232e+06 134383 490107 258962 248440 37340.5 61163 41708.5 25529.3 8981.18 4165.66 2829.49 9688.29
626066 626066 0.00108905 0.0116836 0.106852 0.134787 0.0968 0.0742241 0.067554 0.0662695 0.0665475 0.0670012 0.0671419 0.0669237 0.0664887 0.0660009 0.0655989 0.0654366  4.62349e+07 1.73771e+06 2.3227e+06 1.25216e+06 892018 70592.5 288995 157005 149024 21789.5 34490.3 22671.5 13387.9 4563.79 2065.48 6084.16
240508 240508 0.000303309 0.00326616 0.0309274 0.0392989 0.0277867 0.0211459 0.0192174 0.0188585 0.0189521 0.0190948 0.0191444 0.0190875 0.0189657 0.0188268 0.0187114 0.0186647  2.55961e+07 2.17996e+07 1.26647e+06 1.80763e+06 674487 721743 87112.1 357397 161918 172474 27201.3 46027.4 29356.2 16665.6 5454.38 9907.55
6.63652e+06 6.63652e+06 0.00389958 0.0410053 0.315842 0.378019 0.290306 0.232352 0.214674 0.211549 0.212593 0.21396 0.214314 0.213581 0.212211 0.210704 0.209475 0.208981  2.01157e+07 1.55223e+07 1.43272e+07 1.12238e+06 1.50003e+06 572987 807920 106806 442533 176758 201925 31086.4 53698.4 33240.8 18390.7 16667.2
1.49096e+06 1.49096e+06 0.0025504 0.0270524 0.2242 0.273759 0.204357 0.160715 0.147636 0.145282 0.146012 0.147016 0.147314 0.146836 0.145897 0.14485 0.14399 0.143643  5.18508e+07 3.68565e+06 2.73978e+06 1.81105e+06 163057 244389 108783 180953 24033 99170.3 36539 42109.3 6262.43 10696.9 6478.96 6699.88
916222 916222 0.00114939 0.0123077 0.11078 0.138623 0.100106 0.0771417 0.0703856 0.0691383 0.0694797 0.0699835 0.0701489 0.0699325 0.0694853 0.0689799 0.0685621 0.0683931  7.60047e+07 2.73478e+07 1.98272e+06 1.14979e+06 756055 85015.4 143285 65700.8 108286 14006.2 55894.3 19861.2 22089.1 3183.72 5306.76 6418.37
739614 739614 0.000534898 0.00575851 0.0543555 0.0691989 0.0490371 0.0373119 0.0338795 0.0332191 0.033362 0.0335975 0.0336744 0.0335683 0.0333508 0.0331053 0.0329023 0.0328202  2.61229e+07 2.55207e+07 7.31701e+06 1.3979e+06 707704 678499 161371 183907 68298 143270 19431.3 74929.4 24002.3 28329.6 4031.62 15171.2
3.39059e+06 3.39059e+06 0.00138518 0.0148058 0.131172 0.163285 0.118669 0.0918275 0.0839193 0.0824787 0.0828978 0.0834993 0.0836949 0.0834363 0.0829037 0.0823026 0.0818059 0.0816051  1.12666e+08 1.57899e+07 1.53892e+07 3.9065e+06 1.23383e+06 657515 758787 225829 217967 76697.2 176867 23815.9 88322.4 26714.6 31877.5 21408.1
1.91092e+06 1.91092e+06 0.00214206 0.0228175 0.195975 0.24256 0.178714 0.139187 0.127335 0.125085 0.125619 0.126439 0.126673 0.126246 0.125425 0.124513 0.123766 0.123465  4.84825e+06 1.94833e+07 2.86607e+06 2.71259e+06 697090 277360 157706 197065 62438.2 55731.2 18940.4 44135.4 5755.47 20778.1 6076.49 12048.8
900785 900785 0.000597394 0.00642929 0.0605101 0.0769826 0.0546238 0.0415894 0.0377682 0.0370312 0.0371884 0.0374489 0.0375333 0.0374143 0.0371716 0.0368979 0.0366718 0.0365803  5.90801e+07 2.56e+06 1.05923e+07 1.32073e+06 1.28274e+06 398048 174056 101012 124603 38394.6 33128.9 10857.7 24418.1 3086.21 10872.9 9303.3
364619 364619 0.000379119 0.00408553 0.0389173 0.0496798 0.0350688 0.0266237 0.0241578 0.0236833 0.0237857 0.0239551 0.0240112 0.0239361 0.0237812 0.0236059 0.0234609 0.0234022  3.74572e+07 1.82883e+07 1.03596e+06 3.30053e+06 851046 817295 245873 195124 100145 135386 49447.7 37721 11602.5 27592.2 3564.84 22332
3.8161e+06 3.8161e+06 0.00223821 0.0237688 0.199081 0.24337 0.180803 0.141922 0.130375 0.128356 0.129061 0.129996 0.130292 0.129887 0.129065 0.12814 0.127378 0.12707  1.27606e+08 2.19746e+07 1.06766e+07 730681 2.09141e+06 739279 802585 241053 228181 111391 155566 59056.7 41969.5 12447.9 29887.5 27735.3
3.57912e+06 3.57912e+06 0.0043479 0.0456657 0.348006 0.416772 0.321764 0.257879 0.238091 0.234383 0.235331 0.236688 0.236978 0.236108 0.234565 0.23289 0.231532 0.230989  3.53e+07 2.18231e+07 4.24841e+06 1.63897e+06 116737 386738 156699 186861 56162 54500.1 25513.3 35387.9 13285 9032.34 2612.23 12030.2
1.10356e+06 1.10356e+06 0.000658959 0.00708985 0.0665494 0.0846198 0.0601149 0.0457951 0.04159 0.0407758 0.040946 0.0412304 0.0413216 0.0411896 0.0409221 0.0406208 0.0403719 0.0402714  5.40298e+07 1.8576e+07 1.14577e+07 1.42236e+06 520414 50658.5 197739 83532.7 98759.4 28826.7 26964.7 12141 16221.1 5895.18 3909.12 6209.54
781666 781666 0.000546524 0.00588266 0.0554445 0.0705382 0.0500142 0.0380717 0.0345758 0.0339047 0.0340521 0.0342932 0.0343722 0.0342642 0.0340425 0.033792 0.0335849 0.0335011  3.31979e+07 2.09039e+07 5.76639e+06 3.48306e+06 799622 430594 64321.3 158016 90724.7 109408 32856 36371.1 15480.3 21304.9 8031.32 13361.4
5.86979e+06 5.86979e+06 0.00286669 0.0303895 0.250384 0.306179 0.229342 0.180451 0.165651 0.162872 0.163571 0.164607 0.164881 0.164311 0.163243 0.162064 0.161101 0.160713  1.1308e+08 2.07413e+07 1.20825e+07 3.53497e+06 2.13351e+06 776619 467873 80979.7 165962 98872.3 125297 37446.8 42134.6 17396.6 23748.2 23765
1.44073e+06 1.44073e+06 0.00168106 0.0179317 0.156039 0.193182 0.141413 0.109908 0.100583 0.0988915 0.0993957 0.10011 0.100338 0.100025 0.099387 0.0986686 0.0980758 0.0978363  6.3203e+06 1.93293e+07 3.79496e+06 1.70611e+06 539596 388968 177685 111194 19880.5 37856.9 22099.7 28078.6 8179.39 9051.75 3639.07 9862.53
786751 786751 0.000530471 0.00571021 0.0538488 0.0685121 0.0485644 0.0369639 0.0335689 0.0329178 0.0330616 0.0332963 0.0333735 0.0332689 0.0330538 0.0328106 0.0326095 0.0325282  1.28319e+07 3.33806e+06 1.05434e+07 1.80797e+06 834472 313831 247433 115444 71452.3 12447.5 22948.1 12933 15869.5 4482.3 4841.59 7081.36
396440 396440 0.000424917 0.00457905 0.0436096 0.0557042 0.039333 0.0298557 0.0270834 0.0265457 0.0266564 0.0268432 0.0269042 0.026819 0.0266448 0.0264482 0.0262856 0.0262199  5.9019e+07 7.5316e+06 1.51762e+06 3.37794e+06 1.14308e+06 628064 251682 176232 111117 74849.1 15269.2 23387.8 13781.3 17303 4948.14 13541.3
3.92062e+06 3.92062e+06 0.00308013 0.032557 0.261893 0.317096 0.239482 0.189716 0.17471 0.17204 0.172908 0.174072 0.174401 0.173825 0.172713 0.171479 0.170468 0.170061  8.50469e+07 2.86738e+07 5.27307e+06 1.20328e+06 2.14347e+06 1.07148e+06 635495 286740 181630 128765 86495.3 18296.5 25640.3 14835.2 18665.9 20016.1
1.85297e+06 1.85297e+06 0.0024135 0.0256558 0.216464 0.266378 0.197625 0.154614 0.14168 0.139252 0.139864 0.140778 0.141035 0.140559 0.139648 0.138637 0.137809 0.137476  4.40381e+06 1.47963e+07 5.05712e+06 748031 183274 364158 226974 141186 66723.5 40089 28886.3 18836.5 3913.16 5239.97 2972.25 7715.3
796616 796616 0.000648205 0.00697605 0.065636 0.0835566 0.0593092 0.0451485 0.0409883 0.0401786 0.0403422 0.04062 0.0407085 0.0405776 0.0403134 0.0400162 0.0397709 0.0396718  3.48825e+07 2.32412e+06 8.00304e+06 2.22493e+06 333336 100352 221468 141406 86927.3 39958.8 23204.9 16121.1 10143.8 2042.2 2668.52 5336.88
190454 190454 0.000211454 0.00228 0.0218396 0.0278929 0.0196355 0.014892 0.0135128 0.0132507 0.0133117 0.0134094 0.0134428 0.013402 0.0133158 0.0132178 0.0131365 0.0131036  3.50345e+07 1.94307e+07 867890 3.02065e+06 1.10056e+06 340375 121748 170961 158004 97359.7 46745.9 25413.4 18956.8 11992.2 2529.21 9395.1
5.99468e+06 5.99468e+06 0.00363578 0.038012 0.280521 0.327126 0.253832 0.206162 0.192273 0.190571 0.192207 0.193884 0.194483 0.193989 0.192847 0.191531 0.190437 0.189993  1.40887e+08 2.27149e+07 1.22437e+07 612915 2.25677e+06 923005 388454 156038 175768 183868 111850 54971.9 28272.2 21124.3 13168.9 13012.1
2.86107e+06 2.86107e+06 0.00374001 0.0394652 0.312521 0.378786 0.288359 0.22888 0.210543 0.207001 0.207766 0.208956 0.209215 0.208444 0.207072 0.205579 0.204368 0.203883  6.14793e+06 2.39058e+07 3.92704e+06 1.29537e+06 67117.6 333404 158582 78815.6 33386.9 34193.7 36772.5 21762 10544.7 5224.28 3862.9 4717.94
833079 833079 0.000507587 0.00546448 0.0515846 0.0656458 0.0465104 0.0353911 0.0321373 0.031513 0.031651 0.0318763 0.0319507 0.0318508 0.0316449 0.0314122 0.0312196 0.0311417  5.69381e+07 3.23906e+06 1.26981e+07 1.46046e+06 470737 32042.4 183044 89991.6 44223.5 18184.9 17958.3 18583.6 10597.7 4972.39 2403.01 3873.37
119072 119072 0.000103826 0.00112053 0.0108226 0.0138641 0.0097268 0.00736064 0.00667331 0.00654187 0.0065713 0.00661937 0.00663582 0.0066156 0.00657297 0.00652452 0.00648433 0.00646805  4.4904e+07 2.04902e+07 1.30072e+06 4.27117e+06 1.06576e+06 557340 48014.3 245176 99749.7 62688.4 27324.7 22251.1 25588.6 14534.3 6948.48 8700.04
4.07522e+06 4.07522e+06 0.00219361 0.0233372 0.198363 0.244295 0.180628 0.141134 0.129334 0.127162 0.127764 0.128633 0.128891 0.128469 0.127642 0.12672 0.125962 0.125656  3.12143e+07 2.62802e+07 1.17807e+07 952486 2.83904e+06 1.00315e+06 623954 65376.1 312888 115335 77837.1 34144.2 25392 29440.3 16468.1 17713.7
1.74775e+06 1.74775e+06 0.00210859 0.0224696 0.193614 0.239948 0.176579 0.1374 0.125649 0.123407 0.123923 0.124728 0.124955 0.124532 0.123721 0.122821 0.122083 0.121786  1.47341e+07 5.86504e+06 5.0578e+06 1.80938e+06 162924 543348 225667 151869 16919.3 78683.3 27319.3 18411.8 7890.55 5599.33 6420.37 7350.61
593473 593473 0.000620423 0.00667416 0.0625714 0.0794583 0.0564607 0.0430386 0.0391061 0.0383535 0.0385221 0.0387951 0.0388845 0.0387624 0.0385117 0.0382287 0.0379947 0.0379001  1.22004e+08 7.78077e+06 3.19163e+06 2.3504e+06 865368 93809.1 343101 145313 96501.7 10454 46994.7 15735.1 10234.6 4251.13 2943.94 7106.9
1.16737e+06 1.16737e+06 0.00102932 0.0110451 0.101214 0.127699 0.0916228 0.0702307 0.0639217 0.0627132 0.0629827 0.063417 0.0635535 0.0633488 0.0629379 0.0624763 0.0620957 0.061942  7.24558e+07 3.692e+07 2.63424e+06 1.76081e+06 1.16395e+06 608491 95486.3 242090 142126 106684 13076.2 55504.7 17091.2 11637 4882.87 11135
4.7516e+06 4.7516e+06 0.00172127 0.0183821 0.161477 0.201091 0.146795 0.113721 0.103878 0.102017 0.102465 0.103155 0.103362 0.103021 0.102354 0.101608 0.100995 0.100748  1.00905e+07 3.66439e+07 2.03772e+07 1.55715e+06 1.36532e+06 1.03482e+06 592988 116119 236835 154658 120518 15606.2 62399.4 18302.6 12519.9 17029.3
2.26787e+06 2.26787e+06 0.00206618 0.022004 0.188681 0.233054 0.17173 0.13387 0.122563 0.120463 0.121021 0.121842 0.122086 0.121686 0.120901 0.120026 0.119306 0.119016  1.53912e+06 1.79525e+06 6.68091e+06 3.44847e+06 283431 300961 257144 149282 30863.1 57947.8 38042.9 29312.2 3747.12 14521.4 4132.71 6608.31
1.07978e+06 1.07978e+06 0.00134316 0.0143794 0.129087 0.161778 0.117045 0.090189 0.0822372 0.0807279 0.0810839 0.0816408 0.0818131 0.0815484 0.0810205 0.0804287 0.0799412 0.0797443  1.47223e+08 812608 975395 3.06517e+06 1.61603e+06 160477 187669 163929 94055.4 18926.1 34369.6 21766.9 16189.5 2006.09 7587.17 5506.17
675204 675204 0.000881252 0.00947388 0.0882434 0.112107 0.0799401 0.0609885 0.0553945 0.0542958 0.0545046 0.0548681 0.0549792 0.0547975 0.0544387 0.0540371 0.0537064 0.0535728  3.99851e+07 3.47612e+07 484116 608075 1.35295e+06 909628 133137 174274 149137 92598.3 22085.8 33016.8 22826.1 17286.7 2258.39 14058.5
7.67287e+06 7.67287e+06 0.00418603 0.043966 0.335278 0.400763 0.309092 0.247865 0.229053 0.225654 0.226688 0.228078 0.22841 0.227603 0.226132 0.224524 0.223217 0.222692  3.65515e+07 2.30836e+07 1.65141e+07 407782 490442 1.12852e+06 886516 152818 198148 172050 104816 26467.8 35718.5 24850.8 18675.9 17606.4
2.23275e+06 2.23275e+06 0.00327271 0.0345426 0.274538 0.331171 0.251236 0.199611 0.184002 0.181242 0.182167 0.183391 0.183736 0.183128 0.181959 0.180663 0.179601 0.179174  4.94275e+06 7.03149e+06 4.38614e+06 1.92738e+06 54871.3 78636.2 214044 185568 33569.8 42286.6 36339.7 21360.9 5341.54 6858.74 4714.67 6822.45
1.10012e+06 1.10012e+06 0.00115025 0.0123464 0.113374 0.14348 0.102935 0.0787921 0.0716255 0.0702095 0.07047 0.0709289 0.0710644 0.0708253 0.0703603 0.0698418 0.0694156 0.0692437  2.69114e+08 2.6038e+06 3.73653e+06 1.64619e+06 698869 25934.7 42846.3 121110 104243 18363.1 22353.8 18512.5 10495.5 2542.68 3185.45 5257.54
1.22876e+06 1.22876e+06 0.000993716 0.0106709 0.0984092 0.124538 0.0891492 0.0682 0.062012 0.0608088 0.061054 0.0614661 0.0615931 0.0613914 0.0609911 0.0605425 0.0601729 0.0600237  9.88805e+07 6.36765e+07 1.22568e+06 1.62047e+06 791694 438339 45552.9 58130.6 129681 118585 25205.2 29598.4 24234.2 13666 3533.41 11051.3
1.08478e+07 1.08478e+07 0.00344015 0.0361978 0.280686 0.33496 0.25614 0.204984 0.189653 0.187161 0.188303 0.189672 0.190091 0.189502 0.188318 0.186993 0.185904 0.185464  3.90806e+07 4.59432e+07 2.88596e+07 904363 1.23095e+06 727597 438316 61381.6 66571.4 142242 134582 29870 33616.3 27027.2 14894.8 15899.3
2.36933e+06 2.36933e+06 0.00188409 0.0200964 0.174662 0.21676 0.158897 0.123421 0.112834 0.110838 0.11133 0.112079 0.112301 0.111932 0.111207 0.110399 0.109735 0.109467  8.95431e+06 6.75308e+06 7.98868e+06 3.39224e+06 123917 211917 152103 95907.3 14445.3 14492.1 30174.3 28423.2 6236.14 6789.72 5363.35 6017.35
1.02012e+06 1.02012e+06 0.000824532 0.00886218 0.0824125 0.104509 0.0745401 0.0569139 0.0517241 0.050719 0.0509289 0.0512787 0.0513891 0.0512233 0.0508902 0.0505158 0.050207 0.0500822  1.59424e+08 4.72952e+06 3.68337e+06 3.79515e+06 1.66356e+06 72479.9 135380 99022 61636.6 9032.73 8764.7 17606.1 16010.3 3405.14 3618.27 5953.35
1.18198e+06 1.18198e+06 0.00104923 0.0112636 0.103589 0.131002 0.0938894 0.0718736 0.065365 0.0640985 0.0643551 0.0647871 0.0649192 0.0647057 0.0642833 0.0638105 0.0634212 0.0632641  2.99521e+07 4.53672e+07 2.15424e+06 1.47014e+06 1.48516e+06 750704 82693.1 134910 106431 69498.5 12597.2 10754.1 20180 18759.8 4264.69 11582.9
5.20595e+06 5.20595e+06 0.00186549 0.0198848 0.17191 0.212658 0.156141 0.121515 0.111226 0.109338 0.10987 0.110636 0.110872 0.110517 0.109808 0.109013 0.108358 0.108094  1.07219e+08 1.82395e+07 2.28272e+07 1.40225e+06 985142 1.11165e+06 631184 104946 159153 127964 81920.2 15449.2 12201.4 22033.9 20358.6 17271
2.16497e+06 2.16497e+06 0.00225086 0.0239423 0.20318 0.250221 0.185151 0.144694 0.132577 0.130328 0.13093 0.131809 0.132066 0.13163 0.130781 0.129835 0.129059 0.128746  7.76829e+06 1.82627e+07 3.29246e+06 3.57691e+06 243085 201798 254489 152396 27920.6 40663.8 32197.9 19965.2 3689.08 2800.55 4937.36 8350.48
1.19482e+06 1.19482e+06 0.000810447 0.00871151 0.0810729 0.102832 0.0733203 0.0559731 0.0508673 0.0498789 0.0500858 0.0504302 0.0505391 0.0503762 0.0500486 0.0496804 0.0493766 0.0492539  6.96638e+07 4.10025e+06 9.89329e+06 1.47042e+06 1.62078e+06 134475 123668 159727 94565.9 16860.8 23745.2 18133.7 10852.4 1943.55 1439.85 6702.32
1.12103e+06 1.12103e+06 0.00116933 0.0125497 0.115113 0.145633 0.104531 0.0800411 0.0727743 0.0713415 0.0716074 0.0720735 0.0722107 0.0719674 0.0714948 0.0709679 0.0705349 0.0703603  2.76686e+07 2.14785e+07 1.28231e+06 3.34113e+06 777215 841566 117880 96944.6 122852 78047.9 20010.2 26140.6 20210.5 12054 2257.57 8941.47
5.86451e+06 5.86451e+06 0.0042535 0.0442591 0.314567 0.362888 0.285267 0.233806 0.218803 0.217118 0.219047 0.220961 0.221639 0.221078 0.219787 0.218303 0.217069 0.216569  7.08511e+07 1.62945e+07 1.12795e+07 734776 2.04805e+06 659920 763400 135107 103386 130262 84486.5 23794.8 29554.9 22439.5 13125.7 12083.5
1.31133e+06 1.31133e+06 0.00235727 0.0250906 0.213975 0.264654 0.195636 0.152555 0.139554 0.137039 0.137576 0.138438 0.138669 0.138188 0.137283 0.136284 0.135467 0.135138  9.23459e+06 1.20548e+07 2.79754e+06 1.07678e+06 70140.4 260542 111633 143219 27596.5 20285.2 25155.6 16098.2 4550.38 5456.47 4063.44 4495.4
1.2661e+06 1.2661e+06 0.00108517 0.0116483 0.107031 0.135362 0.0970589 0.0743034 0.0675642 0.0662455 0.0665043 0.0669467 0.0670806 0.0668586 0.0664215 0.0659328 0.0655306 0.0653683  2.40264e+08 4.87538e+06 6.5415e+06 1.26586e+06 499239 39582.5 162053 70859.4 89671.4 16790.4 11923.3 14252.4 8799.87 2410.42 2820.44 4342.63
2.49521e+06 2.49521e+06 0.00200222 0.021385 0.187824 0.234888 0.171718 0.132843 0.121131 0.118794 0.119195 0.119915 0.120102 0.119675 0.118882 0.118009 0.117295 0.117008  9.85236e+07 5.77952e+07 1.72863e+06 2.15366e+06 717681 387830 48236.9 162787 83830.4 101764 22821.5 14771.5 17321.8 10834.8 3235.56 9294.91
1.19004e+07 1.19004e+07 0.00401533 0.0422246 0.325224 0.389878 0.299594 0.239659 0.221272 0.217928 0.218916 0.220262 0.220588 0.21981 0.218388 0.216831 0.215565 0.215057  8.85027e+07 4.40839e+07 2.63442e+07 1.01008e+06 1.23583e+06 617026 391107 59408 176832 96120.5 116004 26780.3 16440.2 18820.3 11641.5 13538
3.87423e+06 3.87423e+06 0.00328689 0.0347589 0.280439 0.34112 0.257666 0.203706 0.187234 0.184115 0.18487 0.185998 0.186278 0.185618 0.184407 0.183079 0.181996 0.181561  6.08137e+06 1.50369e+07 7.66497e+06 3.06696e+06 131167 202014 126400 85834.1 13770.2 38552.5 20888.7 24680 5596.25 3314.27 3714.76 4915.88
1.62766e+06 1.62766e+06 0.00122948 0.0131767 0.119425 0.150209 0.108273 0.0832092 0.0757882 0.0743626 0.0746769 0.0751844 0.0753406 0.0750951 0.0746074 0.0740609 0.0736108 0.0734291  1.67729e+07 3.20552e+06 8.02969e+06 2.99677e+06 1.18193e+06 65057.2 114108 73654.2 49475.3 7712.82 20842.5 10875.4 12388.3 2720.92 1572.07 4017.25
656661 656661 0.000795742 0.00854921 0.0792355 0.100243 0.0715682 0.0547154 0.049767 0.0488246 0.049042 0.0493885 0.0495009 0.0493449 0.0490261 0.0486665 0.0483694 0.0482493  3.37429e+07 1.06494e+07 2.12165e+06 2.3453e+06 1.1259e+06 626822 79997.6 111186 89316 61337.4 10903.7 26377.7 14399.7 16082.2 3672.7 7291.92
4.24331e+06 4.24331e+06 0.00350729 0.036975 0.290932 0.350236 0.266803 0.212455 0.195959 0.193023 0.193977 0.195246 0.195588 0.194928 0.193678 0.192298 0.19117 0.190717  5.92368e+07 1.72902e+07 7.04663e+06 1.59495e+06 1.42405e+06 900225 601356 103688 129053 109045 74408.3 13563.9 30676.1 16621.4 18194.7 12331.4
1.52025e+06 1.52025e+06 0.00284653 0.030114 0.244124 0.295813 0.222622 0.176091 0.16213 0.159685 0.16054 0.161662 0.161999 0.161481 0.160456 0.159311 0.158371 0.157992  6.98288e+06 1.01555e+07 3.13359e+06 911347 220417 236715 183509 132949 24703.4 29181.7 24495.3 16253.7 2903.02 6320.01 3364.79 6094.69
989006 989006 0.00125089 0.0134097 0.12179 0.153415 0.110519 0.0848656 0.0772549 0.0757761 0.0760804 0.0765875 0.0767404 0.0764865 0.0759876 0.0754299 0.0749711 0.0747859  9.13428e+06 3.68048e+06 5.42748e+06 1.24008e+06 352302 108738 133159 106898 76879.3 13919.6 15902.9 12872.5 8241.98 1426.54 3030.46 4449.45
569997 569997 0.000955727 0.0102636 0.0947171 0.11984 0.0857504 0.0655976 0.0596521 0.0585015 0.058743 0.0591436 0.0592686 0.0590762 0.0586917 0.0582604 0.0579048 0.0577611  6.00218e+07 6.69361e+06 1.36203e+06 1.70133e+06 680410 331893 153822 108918 101774 82444.8 18917.9 19738 16420 10471.3 1899.02 9463.56
2.49755e+06 2.49755e+06 0.00242349 0.0257793 0.218683 0.269953 0.199957 0.156162 0.142957 0.140427 0.140994 0.141884 0.142123 0.141631 0.140706 0.139683 0.138846 0.13851  2.6875e+07 2.81483e+07 4.67407e+06 857207 1.05226e+06 663686 369090 195355 118526 115885 95330.5 22809 22456 18378.2 11538.4 12411.5
1.92143e+06 1.92143e+06 0.00286447 0.0303759 0.250921 0.30726 0.22996 0.180768 0.165839 0.163 0.163669 0.164689 0.164954 0.164379 0.163306 0.162125 0.161161 0.160774  4.65661e+07 4.74429e+06 5.1103e+06 734742 141913 205370 161558 92129.3 50262.6 28637 27726.5 22312.6 5243.11 4984.1 4000.57 5134.48
1.24221e+06 1.24221e+06 0.00141113 0.0151122 0.136014 0.170884 0.123569 0.0950959 0.086626 0.0849799 0.0853187 0.0858818 0.0860487 0.0857617 0.0852018 0.0845772 0.0840638 0.0838567  6.0426e+07 2.45617e+07 2.55087e+06 2.12711e+06 306253 74311.5 120797 97608.8 55007.1 29167.2 16048 14970.4 11619.3 2645.25 2453.44 4412.97
1.10347e+06 1.10347e+06 0.000937573 0.0100708 0.0931112 0.117899 0.0843012 0.0644543 0.0585983 0.0574618 0.0576962 0.0580883 0.0582103 0.0580208 0.0576429 0.057219 0.0568696 0.0567284  3.42676e+07 2.19492e+07 6.52743e+06 1.04245e+06 933749 248217 70505 88614.9 112053 63403.3 36590.1 17672 16962 13332.5 3178.58 8000.4
5.28442e+06 5.28442e+06 0.00298852 0.0316428 0.258098 0.314444 0.236392 0.186501 0.171396 0.168599 0.169356 0.170443 0.170735 0.170151 0.169049 0.167832 0.166838 0.166438  2.88534e+07 1.74736e+07 1.22036e+07 3.25014e+06 808870 819918 269831 83851.5 91981.2 134508 73655.9 42550.7 19433.6 18374.1 14238.4 11894.2
1.86867e+06 1.86867e+06 0.00315574 0.0334391 0.274244 0.335935 0.252346 0.198558 0.182086 0.178853 0.179484 0.180524 0.180763 0.180102 0.178912 0.177613 0.176557 0.176134  2.64032e+07 5.01983e+06 3.09921e+06 1.65911e+06 448891 160485 183367 64172.4 20392.5 21004.7 31566.2 16630.5 9379.3 4122.36 3826.2 5371.34
1.62341e+06 1.62341e+06 0.00217832 0.0232147 0.200127 0.248344 0.182792 0.142157 0.129923 0.127549 0.128045 0.128852 0.129071 0.128625 0.127783 0.126851 0.126088 0.125781  1.15021e+08 1.3925e+07 2.69411e+06 1.26604e+06 679244 232959 93771 109958 37974.7 11713.1 11639.1 16840.6 8553.25 4672.31 2003.39 4385.88
1.13903e+06 1.13903e+06 0.00131067 0.0140523 0.127727 0.161115 0.116073 0.0890837 0.0810581 0.0794796 0.0797787 0.0802964 0.0804475 0.0801758 0.0796497 0.0790637 0.0785823 0.0783882  2.70352e+07 2.77112e+07 3.68079e+06 695603 487064 416413 139126 108760 115754 43677.1 14574.5 12610.1 20735.5 10279.8 5644.11 7617.05
5.07225e+06 5.07225e+06 0.00309134 0.0325537 0.254329 0.303214 0.230953 0.184672 0.170966 0.168861 0.170016 0.171346 0.171786 0.17129 0.170238 0.169047 0.168062 0.167664  4.71587e+07 2.08189e+07 1.32188e+07 1.81234e+06 422437 400416 420014 143655 137423 138777 52101.8 17422.6 14095.5 23273.2 11272 14384.3
2.22949e+06 2.22949e+06 0.0033315 0.0352973 0.289024 0.354646 0.266767 0.209833 0.192272 0.188725 0.189291 0.190318 0.190524 0.189801 0.188533 0.187159 0.186045 0.185599  2.73687e+06 8.55988e+06 4.16815e+06 1.64601e+06 219930 70404.3 79901.3 92937.9 32235.9 32155.3 31338.7 11421.1 3724.15 2897.45 4733.86 5126.95
1.38366e+06 1.38366e+06 0.0018662 0.0199383 0.175653 0.219583 0.160256 0.123924 0.113015 0.110864 0.111269 0.111966 0.112156 0.111767 0.111032 0.110218 0.109552 0.109284  1.60653e+07 1.44348e+06 4.593e+06 1.69596e+06 673910 114494 41231.8 47940 54942.2 18475.7 17764.6 16660 5851.22 1847.64 1402.25 4684.17
784275 784275 0.00128083 0.013735 0.125064 0.15784 0.11363 0.0871686 0.0793022 0.0777538 0.078046 0.0785531 0.0787015 0.0784361 0.0779215 0.0773481 0.076877 0.076687  3.23554e+07 1.67572e+07 630950 1.64463e+06 1.06662e+06 328804 79541.2 34086.3 47796.6 64871.7 21166.9 23760.9 21261.4 7434.63 2385.11 7635.39
5.01879e+06 5.01879e+06 0.00340405 0.0359924 0.289912 0.352929 0.266885 0.211011 0.193897 0.190608 0.191336 0.192463 0.192724 0.192025 0.190764 0.189386 0.188265 0.187816  2.54957e+07 2.01096e+07 1.15734e+07 463561 1.16832e+06 1.17137e+06 321205 87877.4 39171.7 55408.8 77220.8 24749.1 27980.1 24105.3 8290.19 11023.8
1.20361e+06 1.20361e+06 0.00193728 0.0206967 0.182209 0.22794 0.166455 0.128707 0.117347 0.115086 0.115483 0.116189 0.116375 0.115965 0.115198 0.114353 0.113661 0.113383  7.97531e+06 4.40877e+06 3.56447e+06 1.56423e+06 72509 218795 279062 74925.2 20874.7 9182.5 12659.2 17339.5 5383.04 5967.29 5013.55 3950.98
756298 756298 0.0012326 0.0132213 0.120679 0.1524 0.109599 0.0840282 0.0764331 0.0749393 0.0752228 0.0757139 0.0758587 0.0756038 0.0751081 0.0745553 0.0741011 0.0739178  1.45483e+07 4.21456e+06 2.41444e+06 1.75083e+06 807374 44196.4 144153 186262 49199.7 13310.1 5656.02 7517.39 9936.24 2989.61 3234.11 4771.42
369772 369772 0.000658781 0.00709015 0.0667295 0.0849776 0.0603153 0.045908 0.0416738 0.0408478 0.041012 0.0412929 0.0413819 0.0412482 0.0409793 0.040677 0.0404276 0.0403268  1.39636e+07 1.39844e+07 1.3873e+06 842291 832161 590789 48611.1 121200 216089 47361.2 14436.8 6253.62 8409.37 11313.9 3362.53 9101.21
3.08771e+06 3.08771e+06 0.00243013 0.0258209 0.21705 0.266622 0.198052 0.155134 0.142251 0.139863 0.140504 0.141437 0.141704 0.141231 0.140319 0.139305 0.138474 0.138139  1.43709e+07 8.47344e+06 1.00828e+07 909900 599180 716939 631080 64412.9 139186 271823 55685.7 17046.6 7218.7 9445.93 12534.4 13688.6
783571 783571 0.00192514 0.0205635 0.180796 0.225962 0.16507 0.1277 0.116467 0.114246 0.114655 0.115365 0.115556 0.115152 0.114393 0.113554 0.112867 0.112591  2.30133e+06 2.57806e+06 1.55778e+06 1.55698e+06 150918 118076 159924 154089 16571.1 33820.4 66376 12981.3 3869.78 1593.83 2039.66 5583.99
588813 588813 0.00140112 0.0149976 0.134441 0.168501 0.122 0.0940199 0.085716 0.0841273 0.0844868 0.0850591 0.0852335 0.0849549 0.0844036 0.0837866 0.0832788 0.0830739  8.19947e+07 1.21607e+06 1.41126e+06 762533 799218 91571.3 77530 106454 100953 10544.7 20793.2 39346.7 7426.16 2145.59 862.379 4044.54
574131 574131 0.00106597 0.0114425 0.105161 0.132973 0.0953308 0.0729853 0.0663745 0.0650859 0.0653446 0.065782 0.0659154 0.0656982 0.0652692 0.0647892 0.064394 0.0642344  4.81832e+07 2.2659e+07 827173 566532 356801 542372 76842.8 59963.8 89437.5 102214 12273.2 21371.3 43047 7743.73 2272.57 5187.64
4.02972e+06 4.02972e+06 0.00322459 0.0333364 0.226857 0.252814 0.199825 0.166606 0.158019 0.158256 0.160654 0.162719 0.163643 0.163489 0.162681 0.161656 0.160768 0.160402  4.52254e+07 2.36034e+07 1.15024e+07 678872 440239 332235 593827 95401.3 68634 100291 119764 14901.1 24139 48132.4 8451.23 8064.28
1.71901e+06 1.71901e+06 0.00305197 0.0323388 0.265286 0.324509 0.243606 0.191744 0.175918 0.172863 0.17353 0.174577 0.174835 0.174213 0.173071 0.171818 0.170798 0.170388  4.63951e+06 7.7501e+06 4.00804e+06 987926 64108.7 54428.1 53769.1 110002 18805.6 13033.6 18722.3 22325.3 2737.78 4273.37 8396.22 2829.16
881302 881302 0.00112852 0.0120924 0.109465 0.13737 0.0990027 0.0761465 0.069403 0.0681333 0.068449 0.0689342 0.0690905 0.0688734 0.0684305 0.0679314 0.0675192 0.0673526  1.03511e+08 2.44675e+06 4.15906e+06 1.63809e+06 403333 33134 31697.6 32169.6 65003 10794 7220.86 9990.01 11486.6 1364.52 2077.94 5365.67
548639 548639 0.000758362 0.0081576 0.0764025 0.0971789 0.0691226 0.0526681 0.0478205 0.046871 0.0470556 0.0473744 0.0474739 0.0473192 0.0470102 0.0466636 0.0463777 0.0462622  3.85493e+07 2.82596e+07 939560 1.44321e+06 676286 290850 63413.5 43719.5 44592 93375.3 16122.2 9908.81 13531.7 15845.9 1955.63 10192.6
3.38239e+06 3.38239e+06 0.00195049 0.0207719 0.178189 0.219761 0.16182 0.126201 0.115618 0.113698 0.11427 0.115076 0.115326 0.114961 0.114226 0.113401 0.112722 0.112448  1.86379e+07 1.82167e+07 1.40318e+07 652282 1.01585e+06 591377 330803 91807.1 59002.8 58174.4 119035 20566.4 12041.7 15775.4 18193.6 13807.1
1.24949e+06 1.24949e+06 0.00198698 0.0211607 0.181517 0.223983 0.164956 0.128614 0.117787 0.115802 0.116366 0.117176 0.117424 0.117048 0.116298 0.115458 0.114766 0.114487  1.11196e+07 3.22703e+06 3.27579e+06 2.14924e+06 113673 205754 138570 84539.2 24430.8 15092.7 14520.2 28856.4 4837.64 2736.17 3504.12 7010.64
725058 725058 0.00123908 0.0132858 0.120874 0.152382 0.109706 0.0841974 0.0766275 0.0751515 0.0754485 0.0759488 0.0760988 0.0758461 0.0753507 0.0747972 0.074342 0.0741584  5.27635e+07 5.87063e+06 1.75329e+06 1.50418e+06 1.00574e+06 64194.8 128029 88210.5 53219.4 14976.7 8952.2 8310.62 15945.4 2591.4 1430.46 5392
458071 458071 0.000899909 0.00967095 0.089797 0.113911 0.0813173 0.0620947 0.0564201 0.0553107 0.0555291 0.0559031 0.0560185 0.0558349 0.0554703 0.0550618 0.0547251 0.0545892  2.70487e+07 1.33935e+07 1.73406e+06 539848 511275 432737 52045.3 91056.8 72301 54352.2 17590.5 9736.63 9069.58 17149.9 2808.97 7175.62
3.51928e+06 3.51928e+06 0.00512105 0.052029 0.312058 0.335953 0.275606 0.236624 0.227251 0.228735 0.232643 0.235799 0.23722 0.237069 0.235974 0.234561 0.233329 0.23282  2.4805e+07 1.237e+07 6.58913e+06 984966 349152 383985 377473 62788.3 100019 81325 63785.6 20979.6 11147.5 10030.4 18485.8 10647.1
1.72237e+06 1.72237e+06 0.00706179 0.0729754 0.488659 0.567392 0.459226 0.378915 0.352837 0.347805 0.34893 0.350536 0.350666 0.349233 0.346929 0.344498 0.342558 0.341788  1.59697e+07 4.26212e+06 2.00529e+06 401092 52792.7 29403.2 45316.1 53666.1 10423.9 15944.8 13041.8 10193.3 3284.91 1686.92 1489.67 4262.7
1.15708e+06 1.15708e+06 0.00290803 0.0308793 0.257794 0.317712 0.237033 0.185554 0.169734 0.166534 0.167058 0.168009 0.168227 0.16761 0.166499 0.165285 0.164299 0.163903  5.58066e+07 8.37124e+06 2.14919e+06 462913 80531.7 16754.8 11893.9 19530.6 22994.9 4324.43 6349.4 4976.88 3737.23 1164.11 582.613 1947.18
635351 635351 0.00107018 0.0114791 0.104847 0.132119 0.0949096 0.0728004 0.066265 0.0650096 0.0652886 0.0657392 0.0658812 0.0656697 0.0652445 0.0647667 0.0643726 0.0642134  3.94281e+07 1.68303e+07 2.67772e+06 610510 203019 102589 39097.1 22059.5 30636 40220.8 9421.26 12695.7 10248 7941.86 2508.05 5351.01
3.52029e+06 3.52029e+06 0.00279938 0.0296863 0.24533 0.300196 0.22457 0.176563 0.162034 0.159304 0.159992 0.161012 0.161286 0.160732 0.159688 0.158535 0.157593 0.157213  2.66061e+07 2.05889e+07 8.88263e+06 1.55897e+06 417413 196870 132173 55561.9 29851 39273.9 51194.9 12192.6 15683.6 12238 9326.12 9115.61
1.28072e+06 1.28072e+06 0.00225694 0.0240218 0.204876 0.253027 0.18693 0.145811 0.133434 0.131075 0.131629 0.132484 0.132726 0.132279 0.13142 0.130466 0.129685 0.12937  1.13457e+07 4.65796e+06 3.65623e+06 1.26273e+06 239794 81615.4 46017.7 33583.7 14281.8 7406.16 9441.58 12004.2 2783.23 3461.12 2646.56 3925.62
798115 798115 0.0012983 0.0139082 0.125571 0.157764 0.113897 0.0876036 0.0798008 0.0782967 0.078624 0.0791555 0.0793181 0.0790589 0.0785454 0.0779705 0.0774971 0.0773061  3.67642e+07 5.98964e+06 2.5273e+06 1.65449e+06 583505 134711 50572 29123.3 20980.3 8675.73 4348.54 5345.43 6558.54 1473.74 1788.43 3332.21
313023 313023 0.000579031 0.00623561 0.0590077 0.0752822 0.0533124 0.0405175 0.0367581 0.0360214 0.0361641 0.0364117 0.0364905 0.0363727 0.0361355 0.0358687 0.0356486 0.0355596  3.55126e+07 1.14985e+07 1.73789e+06 821942 651908 308447 114605 43125.4 29358 24551.2 10723.7 5204.3 6260.04 7731.87 1748.95 5998.45
3.93483e+06 3.93483e+06 0.0046696 0.04877 0.35581 0.418314 0.327327 0.26563 0.246797 0.243733 0.245136 0.246784 0.247227 0.24641 0.244861 0.243152 0.241757 0.241196  1.17967e+07 1.58874e+07 6.16065e+06 1.0245e+06 585068 540841 305918 139716 51437.2 35810.1 30370.8 13153.9 6166.78 7140.5 8649.95 8593.28
1.58131e+06 1.58131e+06 0.00475532 0.0499442 0.38001 0.457318 0.353954 0.283256 0.260914 0.25636 0.257048 0.258294 0.258459 0.257421 0.255692 0.253847 0.252364 0.251772  8.46917e+06 2.03528e+06 2.72165e+06 628609 104983 85090.8 95494.5 61041.1 29662.8 10589.9 7265.59 6021.01 2528.35 1147.29 1298.82 3090.91
812755 812755 0.00233714 0.0248868 0.21297 0.263833 0.194786 0.151706 0.138669 0.136113 0.136619 0.137463 0.137686 0.137204 0.136304 0.13531 0.134498 0.134172  7.14191e+07 4.45747e+06 1.06872e+06 907837 201246 46179.6 43935.7 51138.2 32270.7 15183.3 5214.18 3436.04 2740.49 1113.54 492.709 1848.34
652791 652791 0.0013911 0.014909 0.135051 0.170236 0.122827 0.0943265 0.0858268 0.0841437 0.0844507 0.0849919 0.0851474 0.0848576 0.0842999 0.0836797 0.0831707 0.0829655  5.71771e+07 1.77911e+07 1.35892e+06 305808 302989 161229 50883.4 47082.2 54115.5 40416.2 22074 7347.9 4935.83 3979.28 1612.82 3365.94
3.73385e+06 3.73385e+06 0.00360154 0.0373411 0.259119 0.292891 0.230843 0.191064 0.180203 0.179788 0.182056 0.184096 0.184949 0.184657 0.183678 0.182487 0.181473 0.181057  4.07005e+07 2.5777e+07 8.56001e+06 776295 210883 244234 177428 64693.6 57115.8 63193.4 48398.8 26776.8 8638.25 5635.42 4463.99 5505.47
1.39743e+06 1.39743e+06 0.00233228 0.0247297 0.204521 0.248639 0.185496 0.146091 0.134372 0.132363 0.133136 0.134131 0.134456 0.134052 0.133213 0.132265 0.131482 0.131166  4.07207e+07 7.52603e+06 4.34681e+06 777183 69500.5 27979.1 39306.7 33526.6 13136.3 11331.7 12197.2 9291.08 5034.64 1575.3 1007.22 1754.39
1.14269e+06 1.14269e+06 0.00125572 0.013462 0.122309 0.154108 0.111001 0.0852081 0.077539 0.0760377 0.076336 0.0768421 0.0769943 0.0767392 0.0762384 0.0756789 0.0752187 0.075033  2.71893e+07 2.14731e+07 4.04457e+06 1.81336e+06 319228 35629.9 16186.1 23490.9 19896.3 7605.41 6352.81 6600.27 4854.45 2550.1 778.73 1339.29
481117 481117 0.000483766 0.00521262 0.0495822 0.0633474 0.0447604 0.0339755 0.0308118 0.0301923 0.030313 0.0305221 0.0305894 0.0304913 0.0302927 0.030069 0.0298842 0.0298095  2.4695e+07 1.03333e+07 5.72607e+06 1.35698e+06 710879 241857 53654.3 23508.1 27426.7 28835.1 11560.6 9268.77 9235.12 6950.67 3641.04 3008.03
4.6196e+06 4.6196e+06 0.00451896 0.0470716 0.336895 0.391397 0.307551 0.251243 0.234459 0.232188 0.233933 0.235767 0.236354 0.235675 0.234253 0.232649 0.231327 0.230794  2.14384e+07 1.18338e+07 6.47548e+06 3.06679e+06 1.02276e+06 601825 277922 73064.1 31631.3 33483 36074.5 14513.5 11153.3 10700 7932.36 7531.51
1.61263e+06 1.61263e+06 0.00532208 0.0556144 0.406425 0.482503 0.378661 0.306216 0.283292 0.278834 0.279771 0.2812 0.281415 0.280313 0.278459 0.276475 0.274879 0.274242  5.84065e+06 3.66217e+06 2.05909e+06 690345 276765 147053 104397 56637.2 15585.7 6614.23 6664.26 7068.66 2778.95 2067.85 1934.84 2763.03
854113 854113 0.00243739 0.0259584 0.222346 0.276008 0.203823 0.158624 0.144888 0.142138 0.142609 0.14345 0.143656 0.143138 0.14219 0.14115 0.140302 0.139961  4.19758e+07 3.06998e+06 1.89878e+06 613258 190516 109410 70109.5 52158.7 28041.8 7479.89 3053.8 2954.77 3015.66 1146.99 832.168 1854.74
294857 294857 0.000822974 0.00884971 0.0826335 0.10503 0.0748067 0.057036 0.0517918 0.0507614 0.0509582 0.0513007 0.0514066 0.051238 0.0509031 0.0505277 0.0502184 0.0500935  1.31995e+07 1.10577e+07 1.0366e+06 498607 268379 207742 100628 79287.7 61265.8 42649.8 12168.5 4865.18 4452.7 4692.32 1808.62 4177.59
2.73907e+06 2.73907e+06 0.00425665 0.0442955 0.315008 0.363516 0.285718 0.234118 0.21905 0.217336 0.219252 0.221161 0.221835 0.221272 0.219978 0.218492 0.217257 0.216756  2.41851e+07 7.56188e+06 5.57878e+06 672298 332048 263682 261279 121474 100266 75447.6 54188.3 15324.6 5949.28 5198.35 5402.62 6815.17
1.16057e+06 1.16057e+06 0.00531534 0.0556743 0.414095 0.496173 0.387543 0.311614 0.287302 0.282221 0.282844 0.284092 0.284188 0.283001 0.281084 0.279056 0.277434 0.276788  2.56901e+06 4.13711e+06 1.34155e+06 545023 66937.7 44397.7 47740.4 53443.3 24713.8 20480 14973.1 10624.6 2915.7 1098.03 935.404 2168.83
879254 879254 0.00320316 0.0339672 0.280208 0.344578 0.258418 0.202838 0.185673 0.182171 0.1827 0.183693 0.183898 0.183203 0.18198 0.180653 0.179576 0.179145  5.03702e+06 1.3513e+06 2.15787e+06 420153 161981 28045.6 22103.2 24707.2 27289 12202.2 9714.68 6815.29 4651.34 1234.67 453.308 1256.46
195560 195560 0.000756432 0.00813782 0.0762961 0.097097 0.0690367 0.0525787 0.0477228 0.0467658 0.0469458 0.0472619 0.0473603 0.0472055 0.0468971 0.0465511 0.0462659 0.0461507  1.02116e+07 6.36252e+06 561795 640697 213094 134974 42478.7 24083.4 32800.1 40908.8 17734.5 14563.3 10260.5 7213.63 1890.4 2598.83
2.74286e+06 2.74286e+06 0.00536589 0.0558665 0.397215 0.465153 0.367742 0.299956 0.278911 0.275318 0.276707 0.278397 0.278781 0.277796 0.276023 0.274094 0.27253 0.271904  8.87619e+06 7.11417e+06 4.46863e+06 384696 444923 219879 166329 58291.2 30542.3 41611.9 51185.1 21461.8 17198.1 11774 8148.27 5001.05
670075 670075 0.00353358 0.0374069 0.304025 0.372625 0.28118 0.221436 0.20286 0.199031 0.199564 0.200602 0.200792 0.200015 0.198674 0.197225 0.196054 0.195585  2.17199e+06 1.77151e+06 1.26848e+06 434431 38038.9 59260.4 40880.7 34625.4 12378.8 6187.41 8259.74 9865.27 3984.24 3104.95 2075.99 2285.73
625528 625528 0.00318737 0.0337957 0.27854 0.342274 0.256734 0.20158 0.184554 0.181095 0.181638 0.182639 0.18285 0.182165 0.180952 0.179634 0.178564 0.178135  2.56756e+07 1.14535e+06 948595 506071 173934 19522.6 34315.6 24241.9 20211 6999.68 3370.53 4327.84 4980.16 1947.45 1480.35 2041.08
283002 283002 0.00104386 0.0112109 0.103486 0.131134 0.0938602 0.0717516 0.0651951 0.063899 0.0641384 0.0645604 0.0646873 0.0644717 0.0640493 0.0635774 0.0631891 0.0630324  1.84307e+07 7.85949e+06 638372 399800 355454 187239 28029.2 34753.8 32147.6 29782.8 10620.9 4779.57 6191.98 7120.64 2744.22 4966.91
1.54733e+06 1.54733e+06 0.00222665 0.023699 0.202121 0.249512 0.184317 0.14382 0.13167 0.129382 0.12995 0.130806 0.131051 0.130612 0.129765 0.128824 0.128053 0.127742  1.36604e+07 1.08078e+07 4.71164e+06 549509 335509 381641 218283 37291.7 40922.5 40650.6 37574 13143.4 5691.35 7139.72 8025.9 8557.74
913603 913603 0.00292926 0.0310603 0.256338 0.314031 0.235159 0.184826 0.169488 0.166527 0.167175 0.168194 0.168452 0.167857 0.166758 0.165551 0.164567 0.164171  1.36541e+06 2.44821e+06 2.01856e+06 778775 104512 72509.2 94982.7 55779.1 9844.69 10192.4 10154.9 9160.01 3100.61 1298.38 1594.37 3642.53
638990 638990 0.00209728 0.0223868 0.195586 0.244222 0.178916 0.138561 0.126358 0.123907 0.124317 0.125061 0.125252 0.124805 0.123979 0.123069 0.122326 0.122028  3.58886e+07 720199 1.31608e+06 838230 324176 54725.8 42633.7 57310.3 33234.1 5698.14 5695.36 5466.08 4754.85 1559.22 637.026 2519.66
482007 482007 0.00165562 0.0177129 0.157963 0.198183 0.143915 0.110951 0.101082 0.0991324 0.0994946 0.100124 0.1003 0.0999556 0.0992984 0.0985694 0.0979719 0.0977312  2.11097e+07 1.11789e+07 334271 486472 386717 185719 53861.7 40152.7 70443.8 40099.7 7211.91 6490.53 6550.4 5707.97 1844.75 3687.69
2.8421e+06 2.8421e+06 0.00456585 0.0469286 0.305076 0.338369 0.272162 0.228814 0.21723 0.217296 0.220252 0.222798 0.223868 0.223548 0.222399 0.220991 0.219789 0.219296  9.89735e+06 9.77664e+06 6.49527e+06 249106 331845 339983 193249 66982.5 46782.9 85370.4 47110.1 8487.84 7222.02 7220.83 6177.83 5894.41
1.04507e+06 1.04507e+06 0.00488569 0.0512723 0.387542 0.465574 0.361225 0.289469 0.266696 0.262024 0.262707 0.263965 0.264124 0.26306 0.261294 0.25941 0.257898 0.257295  2.42447e+06 1.78598e+06 1.62935e+06 549264 21925.9 36395.3 51199.8 34005 12722.2 8577.69 15686 8381.96 1477.02 1210.11 1192.71 1964.98
840878 840878 0.00448107 0.0471153 0.361862 0.435978 0.336037 0.268347 0.247024 0.242709 0.243422 0.244667 0.244871 0.243917 0.242292 0.240547 0.239141 0.238578  2.85103e+07 1.2758e+06 935948 533617 171888 9493.94 18564.1 27100.5 17766.3 6433.95 4171.86 7326.39 3767.42 642.334 513.137 1313.39
318450 318450 0.00106326 0.0114139 0.104934 0.132704 0.0951198 0.0728036 0.0661893 0.0648925 0.0651464 0.0655814 0.0657142 0.0654977 0.0650702 0.0645918 0.0641979 0.0640389  1.77453e+07 1.01527e+07 1.03267e+06 277245 181242 157888 18948.2 26915.3 39366.9 25616.1 10589.1 6623.39 12157.3 6110.48 1040 2896.5
3.76246e+06 3.76246e+06 0.00468486 0.0489701 0.359474 0.424061 0.331297 0.26828 0.248906 0.245608 0.246901 0.24849 0.248893 0.248045 0.24647 0.244742 0.243334 0.242769  2.69864e+07 1.50662e+07 6.32689e+06 943159 234207 178343 203106 27486.5 34902.4 50825.3 32894.3 13503.9 8116.86 14556.5 7149.37 4545.07
800728 800728 0.00167196 0.0178724 0.158249 0.197794 0.143971 0.111237 0.101451 0.0995503 0.0999488 0.100603 0.100794 0.100456 0.0998014 0.099072 0.0984732 0.0982317  3.05816e+07 4.78104e+06 3.06616e+06 731263 124385 38926.6 35059.4 44765.8 6223.36 7492.4 10699.9 6755.28 2695.9 1566.5 2752.69 2173.96
792865 792865 0.00113436 0.0121631 0.110722 0.139398 0.100281 0.0769799 0.0700825 0.0687554 0.069048 0.0695219 0.0696702 0.0694455 0.0689955 0.0684904 0.068074 0.0679058  3.67823e+07 1.6162e+07 2.6218e+06 1.52781e+06 382093 76181 25726.7 23488.9 29541.4 3992.65 4648.04 6403.85 3903.17 1510.04 856.359 2645.02
