1 2 1 1 13.1046 54 3970 3.20498
1 3 1 1 25.6978 54 859 1.63438
1 5 1 1 5.92205 54 194 7.09214
1 6 1 1 10.5245 54 5686 3.99071
1 7 1 1 50.6044 54 751 0.829967
1 10 1 1 52.5732 54 9560 0.798886
1 11 1 1 4.80468 54 828 8.74147
1 14 1 1 32.3749 54 5977 1.2973
1 15 1 1 4.26644 54 266 9.84427
1 18 1 1 40.6596 54 2823 1.03297
1 19 1 1 36.1705 54 666 1.16117
1 22 1 1 17.7478 54 3124 2.36649
1 23 1 1 6.41669 54 50 6.54543
1 26 1 1 50.6099 54 1955 0.829878
1 27 1 1 8.22008 54 145 5.10944
1 30 1 1 24.6442 54 2521 1.70425
1 31 1 1 15.1771 54 311 2.76732
1 34 1 1 17.0507 54 2694 2.46324
1 35 1 1 19.1643 54 170 2.19157
1 38 1 1 62.4035 54 1064 0.673039
1 39 1 1 12.0594 54 60 3.48276
1 42 1 1 28.0855 54 2576 1.49543
1 43 1 1 6.52577 54 5 6.43603
1 44 3 3 3.25798 54 1 12.8914
1 46 1 1 10.1861 54 3633 4.12328
1 47 1 1 5.76263 54 5 7.28834
1 50 1 1 58.4824 54 6266 0.718165
1 51 1 1 17.0766 54 68 2.45951
1 53 1 1 10.5664 54 276 3.97488
1 54 1 1 97.4517 54 2185 0.430983
1 58 1 1 21.0625 54 7160 1.99406
1 62 1 1 18.4886 54 2846 2.27167
1 66 1 1 25.4545 54 1159 1.65
1 70 1 1 25.8609 54 194 1.62407
1 71 1 1 6.40596 54 15 6.55639
1 74 1 1 10.5533 54 1758 3.97981
1 76 1 1 32.0419 54 139 1.31078
1 78 1 1 17.3627 54 5394 2.41897
1 78 3 3 2.3807 54 1 17.6419
1 79 1 1 12.2126 54 284 3.43906
1 82 1 1 44.3657 54 4172 0.946676
1 83 1 1 33.4652 54 734 1.25504
1 83 2 2 51.1353 54 100 0.821351
1 84 1 1 0.97398 54 3 43.122
1 85 3 3 0.0970717 54 2 432.67
1 86 1 1 26.0066 54 1680 1.61498
1 86 2 2 24.0446 54 158 1.74675
1 86 3 3 0.362914 54 1 115.73
1 87 1 1 8.50423 54 40 4.93872
1 90 1 1 12.2933 54 2030 3.41648
1 90 2 2 9.67715 54 100 4.34012
1 91 1 1 35.5469 54 569 1.18154
1 94 1 1 26.6836 54 2326 1.574
1 94 3 3 3.80513 54 1 11.0377
1 95 1 1 17.9343 54 20 2.34188
1 98 1 1 38.5291 54 5174 1.09009
1 99 1 1 105.145 54 3563 0.39945
1 102 1 1 49.354 54 17275 0.850995
1 103 1 1 79.9732 54 3730 0.525176
1 106 1 1 52.7591 54 5314 0.796071
1 107 1 1 44.8649 54 32 0.936145
1 110 1 1 67.0612 54 4552 0.626293
1 111 1 1 60.851 54 692 0.690211
1 113 1 1 8.28594 54 4 5.06883
1 114 1 1 35.6426 54 21772 1.17837
1 114 2 2 71.6768 54 418 0.585964
1 114 3 3 2.71169 54 7 15.4885
1 115 1 1 49.3058 54 3886 0.851827
1 118 1 1 45.6896 54 26023 0.919246
1 118 2 2 33.6754 54 207 1.2472
1 119 1 1 129.818 54 1429 0.323529
1 120 3 3 0.872066 54 3 48.1615
1 122 1 1 44.0551 54 4936 0.953351
1 123 1 1 83.6638 54 4866 0.502009
1 124 1 1 89.1419 54 1139 0.471159
1 124 3 3 0.128482 54 5 326.895
1 125 3 3 37.0996 54 115 1.13209
1 126 1 1 55.6924 54 6555 0.754143
1 126 2 2 27.3834 54 614 1.53378
1 127 1 1 19.6346 54 1194 2.13908
1 128 1 1 14.828 54 1407 2.83249
1 129 1 1 8.99389 54 100 4.66984
1 129 3 3 0.220425 54 2 190.541
1 130 1 1 44.5093 54 8511 0.943624
1 130 2 2 88.6288 54 606 0.473886
1 131 1 1 14.6784 54 3350 2.86135
1 132 1 1 5.08383 54 1359 8.26149
1 133 1 1 14.5122 54 65 2.89411
1 134 1 1 69.1382 54 8222 0.607479
1 134 2 2 57.4895 54 1170 0.730568
1 135 1 1 296.226 54 5277 0.141784
1 136 1 1 78.9728 54 1455 0.531828
1 137 1 1 2.23678 54 30 18.777
1 138 1 1 242.199 54 4376 0.173411
1 138 2 2 85.3614 54 1146 0.492026
1 139 1 1 21.2584 54 2091 1.97569
1 140 1 1 3.40678 54 137 12.3284
1 141 1 1 10.2542 54 84 4.09588
1 142 1 1 73.8842 54 2700 0.568457
1 142 2 2 62.1307 54 508 0.675994
1 143 1 1 76.3511 54 3778 0.55009
1 144 1 1 3.83108 54 85 10.963
1 146 1 1 33.978 54 3632 1.23609
1 146 2 2 28.2722 54 300 1.48556
1 147 1 1 126.021 54 2217 0.333278
1 147 2 2 31.0867 54 224 1.35106
1 148 1 1 17.72 54 1017 2.37021
1 149 1 1 23.1204 54 41 1.81658
1 150 1 1 69.9115 54 7919 0.60076
1 150 2 2 46.6532 54 3414 0.900259
1 151 1 1 141.583 54 6313 0.296646
1 152 1 1 25.2489 54 3476 1.66344
1 153 1 1 20.5873 54 173 2.04009
1 154 1 1 27.9688 54 17818 1.50167
1 155 1 1 155.667 54 14497 0.269806
1 156 1 1 18.7721 54 3079 2.23736
1 157 1 1 25.0816 54 912 1.67454
1 158 1 1 27.0403 54 12114 1.55324
1 159 1 1 37.8127 54 9998 1.11074
1 160 1 1 9.79985 54 4899 4.28578
1 161 1 1 7.39273 54 67 5.68126
1 162 1 1 23.3315 54 14243 1.80014
1 163 1 1 57.841 54 16847 0.726128
1 164 1 1 15.022 54 3786 2.7959
1 165 1 1 22.1337 54 659 1.89756
1 166 1 1 38.224 54 21464 1.09878
1 167 1 1 50.4512 54 12396 0.832488
1 167 3 3 6.84599 54 3 6.13498
1 168 1 1 29.6993 54 8206 1.41417
1 169 1 1 12.6857 54 16 3.31082
1 170 1 1 55.5435 54 14156 0.756164
1 171 1 1 126.557 54 10871 0.331867
1 172 1 1 25.8691 54 3499 1.62356
1 173 3 3 2.26156 54 1 18.5712
1 174 1 1 64.9365 54 2813 0.646785
1 175 1 1 5.6796 54 25 7.39489
1 176 1 1 22.2419 54 45 1.88833
1 176 3 3 5.01806 54 2 8.36977
1 178 1 1 27.0541 54 6216 1.55244
1 179 1 1 52.0948 54 6464 0.806223
1 180 1 1 55.4608 54 874 0.757292
1 182 1 1 71.2739 54 13509 0.589276
1 183 1 1 23.7312 54 3065 1.76982
1 184 1 1 31.7748 54 760 1.3218
1 185 1 1 14.5494 54 89 2.88671
1 186 1 1 41.2108 54 7777 1.01915
1 187 1 1 22.2534 54 3087 1.88735
1 188 1 1 111.11 54 2704 0.378004
2 2 1 4 19.368 54 2480 2.16852
2 3 1 4 59.4766 54 5296 0.70616
2 4 1 4 17.7526 54 499 2.36586
2 6 1 4 12.0105 54 4563 3.49694
2 7 1 4 45.4829 54 5642 0.923424
2 8 1 4 39.0914 54 1425 1.0744
2 10 1 4 25.2393 54 5149 1.66407
2 11 1 4 41.8076 54 4944 1.0046
2 12 1 4 17.6509 54 1010 2.37949
2 12 3 6 0.90358 54 1 46.4818
2 14 1 4 26.1546 54 3782 1.60584
2 15 1 4 27.2955 54 2376 1.53872
2 16 1 4 33.7206 54 450 1.24553
2 16 3 6 14.9196 54 13 2.81509
2 17 2 6 14.8806 54 12 2.82247
2 18 1 4 26.2674 54 192 1.59894
2 19 1 4 33.307 54 4612 1.261
2 20 1 4 9.11939 54 326 4.60557
2 20 3 6 0.803696 54 2 52.2585
2 22 1 4 19.8143 54 1749 2.11968
2 23 1 4 29.7236 54 3446 1.41302
2 24 1 4 60.69 54 1207 0.692041
2 24 3 6 8.31594 54 7 5.05054
2 25 3 6 3.00445 54 1 13.9792
2 26 1 4 33.7665 54 3571 1.24384
2 27 1 4 44.893 54 5790 0.935558
2 27 3 6 1.94822 54 6 21.5581
2 28 1 4 19.7138 54 1494 2.13049
2 29 2 6 16.2495 54 5 2.58469
2 30 1 4 38.5001 54 1000 1.09091
2 31 1 4 44.7201 54 2944 0.939174
2 32 1 4 12.6982 54 580 3.30755
2 34 1 4 14.6537 54 2396 2.86616
2 35 1 4 39.1497 54 4728 1.0728
2 36 1 4 20.1217 54 948 2.0873
2 38 1 4 60.9737 54 2378 0.688821
2 39 1 4 56.1104 54 4288 0.748525
2 40 1 4 32.362 54 1850 1.29782
2 42 1 4 25.0698 54 2909 1.67532
2 43 1 4 37.2799 54 12716 1.12661
2 44 1 4 24.3396 54 1285 1.72558
2 46 1 4 23.5546 54 8558 1.78309
2 47 1 4 32.7938 54 13450 1.28073
2 48 1 4 37.2938 54 2416 1.12619
2 50 1 4 46.9215 54 7592 0.895112
2 51 1 4 42.7206 54 20669 0.983133
2 52 1 4 18.9599 54 2348 2.2152
2 52 3 6 8.78985 54 11 4.77824
2 54 1 4 39.3047 54 4523 1.06858
2 55 1 4 28.0556 54 11310 1.49703
2 56 1 4 23.3594 54 1729 1.79799
2 56 3 6 33.12 54 21 1.26812
2 58 1 4 28.4379 54 5222 1.4769
2 59 1 4 46.8379 54 10215 0.89671
2 60 1 4 19.5548 54 2244 2.14781
2 60 3 6 2.48419 54 2 16.9069
2 62 1 4 30.7556 54 6600 1.36561
2 63 1 4 24.3751 54 9644 1.72307
2 63 3 6 4.46843 54 4 9.39927
2 64 1 4 25.2698 54 2075 1.66206
2 66 1 4 34.0161 54 2300 1.23471
2 67 1 4 26.847 54 7980 1.56442
2 67 3 6 1.84816 54 2 22.7252
2 68 1 4 22.3628 54 962 1.87812
2 68 3 6 0.000216936 54 22 193605
2 70 1 4 28.6371 54 3297 1.46663
2 71 1 4 61.3084 54 8678 0.685061
2 72 1 4 20.9896 54 3388 2.00099
2 74 1 4 69.1033 54 5464 0.607786
2 75 1 4 47.4793 54 5910 0.884597
2 76 1 4 44.8098 54 1646 0.937296
2 78 1 4 22.2628 54 7811 1.88655
2 79 1 4 33.4166 54 14481 1.25686
2 79 3 6 12.3272 54 7 3.40709
2 80 1 4 17.0104 54 3615 2.46907
2 80 3 6 2.39174 54 7 17.5604
2 82 1 4 30.4064 54 5030 1.38129
2 83 1 4 34.2323 54 20094 1.22691
2 83 2 5 50.7843 54 974 0.827027
2 84 1 4 26.0192 54 5041 1.61419
2 84 3 6 22.3333 54 18 1.8806
2 86 1 4 38.8344 54 9675 1.08152
2 86 2 5 22.6162 54 118 1.85708
2 87 1 4 37.0954 54 15213 1.13222
2 87 2 5 25.6398 54 1107 1.63808
2 88 1 4 18.3823 54 3968 2.2848
2 88 3 6 22.832 54 27 1.83953
2 90 1 4 47.5125 54 8618 0.883979
2 90 2 5 40.6447 54 239 1.03335
2 91 1 4 40.8929 54 13488 1.02707
2 91 2 5 74.4989 54 1047 0.563767
2 92 1 4 80.1738 54 6403 0.523862
2 92 2 5 21.3533 54 120 1.96691
2 94 1 4 70.9649 54 8642 0.591842
2 95 1 4 50.5214 54 30146 0.831332
2 96 1 4 18.2616 54 6166 2.2999
2 96 3 6 9.81734 54 3 4.27814
2 98 1 4 32.3242 54 1864 1.29934
2 99 1 4 51.6303 54 32928 0.813475
2 99 3 6 0.846267 54 2 49.6297
2 100 1 4 64.2281 54 4554 0.653919
2 100 3 6 18.6585 54 5 2.25098
2 102 1 4 57.8445 54 7520 0.726085
2 103 1 4 48.9386 54 29963 0.858219
2 103 3 6 34.7304 54 25 1.20931
2 104 1 4 20.3794 54 13466 2.0609
2 104 3 6 34.5531 54 60 1.21552
2 106 1 4 78.4051 54 10129 0.53568
2 107 1 4 56.1379 54 28715 0.748158
2 107 3 6 11.6167 54 8 3.61547
2 108 1 4 161.375 54 10069 0.260264
2 108 3 6 0.100011 54 5 419.954
2 110 1 4 43.1937 54 6215 0.972365
2 110 3 6 1.6072 54 1 26.1324
2 111 1 4 120.191 54 25165 0.349444
2 111 3 6 0.0986495 54 2 425.75
2 112 1 4 105.034 54 4621 0.399869
2 112 3 6 11.4854 54 6 3.65682
2 114 1 4 54.1965 54 17686 0.774957
2 114 2 5 41.3842 54 2112 1.01488
2 115 1 4 67.0079 54 15945 0.626792
2 115 3 6 4.73978 54 2 8.86116
2 116 1 4 18.8007 54 7007 2.23396
2 116 3 6 2.92686 54 1 14.3498
2 118 1 4 137.246 54 19854 0.306019
2 118 2 5 151.495 54 2679 0.277236
2 119 1 4 58.8099 54 41459 0.714166
2 119 2 5 61.1325 54 5527 0.687032
2 119 3 6 26.0429 54 24 1.61272
2 120 1 4 23.9697 54 17917 1.75221
2 120 2 5 58.9232 54 105 0.712792
2 120 3 6 25.6316 54 41 1.6386
2 122 1 4 85.4141 54 15179 0.491722
2 122 2 5 41.1703 54 2582 1.02015
2 123 1 4 116.214 54 52821 0.361401
2 123 2 5 44.0532 54 6051 0.953392
2 123 3 6 2.10355 54 1 19.9662
2 124 1 4 55.7457 54 11162 0.753421
2 124 3 6 1.26381 54 1 33.2329
2 126 1 4 76.7142 54 21947 0.547487
2 126 2 5 63.8656 54 2165 0.657631
2 127 1 4 53.1949 54 44291 0.789549
2 127 2 5 73.0882 54 7199 0.574648
2 128 1 4 24.0907 54 23050 1.74341
2 128 2 5 25.1876 54 421 1.66749
2 130 1 4 90.5039 54 7949 0.464068
2 130 2 5 41.7816 54 742 1.00523
2 131 1 4 100.932 54 35127 0.416123
2 131 2 5 93.4205 54 812 0.44958
2 131 3 6 6.80558 54 11 6.17141
2 132 1 4 55.3638 54 20085 0.758619
2 132 3 6 12.8988 54 7 3.25612
2 134 1 4 98.0293 54 12097 0.428443
2 134 2 5 82.269 54 3287 0.51052
2 135 1 4 72.0572 54 42867 0.58287
2 135 2 5 55.0132 54 5968 0.763453
2 136 1 4 26.0783 54 28832 1.61053
2 136 2 5 32.9812 54 224 1.27345
2 138 1 4 85.3664 54 1117 0.491997
2 138 2 5 70.744 54 5721 0.59369
2 139 1 4 92.0228 54 35555 0.456409
2 139 2 5 74.7211 54 7736 0.56209
2 139 3 6 3.37652 54 3 12.4388
2 140 1 4 20.1259 54 13854 2.08686
2 140 3 6 11.9039 54 12 3.52824
2 142 1 4 90.5414 54 3483 0.463876
2 142 2 5 28.2577 54 1783 1.48632
2 143 1 4 119.31 54 30624 0.352025
2 143 2 5 36.1756 54 1533 1.161
2 144 1 4 46.5504 54 11235 0.902248
2 146 1 4 58.8968 54 3611 0.713112
2 146 2 5 33.8786 54 9855 1.23972
2 147 1 4 64.3665 54 31822 0.652513
2 147 2 5 47.1555 54 5176 0.89067
2 148 1 4 28.0468 54 11552 1.4975
2 150 1 4 98.8741 54 1384 0.424782
2 150 2 5 37.442 54 1940 1.12174
2 151 1 4 32.7721 54 28929 1.28158
2 151 2 5 90.6129 54 2378 0.46351
2 152 1 4 30.5663 54 11518 1.37406
2 154 1 4 34.1136 54 7225 1.23118
2 154 2 5 36.0603 54 101 1.16472
2 155 1 4 73.6889 54 32680 0.569963
2 155 2 5 14.2512 54 399 2.94713
2 156 1 4 34.6613 54 23992 1.21173
2 157 2 6 4.21945 54 2 9.9539
2 158 1 4 43.609 54 781 0.963103
2 159 1 4 69.4419 54 25078 0.604822
2 159 2 5 83.3638 54 524 0.503816
2 159 3 6 19.0849 54 4 2.20069
2 160 1 4 23.2015 54 19973 1.81023
2 162 1 4 27.0865 54 712 1.55059
2 163 1 4 41.1031 54 29289 1.02182
2 163 3 6 3.60329 54 2 11.656
2 164 1 4 34.3517 54 16654 1.22265
2 164 3 6 8.33257 54 3 5.04046
2 166 1 4 91.4731 54 3589 0.459151
2 167 1 4 62.7159 54 31787 0.669686
2 167 3 6 40.5711 54 25 1.03522
2 168 1 4 39.8527 54 11536 1.05388
2 168 3 6 7.65796 54 2 5.48449
2 169 2 6 2.90266 54 5 14.4695
2 170 1 4 102.865 54 2375 0.408302
2 170 2 5 52.8833 54 951 0.794201
2 171 1 4 168.954 54 25077 0.248589
2 171 2 5 96.4179 54 1933 0.435604
2 171 3 6 20.1337 54 17 2.08605
2 172 1 4 80.4217 54 4010 0.522247
2 172 3 6 62.5493 54 57 0.67147
2 173 2 6 7.67742 54 2 5.47059
2 174 1 4 22.8456 54 9212 1.83842
2 174 2 5 14.8101 54 105 2.8359
2 174 3 6 2.34818 54 4 17.8862
2 175 1 4 127.792 54 27674 0.32866
2 175 3 6 25.9944 54 62 1.61573
2 176 1 4 107.565 54 4015 0.390462
2 176 3 6 0.00289473 54 172 14509.1
2 177 2 6 34.5623 54 18 1.2152
2 178 1 4 39.1633 54 7007 1.07243
2 179 1 4 106.914 54 30797 0.392839
2 179 3 6 17.9784 54 34 2.33614
2 180 1 4 51.7244 54 11795 0.811996
2 180 3 6 50.0162 54 108 0.839729
2 182 1 4 72.1645 54 3167 0.582004
2 182 3 6 0.358042 54 1 117.305
2 183 1 4 77.9077 54 30403 0.539099
2 183 3 6 9.85188 54 11 4.26315
2 184 1 4 17.4995 54 5468 2.40007
2 184 3 6 3.56602 54 76 11.7778
2 186 1 4 69.5095 54 6616 0.604234
2 187 1 4 49.3541 54 33982 0.850993
2 187 3 6 16.5667 54 8 2.5352
2 188 1 4 25.669 54 10140 1.63622
2 188 3 6 21.6891 54 12 1.93646
3 1 1 7 33.6649 54 4462 1.24759
3 2 1 7 102.981 54 12381 0.407843
3 3 1 7 87.1486 54 7817 0.481935
3 4 1 7 32.2324 54 2502 1.30304
3 4 2 9 3.46643 54 2 12.1162
3 5 1 7 34.2228 54 1239 1.22725
3 6 1 7 66.7224 54 3891 0.629474
3 7 1 7 75.7005 54 4667 0.554818
3 7 2 9 8.33163 54 9 5.04103
3 8 1 7 34.9988 54 1744 1.20004
3 8 3 9 12.6803 54 4 3.31222
3 9 1 7 41.0965 54 1802 1.02198
3 9 2 9 5.39199 54 7 7.78934
3 10 1 7 74.4218 54 4405 0.564351
3 10 3 9 3.93565 54 5 10.6717
3 11 1 7 45.2207 54 2573 0.928777
3 12 1 7 10.7851 54 6734 3.89425
3 12 2 9 10.2262 54 72 4.10708
3 13 1 7 25.1612 54 1308 1.66923
3 14 1 7 53.5231 54 3073 0.784708
3 15 1 7 35.0387 54 930 1.19867
3 16 1 7 21.4614 54 1072 1.95701
3 17 1 7 32.9819 54 944 1.27342
3 18 1 7 45.7291 54 1000 0.918452
3 19 1 7 14.6712 54 514 2.86275
3 20 1 7 10.1857 54 67 4.12342
3 20 3 9 9.82876 54 4 4.27317
3 21 1 7 24.8591 54 66 1.68952
3 22 1 7 28.5635 54 548 1.47041
3 23 1 7 20.6953 54 110 2.02945
3 24 1 7 38.8457 54 150 1.0812
3 25 1 7 2.02947 54 10 20.6951
3 26 1 7 14.3462 54 263 2.92761
3 27 1 7 15.3144 54 53 2.74252
3 27 2 9 0.441508 54 1 95.1284
3 28 1 7 10.0354 54 255 4.1852
3 28 2 9 1.80247 54 5 23.3013
3 29 1 7 22.2094 54 3576 1.89109
3 30 1 7 56.3665 54 2229 0.745123
3 31 1 7 38.9099 54 1069 1.07942
3 32 1 7 28.3418 54 111 1.48191
3 33 1 7 49.5438 54 411 0.847735
3 34 1 7 22.798 54 100 1.84226
3 35 1 7 7.82183 54 5 5.36959
3 36 1 7 17.6213 54 113 2.38347
3 37 1 7 26.5963 54 272 1.57917
3 38 1 7 31.5984 54 888 1.32918
3 39 1 7 28.502 54 145 1.47358
3 40 1 7 23.7796 54 160 1.76622
3 41 1 7 39.9815 54 183 1.05049
3 42 1 7 17.4556 54 562 2.40611
3 43 1 7 43.4911 54 35 0.965714
3 44 1 7 30.0562 54 331 1.39738
3 45 1 7 35.5127 54 405 1.18268
3 46 1 7 21.1945 54 600 1.98165
3 47 1 7 27.3867 54 70 1.53359
3 48 1 7 23.9789 54 191 1.75154
3 48 3 9 0.349042 54 1 120.329
3 49 1 7 58.1251 54 497 0.72258
3 50 1 7 23.1677 54 132 1.81287
3 50 3 9 0.588286 54 3 71.3938
3 51 1 7 11.6676 54 5 3.59972
3 52 1 7 36.215 54 132 1.15974
3 53 1 7 32.3357 54 205 1.29887
3 54 1 7 44.8119 54 1094 0.937251
3 54 3 9 8.18321 54 2 5.13246
3 55 1 7 29.715 54 275 1.41343
3 55 3 9 3.35828 54 1 12.5064
3 56 1 7 10.6514 54 100 3.94316
3 57 1 7 13.9702 54 188 3.0064
3 58 1 7 85.335 54 407 0.492178
3 60 1 7 106.524 54 225 0.394278
3 61 1 7 30.5558 54 518 1.37453
3 62 1 7 8.86779 54 128 4.73624
3 63 1 7 20.428 54 48 2.056
3 64 1 7 47.4365 54 150 0.885395
3 65 1 7 37.3099 54 223 1.12571
3 66 1 7 35.7266 54 659 1.17559
3 67 1 7 12.1942 54 86 3.44425
3 68 1 7 28.5767 54 154 1.46973
3 69 1 7 19.2257 54 738 2.18458
3 70 1 7 58.7335 54 1502 0.715094
3 71 1 7 11.8818 54 25 3.53482
3 71 3 9 2.87917 54 2 14.5875
3 72 1 7 53.4349 54 364 0.786004
3 72 3 9 10.2025 54 6 4.11665
3 73 1 7 74.1465 54 293 0.566446
3 74 1 7 77.818 54 422 0.539721
3 74 3 9 13.2756 54 4 3.1637
3 75 1 7 39.5112 54 435 1.06299
3 76 1 7 12.1917 54 160 3.44496
3 77 1 7 14.7257 54 139 2.85216
3 78 1 7 31.1943 54 192 1.3464
3 78 2 8 21.0068 54 72 1.99935
3 78 3 9 2.26118 54 2 18.5744
3 79 1 7 23.4455 54 15 1.79139
3 79 3 9 2.90876 54 1 14.4392
3 80 1 7 50.4772 54 298 0.832059
3 80 3 9 4.3529 54 1 9.64874
3 81 1 7 12.4653 54 92 3.36934
3 81 3 9 22.929 54 4 1.83174
3 82 1 7 53.3338 54 898 0.787493
3 82 3 9 20.4564 54 11 2.05315
3 83 1 7 9.01119 54 5 4.66087
3 83 3 9 0.864494 54 3 48.5833
3 84 1 7 64.6187 54 175 0.649966
3 84 3 9 2.73827 54 1 15.3382
3 85 1 7 80.033 54 428 0.524783
3 86 1 7 78.0072 54 720 0.538412
3 86 3 9 28.3969 54 10 1.47903
3 87 1 7 8.20576 54 7 5.11835
3 87 3 9 3.75779 54 1 11.1768
3 88 1 7 46.2794 54 90 0.907532
3 88 3 9 15.5697 54 7 2.69754
3 89 1 7 29.7221 54 659 1.41309
3 90 1 7 32.9167 54 1182 1.27595
3 91 1 7 30.3478 54 25 1.38395
3 92 1 7 91.3161 54 304 0.459941
3 92 3 9 11.4689 54 5 3.66207
3 93 1 7 13.9973 54 829 3.00058
3 93 3 9 3.08323 54 1 13.6221
3 94 1 7 35.8387 54 948 1.17192
3 94 2 8 17.1891 54 240 2.44341
3 95 1 7 13.8112 54 15 3.04102
3 95 3 9 0.597395 54 1 70.3052
3 96 1 7 28.73 54 212 1.46188
3 96 3 9 2.1667 54 1 19.3843
3 97 1 7 34.2925 54 584 1.22476
3 98 1 7 15.4719 54 280 2.71459
3 98 2 8 18.485 54 145 2.27212
3 98 3 9 12.5594 54 4 3.34411
3 99 2 8 75.8609 54 1868 0.553645
3 99 3 9 13.5471 54 10 3.1003
3 100 1 7 49.8931 54 97 0.841799
3 100 2 8 23.7232 54 3345 1.77042
3 100 3 9 6.32834 54 10 6.63682
3 101 1 7 54.963 54 413 0.76415
3 102 1 7 17.0333 54 103 2.46576
3 103 1 7 9.23451 54 57 4.54816
3 103 3 9 9.43485 54 2 4.45158
3 104 1 7 21.0936 54 41 1.99112
3 104 3 9 6.99317 54 10 6.00586
3 105 1 7 15.4917 54 30 2.71112
3 106 1 7 14.7151 54 181 2.85422
3 108 1 7 13.3467 54 60 3.14685
3 109 1 7 43.6829 54 56 0.961474
3 110 1 7 5.16623 54 9 8.12971
3 112 1 7 14.3606 54 99 2.92467
3 113 1 7 9.48373 54 99 4.42864
3 114 1 7 53.2028 54 202 0.789432
3 116 1 7 29.768 54 48 1.41091
3 116 3 9 4.04942 54 1 10.3719
3 118 1 7 93.3173 54 5977 0.450077
3 119 1 7 11.1936 54 15 3.75214
3 120 1 7 9.18415 54 6 4.5731
3 121 1 7 27.8829 54 4625 1.5063
3 121 3 9 0.0610145 54 1 688.361
3 122 1 7 46.5389 54 4949 0.902471
3 124 1 7 21.9997 54 627 1.90911
3 124 3 9 3.60529e-07 54 4 1.16496e+08
3 125 1 7 35.1456 54 1285 1.19503
3 125 3 9 0.0421599 54 3 996.206
3 126 1 7 61.2241 54 1296 0.686004
3 126 2 8 84.1346 54 780 0.4992
3 128 1 7 53.4267 54 378 0.786123
3 128 3 9 6.23486 54 3 6.73632
3 129 1 7 32.6138 54 3022 1.2878
3 130 1 7 12.0387 54 393 3.48873
3 131 2 8 3.57305 54 282 11.7547
3 132 1 7 21.6671 54 414 1.93843
3 133 1 7 108.822 54 3098 0.385953
3 134 1 7 16.8748 54 525 2.48892
3 135 1 7 7.79763 54 361 5.38625
3 136 1 7 11.1014 54 313 3.78329
3 137 1 7 33.7726 54 1603 1.24361
3 137 3 9 13.8754 54 20 3.02695
3 138 1 7 126.173 54 1447 0.332877
3 138 3 9 10.704 54 4 3.92378
3 139 1 7 26.7138 54 76 1.57222
3 140 1 7 17.5626 54 175 2.39145
3 140 2 8 3.62178 54 139 11.5965
3 140 3 9 14.2459 54 7 2.94821
3 141 1 7 80.0927 54 640 0.524392
3 142 1 7 67.8875 54 272 0.618671
3 143 1 7 12.2123 54 282 3.43917
3 144 1 7 18.2013 54 547 2.30753
3 145 1 7 89.9037 54 2342 0.467166
3 146 1 7 108.269 54 630 0.387922
3 147 1 7 15.9548 54 50 2.63243
3 148 1 7 23.9855 54 948 1.75106
3 149 1 7 54.4905 54 7373 0.770776
3 150 1 7 64.5207 54 5092 0.650954
3 151 1 7 59.0298 54 1842 0.711505
3 152 1 7 31.0311 54 166 1.35348
3 153 1 7 47.3347 54 7284 0.887298
3 154 1 7 35.3506 54 2667 1.1881
3 155 1 7 26.3027 54 682 1.59679
3 156 1 7 5.51369 54 243 7.6174
3 157 1 7 57.9833 54 14501 0.724346
3 157 3 9 8.26767 54 7 5.08003
3 158 1 7 16.133 54 6628 2.60335
3 158 2 8 9.32045 54 8 4.50622
3 159 1 7 12.3501 54 1061 3.40079
3 160 3 9 11.2826 54 53 3.72256
3 161 1 7 32.1714 54 10178 1.30551
3 162 1 7 35.4741 54 2135 1.18396
3 162 2 8 13.7164 54 17 3.06203
3 163 1 7 14.5472 54 966 2.88715
3 164 1 7 24.7886 54 1132 1.69433
3 164 2 8 1.82453 54 28 23.0196
3 165 1 7 7.75825 54 10834 5.41359
3 166 1 7 103.537 54 2765 0.405653
3 166 2 8 22.4997 54 35 1.86669
3 166 3 9 16.3321 54 4 2.57162
3 168 1 7 25.94 54 502 1.61912
3 169 1 7 12.9386 54 4864 3.2461
3 169 2 8 25.0954 54 58 1.67362
3 169 3 9 20.9355 54 10 2.00616
3 170 1 7 52.5557 54 5051 0.799151
3 170 2 8 13.8525 54 245 3.03194
3 171 3 9 39.0019 54 28 1.07687
3 172 1 7 35.8437 54 620 1.17176
3 172 3 9 21.9272 54 15 1.91543
3 173 1 7 10.6897 54 9440 3.92902
3 173 3 9 19.1708 54 123 2.19083
3 174 1 7 47.0317 54 3587 0.893015
3 174 2 8 10.7752 54 199 3.89783
3 174 3 9 11.9957 54 144 3.50126
3 175 3 9 6.04312 54 7 6.95005
3 176 1 7 9.24163 54 610 4.54465
3 176 3 9 1.64935 54 1 25.4645
3 177 1 7 21.8519 54 5029 1.92203
3 177 3 9 37.4313 54 63 1.12206
3 178 1 7 50.4706 54 711 0.832168
3 178 2 8 21.6474 54 169 1.94018
3 179 2 8 2.31627 54 104 18.1326
3 179 3 9 13.2047 54 9 3.18069
3 180 1 7 19.4121 54 473 2.16359
3 180 3 9 55.6449 54 37 0.754787
3 181 1 7 27.2388 54 2341 1.54192
3 181 2 8 35.8114 54 38 1.17281
3 181 3 9 23.9099 54 54 1.7566
3 182 1 7 16.683 54 1273 2.51754
3 182 2 8 16.4057 54 97 2.56008
3 182 3 9 17.9288 54 9 2.3426
3 183 2 8 6.75305 54 40 6.21941
3 183 3 9 1.67351 54 7 25.0969
3 184 1 7 23.6622 54 914 1.77498
3 184 2 8 26.5923 54 20 1.5794
3 185 3 9 15.0143 54 8 2.79733
3 186 2 8 14.5726 54 30 2.88212
3 187 3 9 4.34059 54 2 9.67611
3 188 3 9 18.4207 54 6 2.28004
4 1 1 22 24.6265 54 579 1.70548
4 1 2 23 96.671 54 195 0.434463
4 2 1 22 21.9381 54 540 1.91448
4 2 2 23 40.1406 54 145 1.04632
4 3 1 22 15.4215 54 514 2.72347
4 3 2 23 66.098 54 56 0.63542
4 4 2 23 41.9901 54 83 1.00024
4 5 2 23 172.79 54 267 0.24307
4 6 2 23 48.7231 54 283 0.862013
4 7 1 22 50.7829 54 3002 0.82705
4 7 2 23 11.9565 54 90 3.51274
4 8 1 22 2.20398 54 234 19.0564
4 8 2 23 152.152 54 936 0.27604
4 9 2 23 57.4967 54 433 0.730477
4 10 1 22 4.93882 54 68 8.50406
4 10 2 23 73.3025 54 253 0.572968
4 11 1 22 34.1042 54 618 1.23152
4 11 2 23 2.63337e-05 54 73 1.59491e+06
4 12 2 23 16.3897 54 370 2.56258
4 13 2 23 97.8882 54 410 0.429061
4 14 1 22 18.059 54 81 2.32571
4 14 2 23 21.0305 54 271 1.9971
4 15 1 22 58.0369 54 728 0.723677
4 15 2 23 34.2959 54 165 1.22464
4 16 2 23 92.9851 54 463 0.451685
4 17 1 22 15.6799 54 40 2.67859
4 17 2 23 108.408 54 637 0.387427
4 18 2 23 113.483 54 920 0.370099
4 19 1 22 44.1603 54 172 0.951081
4 19 2 23 49.109 54 54 0.85524
4 20 2 23 51.4803 54 20 0.815846
4 21 2 23 65.671 54 44 0.639552
4 22 1 22 25.8525 54 20 1.6246
4 22 2 23 99.7451 54 365 0.421073
4 23 1 22 16.7418 54 29 2.50869
4 23 2 23 16.8599 54 29 2.49112
4 24 2 23 38.1312 54 65 1.10146
4 25 2 23 81.91 54 416 0.512758
4 26 1 22 47.5937 54 1785 0.88247
4 26 2 23 133.797 54 870 0.313909
4 27 1 22 18.6833 54 29 2.24799
4 27 2 23 36.9265 54 227 1.13739
4 28 1 22 5.88742 54 15 7.13385
4 28 2 23 40.9263 54 31 1.02624
4 29 1 22 14.6571 54 338 2.8655
4 29 2 23 13.0542 54 105 3.21734
4 30 1 22 39.8589 54 1011 1.05372
4 30 2 23 96.2513 54 520 0.436358
4 31 2 23 42.7574 54 44 0.982286
4 32 1 22 6.98924 54 230 6.00924
4 32 2 23 65.2714 54 130 0.643467
4 33 2 23 149.378 54 325 0.281166
4 34 2 23 155.575 54 236 0.269966
4 35 2 23 32.6594 54 30 1.286
4 36 2 23 24.5392 54 90 1.71155
4 37 1 22 16.3337 54 5 2.57137
4 37 2 23 23.9564 54 355 1.75319
4 38 2 23 122.782 54 440 0.34207
4 39 1 22 46.7823 54 70 0.897776
4 39 2 23 35.5915 54 145 1.18006
4 40 2 23 26.5776 54 113 1.58028
4 41 1 22 25.556 54 45 1.64345
4 41 2 23 69.4639 54 320 0.60463
4 42 1 22 6.24003 54 6 6.73074
4 42 2 23 44.2251 54 165 0.949686
4 43 1 22 37.7615 54 54 1.11224
4 43 2 23 21.2118 54 5 1.98003
4 44 2 23 19.206 54 27 2.18682
4 45 1 22 34.0654 54 221 1.23292
4 45 2 23 104.713 54 90 0.401098
4 46 1 22 4.42383 54 94 9.49403
4 46 2 23 42.8323 54 227 0.980569
4 47 1 22 6.85303 54 16 6.12867
4 47 2 23 37.2737 54 114 1.1268
4 48 2 23 60.5433 54 87 0.693719
4 49 1 22 44.3184 54 343 0.947688
4 49 2 23 45.3482 54 113 0.926167
4 50 1 22 38.0972 54 148 1.10244
4 50 2 23 12.3123 54 222 3.41121
4 51 2 23 59.3997 54 81 0.707074
4 52 1 22 5.39688 54 25 7.78228
4 52 2 23 34.0856 54 52 1.23219
4 53 1 22 9.45177 54 96 4.44361
4 53 2 23 52.7149 54 67 0.796739
4 54 1 22 39.1751 54 1023 1.07211
4 54 2 23 0.00164794 54 288 25486.3
4 55 1 22 17.9393 54 631 2.34122
4 55 2 23 39.9456 54 76 1.05143
4 56 1 22 76.2193 54 203 0.551041
4 56 2 23 92.0843 54 50 0.456104
4 57 1 22 8.52857 54 35 4.92462
4 57 2 23 51.6079 54 448 0.813829
4 58 2 23 92.3966 54 358 0.454562
4 59 1 22 8.04845 54 13 5.21839
4 59 2 23 91.8219 54 132 0.457407
4 60 1 22 5.55757 54 11 7.55726
4 60 2 23 15.7133 54 15 2.67289
4 61 1 22 78.9679 54 108 0.531862
4 61 2 23 58.3212 54 18 0.720149
4 62 1 22 5.14999 54 25 8.15535
4 62 2 23 51.9623 54 95 0.808278
4 63 1 22 30.7162 54 70 1.36736
4 63 2 23 23.6608 54 21 1.77509
4 64 2 23 11.3377 54 34 3.70446
4 65 1 22 9.30056 54 115 4.51586
4 65 2 23 107.532 54 44 0.390581
4 66 1 22 24.1285 54 57 1.74068
4 66 2 23 56.6909 54 580 0.740859
4 67 2 23 55.2429 54 52 0.760279
4 68 1 22 2.05547 54 9 20.4333
4 68 2 23 47.3648 54 85 0.886734
4 69 1 22 13.5255 54 47 3.10524
4 69 2 23 57.7001 54 252 0.727901
4 70 1 22 24.6413 54 102 1.70446
4 70 2 23 39.3201 54 388 1.06816
4 71 2 23 25.8351 54 31 1.62569
4 72 1 22 8.37493 54 79 5.01496
4 72 2 23 30.3139 54 69 1.3855
4 73 1 22 0.940957 54 24 44.6354
4 73 2 23 49.6474 54 27 0.845965
4 74 1 22 39.6343 54 248 1.05969
4 74 2 23 18.3583 54 33 2.28779
4 75 1 22 4.13303 54 75 10.162
4 75 2 23 4.86882 54 11 8.62631
4 76 1 22 14.1912 54 23 2.95958
4 76 2 23 67.7404 54 111 0.620014
4 77 1 22 15.5673 54 104 2.69797
4 77 2 23 234.059 54 765 0.179442
4 78 1 22 72.2298 54 83 0.581477
4 78 2 23 39.1932 54 346 1.07161
4 79 2 23 44.4056 54 36 0.945826
4 80 1 22 55.9433 54 70 0.75076
4 80 2 23 44.3754 54 43 0.94647
4 81 2 23 0.000359718 54 159 116758
4 82 1 22 24.3239 54 1034 1.7267
4 82 2 23 68.4447 54 161 0.613634
4 83 2 23 0.591541 54 31 71.001
4 84 1 22 14.5509 54 25 2.88643
4 84 2 23 82.6821 54 123 0.50797
4 85 1 22 6.00511 54 20 6.99404
4 85 2 23 58.1971 54 2165 0.721686
4 86 1 22 11.527 54 68 3.64363
4 86 2 23 56.1632 54 272 0.747821
4 87 2 23 0.422783 54 17 99.3417
4 88 1 22 19.2621 54 171 2.18045
4 88 2 23 90.8287 54 72 0.462409
4 89 1 22 39.0641 54 110 1.07516
4 89 2 23 187.449 54 437 0.224061
4 90 1 22 23.2225 54 120 1.80859
4 90 2 23 50.4169 54 175 0.833055
4 91 2 23 30.9849 54 18 1.3555
4 92 1 22 15.5163 54 45 2.70683
4 92 2 23 88.2237 54 810 0.476063
4 93 1 22 4.97179 54 6 8.44767
4 93 2 23 72.5777 54 3510 0.57869
4 94 1 22 85.3576 54 215 0.492047
4 94 2 23 19.785 54 125 2.12282
4 95 2 23 14.9558 54 12 2.80827
4 96 1 22 35.2711 54 218 1.19078
4 96 2 23 1.86029e-05 54 32 2.25772e+06
4 97 1 22 22.2848 54 25 1.88469
4 97 2 23 51.8898 54 178 0.809407
4 98 1 22 13.585 54 145 3.09164
4 98 2 23 27.3718 54 176 1.53443
4 99 2 23 23.0482 54 8 1.82227
4 100 1 22 22.9226 54 229 1.83225
4 100 2 23 45.7375 54 44 0.918285
4 101 1 22 3.32121 54 47 12.646
4 101 2 23 97.4497 54 295 0.430991
4 102 1 22 27.957 54 45 1.50231
4 102 2 23 69.7672 54 233 0.602002
4 103 2 23 24.4381 54 19 1.71863
4 104 1 22 57.2947 54 275 0.733052
4 104 2 23 66.7272 54 40 0.629428
4 105 1 22 25.286 54 1018 1.661
4 105 2 23 86.6524 54 103 0.484695
4 106 1 22 7.96509 54 14 5.27301
4 106 2 23 41.606 54 204 1.00947
4 107 2 23 14.7583 54 4 2.84585
4 108 1 22 16.5064 54 491 2.54446
4 108 2 23 52.6725 54 29 0.797379
4 109 1 22 66.8617 54 6476 0.628163
4 109 2 23 94.7616 54 378 0.443217
4 110 1 22 6.34383 54 105 6.62061
4 110 2 23 26.8913 54 400 1.56184
4 111 1 23 4.66699 54 1 8.99938
4 112 1 22 22.1518 54 277 1.89601
4 112 2 23 17.1263 54 18 2.45236
4 113 1 22 24.7487 54 3674 1.69706
4 113 2 23 44.7163 54 190 0.939256
4 114 2 23 49.6868 54 73 0.845294
4 115 2 23 12.9052 54 5 3.2545
4 116 1 22 17.4704 54 358 2.40407
4 116 2 23 5.19523e-05 54 56 808433
4 117 2 23 214.103 54 1052 0.196167
4 118 1 22 24.0514 54 3470 1.74626
4 118 2 23 65.3356 54 560 0.642834
4 119 2 23 3.86478 54 2 10.8674
4 120 1 22 22.0481 54 1194 1.90492
4 120 2 23 89.8237 54 58 0.467583
4 121 1 22 21.9277 54 1283 1.91538
4 121 2 23 235.906 54 146 0.178037
4 122 1 22 13.6013 54 3907 3.08794
4 122 2 23 28.8299 54 33 1.45682
4 123 2 23 0.482466 54 17 87.0527
4 124 1 22 33.9798 54 415 1.23603
4 124 2 23 64.4566 54 113 0.651602
4 125 1 22 76.1438 54 1400 0.551588
4 125 2 23 119.904 54 3577 0.350279
4 126 1 22 32.7797 54 2466 1.28128
4 126 2 23 36.0726 54 67 1.16432
4 127 1 23 2.94444 54 14 14.2642
4 128 1 22 10.1667 54 234 4.13115
4 128 2 23 40.832 54 36 1.0286
4 129 1 22 15.9716 54 176 2.62967
4 129 2 23 1.0909 54 27 38.5005
4 130 1 22 14.6906 54 104 2.85897
4 130 2 23 75.619 54 257 0.555416
4 131 2 23 10.4599 54 9 4.01533
4 132 1 22 5.50887 54 250 7.62406
4 132 2 23 57.8247 54 44 0.726333
4 133 2 23 81.929 54 436 0.512639
4 134 1 22 18.8662 54 149 2.22621
4 134 2 23 2.12451 54 18 19.7693
4 136 1 22 28.5511 54 275 1.47105
4 137 2 23 82.6379 54 98 0.508242
4 138 2 23 10.7863 54 89 3.89383
4 139 2 23 2.01716e-07 54 7 2.08214e+08
4 140 1 22 10.9414 54 183 3.83864
4 140 2 23 91.1206 54 22 0.460928
4 141 1 22 34.0097 54 720 1.23494
4 142 1 22 58.9224 54 329 0.712802
4 144 1 22 85.0821 54 399 0.493641
4 145 1 22 50.6742 54 541 0.828825
4 146 1 22 9.02002 54 84 4.65631
4 148 1 22 5.79181 54 150 7.25162
4 152 1 22 9.71146 54 17 4.32479
4 153 1 22 24.1601 54 400 1.7384
4 156 1 22 29.5867 54 330 1.41956
4 157 2 23 101.514 54 187 0.413738
4 158 1 22 13.1821 54 208 3.18613
4 158 2 23 88.1948 54 22 0.476219
4 159 1 22 23.9437 54 189 1.75412
4 159 2 23 6.39527 54 5 6.56735
4 160 1 22 15.2459 54 629 2.75485
4 160 2 23 31.4468 54 10 1.33559
4 161 2 23 12.5981 54 118 3.33385
4 162 2 23 13.119 54 70 3.20146
4 163 1 22 24.2328 54 175 1.73319
4 163 2 23 16.9989 54 3 2.47075
4 164 2 23 83.3395 54 586 0.503963
4 165 2 23 54.8937 54 266 0.765115
4 166 2 23 26.9577 54 161 1.558
4 167 2 23 6.26386 54 7 6.70513
4 168 2 23 3.0471 54 24 13.7836
4 169 2 23 80.2898 54 96 0.523105
4 170 2 23 95.757 54 36 0.43861
4 171 2 23 18.8192 54 41 2.23177
4 172 2 23 22.0359 54 16 1.90598
4 173 1 22 6.66224 54 1394 6.30418
4 173 2 23 113.993 54 251 0.368445
4 174 2 23 87.7499 54 89 0.478633
4 175 2 23 7.60621 54 2 5.5218
4 176 1 22 8.83122 54 50 4.75585
4 176 2 23 43.0868 54 59 0.974777
4 177 1 22 9.8583 54 523 4.26037
4 177 2 23 17.6826 54 70 2.37522
4 178 1 22 31.8791 54 1018 1.31748
4 178 2 23 8.09662e-05 54 134 518735
4 179 2 23 40.9378 54 48 1.02595
4 180 1 22 35.1638 54 200 1.19441
4 180 2 23 1.23101 54 60 34.1183
4 181 1 22 24.2418 54 827 1.73255
4 181 2 23 50.4333 54 76 0.832783
4 182 2 23 77.5099 54 45 0.541866
4 183 2 23 208.152 54 1136 0.201776
4 184 1 22 28.366 54 291 1.48064
4 184 2 23 0.000225321 54 190 186401
4 185 2 23 110.788 54 267 0.379102
4 186 2 23 0.000218337 54 79 192363
4 187 2 23 7.08152 54 20 5.93093
5 2 5 17 7.81024 54 7 5.37756
5 3 5 17 10.9323 54 3 3.84181
5 5 7 17 11.9823 54 5 3.50516
5 6 5 17 18.1117 54 11 2.31895
5 7 5 17 23.5772 54 34 1.78138
5 8 7 17 13.0936 54 23 3.20768
5 9 7 17 0.000138232 54 104 303838
5 10 5 17 15.1256 54 39 2.77675
5 11 6 17 11.5235 54 11 3.64474
5 12 7 17 18.2203 54 108 2.30513
5 13 7 17 5.09657 54 19 8.24083
5 14 7 17 2.12361 54 117 19.7776
5 15 7 17 4.25952 54 5 9.86026
5 16 7 17 20.8576 54 45 2.01366
5 17 7 17 28.8348 54 80 1.45657
5 20 7 17 8.64056 54 19 4.8608
5 21 7 17 2.34762 54 1 17.8904
5 23 7 17 4.73121 54 4 8.87723
5 27 7 17 3.32144 54 11 12.6451
5 28 7 17 3.34367 54 9 12.5611
5 29 7 17 0.329419 54 1 127.497
5 33 1 10 10.8921 54 126 3.85601
5 33 3 12 26.1958 54 3957 1.60331
5 34 1 10 4.53514 54 7 9.26101
5 34 3 12 16.2981 54 3375 2.57699
5 35 1 10 2.77849 54 25 15.1161
5 35 3 12 18.5819 54 3445 2.26027
5 36 1 10 9.03555 54 175 4.64831
5 36 3 12 26.5606 54 2391 1.58129
5 37 1 10 6.5766 54 154 6.38628
5 37 3 12 20.0593 54 2556 2.09379
5 38 1 10 7.87474 54 189 5.33351
5 38 3 12 21.003 54 3614 1.99971
5 39 1 10 11.7954 54 100 3.56071
5 39 3 12 27.5087 54 2543 1.52679
5 40 1 10 7.93213 54 95 5.29492
5 40 3 12 43.832 54 1540 0.958203
5 41 1 10 67.4023 54 235 0.623124
5 41 3 12 44.5951 54 1312 0.941808
5 42 1 10 20.5053 54 411 2.04825
5 42 3 12 113.684 54 2347 0.369446
5 43 1 10 25.2106 54 1102 1.66597
5 43 3 12 159.566 54 1728 0.263214
5 44 1 10 47.056 54 947 0.892553
5 44 3 12 58.0079 54 3435 0.724039
5 44 6 17 8.4091 54 3 4.99459
5 45 1 10 16.2483 54 724 2.58489
5 45 3 12 40.6099 54 2759 1.03423
5 46 1 10 22.357 54 362 1.8786
5 46 3 12 62.714 54 3902 0.669707
5 47 1 10 23.9321 54 162 1.75497
5 47 3 12 111.834 54 2286 0.375557
5 48 1 10 32.3527 54 617 1.29819
5 48 3 12 28.969 54 1635 1.44983
5 49 1 10 48.6289 54 1413 0.863684
5 49 3 12 51.5777 54 2152 0.814306
5 50 1 10 58.6607 54 658 0.715982
5 50 3 12 77.307 54 1459 0.543289
5 51 1 10 26.5736 54 1034 1.58052
5 51 3 12 46.3491 54 1032 0.906166
5 52 1 10 28.1755 54 1493 1.49066
5 52 3 12 57.0339 54 1075 0.736404
5 53 1 10 17.3383 54 1218 2.42238
5 53 3 12 32.5756 54 1263 1.28931
5 53 4 13 32.821 54 1426 1.27967
5 54 1 10 41.3698 54 839 1.01523
5 54 2 11 27.3208 54 2040 1.53729
5 54 3 12 55.3536 54 1046 0.758758
5 54 4 13 29.5624 54 738 1.42072
5 55 1 10 43.2128 54 834 0.971935
5 55 2 11 79.097 54 3208 0.530994
5 55 3 12 75.5168 54 377 0.556168
5 55 4 13 21.7251 54 2659 1.93325
5 56 1 10 33.6657 54 862 1.24756
5 56 2 11 24.6288 54 4235 1.70532
5 56 3 12 24.7253 54 515 1.69866
5 56 4 13 19.1075 54 2555 2.19809
5 57 1 10 11.5161 54 4 3.64705
5 57 4 13 4.92293 54 3677 8.53151
5 58 1 10 25.8801 54 815 1.62287
5 58 3 12 13.0314 54 1890 3.223
5 58 4 13 27.5383 54 9215 1.52515
5 59 1 10 71.6321 54 810 0.58633
5 59 3 12 25.3385 54 1561 1.65756
5 59 4 13 39.2789 54 16489 1.06928
5 60 1 10 81.9683 54 1260 0.512393
5 60 3 12 21.5151 54 2826 1.95212
5 60 4 13 31.758 54 12907 1.3225
5 61 1 10 56.0576 54 877 0.74923
5 61 3 12 19.1153 54 5114 2.19719
5 61 4 13 22.6012 54 13467 1.85831
5 62 1 10 57.0492 54 1116 0.736207
5 62 2 11 198.779 54 3511 0.21129
5 62 3 12 62.5719 54 884 0.671228
5 62 4 13 18.9895 54 19680 2.21175
5 63 1 10 32.9357 54 1310 1.27521
5 63 2 11 130.96 54 4056 0.320709
5 63 3 12 34.3842 54 651 1.22149
5 63 4 13 63.1098 54 16499 0.665507
5 64 1 10 48.7738 54 1700 0.861118
5 64 2 11 77.6292 54 3816 0.541033
5 64 3 12 37.8818 54 467 1.10871
5 64 4 13 45.5206 54 21384 0.922659
5 66 6 15 8.5558 54 161 4.90895
5 67 5 14 25.844 54 408 1.62514
5 67 6 15 9.43614 54 96 4.45097
5 70 5 14 7.5087 54 111 5.59351
5 71 6 15 21.0523 54 84 1.99503
5 73 4 13 13.8215 54 258 3.03874
5 74 4 13 8.36359 54 619 5.02177
5 75 4 13 2.96428 54 1291 14.1687
5 76 4 13 0.786614 54 1236 53.3934
5 78 5 14 74.9361 54 773 0.560478
5 78 6 15 121.243 54 1152 0.346412
5 79 4 13 9.18635 54 755 4.572
5 80 4 13 3.05948 54 345 13.7278
5 82 3 12 5.97087 54 103 7.03415
5 85 1 10 82.158 54 14963 0.51121
5 85 3 12 96.2883 54 11961 0.43619
5 86 1 10 52.6104 54 16437 0.798322
5 86 3 12 153.546 54 9969 0.273533
5 87 1 10 62.6917 54 16367 0.669946
5 87 3 12 54.6097 54 10233 0.769095
5 88 1 10 97.6777 54 13579 0.429985
5 88 3 12 281.956 54 7450 0.148959
5 89 1 10 48.0927 54 16615 0.873313
5 89 3 12 66.153 54 9794 0.634892
5 90 1 10 103.093 54 16805 0.407399
5 90 3 12 65.8321 54 8121 0.637986
5 91 1 10 130.767 54 13262 0.321183
5 91 3 12 114.399 54 7580 0.367137
5 92 1 10 46.8467 54 10947 0.89654
5 92 3 12 82.8582 54 7253 0.50689
5 94 5 14 10.6721 54 46.9155 3.93549
5 99 5 14 92.8576 54 905.681 0.452306
5 99 6 15 65.1059 54 500.874 0.645102
5 100 5 14 17.4824 54 441.75 2.40242
5 101 1 10 22.2452 54 1341 1.88804
5 101 3 12 55.6472 54 3829 0.754756
5 101 5 14 14.9377 54 61.4007 2.81168
5 101 6 15 37.1819 54 40.0001 1.12958
5 102 1 10 35.0648 54 1792 1.19778
5 102 3 12 118.61 54 4948 0.354101
5 103 1 10 11.6306 54 2598 3.61116
5 103 3 12 94.2549 54 4751 0.4456
5 104 1 10 14.8894 54 759 2.8208
5 104 3 12 40.9447 54 664 1.02577
5 105 1 10 4.98111 54 219 8.43185
5 105 3 12 42.1156 54 1266 0.997255
5 106 1 10 45.155 54 982 0.930129
5 106 3 12 113.779 54 3552 0.369136
5 107 1 10 28.8789 54 2359 1.45435
5 107 3 12 131.761 54 6106 0.31876
5 108 1 10 19.2455 54 39 2.18232
5 108 3 12 29.4697 54 2329 1.42519
5 109 1 10 78.658 54 532 0.533957
5 109 3 12 57.116 54 3491 0.735346
5 109 5 14 4.96104 54 87.9746 8.46597
5 109 6 15 14.318 54 180 2.93337
5 110 1 10 51.9358 54 132 0.80869
5 110 3 12 38.1732 54 3037 1.10025
5 110 6 15 24.3221 54 336.926 1.72682
5 110 7 17 6.34343e-08 54 1 6.62102e+08
5 111 1 10 22.7973 54 53 1.84232
5 111 3 12 42.4415 54 137 0.989597
5 112 1 10 0.318863 54 64 131.718
5 112 3 12 2.52452 54 128 16.6368
5 113 1 10 38.8722 54 674 1.08046
5 113 3 12 94.2731 54 2935 0.445514
5 114 1 10 21.6643 54 574 1.93867
5 114 3 12 155.869 54 3780 0.269457
5 114 5 14 17.5441 54 34 2.39397
5 115 1 10 28.6258 54 858 1.46721
5 115 3 12 42.3533 54 4460 0.991658
5 116 1 10 34.1944 54 468 1.22827
5 116 3 12 69.5775 54 3401 0.603644
5 117 1 10 36.309 54 575 1.15674
5 117 3 12 34.861 54 4648 1.20478
5 118 1 10 43.7058 54 302 0.960971
5 118 3 12 64.692 54 6853 0.64923
5 119 1 10 16.0938 54 505 2.6097
5 119 3 12 132.122 54 5094 0.317888
5 120 1 10 8.74406 54 438 4.80326
5 120 3 12 101.942 54 2824 0.411997
5 121 1 10 7.58373 54 340 5.53817
5 121 3 12 66.0833 54 3576 0.635561
5 122 1 10 10.5726 54 268 3.97254
5 122 3 12 68.6716 54 5519 0.611607
5 123 1 10 14.7775 54 256 2.84215
5 123 3 12 14.1609 54 2935 2.96592
5 124 1 10 31.7227 54 345 1.32397
5 124 3 12 37.2731 54 273 1.12682
5 125 1 10 29.0879 54 203 1.4439
5 125 3 12 11.6825 54 1210 3.59513
5 126 1 10 54.3297 54 419 0.773058
5 126 3 12 39.024 54 2806 1.07626
5 126 5 14 26.5462 54 163.608 1.58215
5 126 6 15 98.8917 54 937.36 0.424707
5 127 1 10 57.9612 54 182 0.724623
5 127 3 12 58.685 54 2378 0.715685
5 127 6 15 78.0935 54 365 0.537817
5 128 1 10 25.85 54 85 1.62476
5 128 3 12 71.8881 54 5386 0.584242
5 129 1 10 0.521939 54 105 80.4691
5 129 3 12 86.8046 54 2872 0.483846
5 130 1 10 9.51124 54 5 4.41583
5 130 3 12 99.4458 54 905 0.422341
5 131 3 12 55.3652 54 1011 0.758599
5 131 5 14 39.4639 54 868.264 1.06426
5 132 1 10 9.10594 54 4 4.61237
5 132 3 12 21.1232 54 1148 1.98833
5 133 1 10 96.6152 54 1890 0.434714
5 133 3 12 42.2186 54 5602 0.994823
5 134 1 10 72.4235 54 896 0.579922
5 134 3 12 79.5752 54 6326 0.527803
5 134 5 14 20.4453 54 320.219 2.05426
5 135 1 10 41.4459 54 1290 1.01337
5 135 3 12 161.713 54 7658 0.25972
5 136 1 10 41.8737 54 1324 1.00302
5 136 3 12 48.7545 54 3929 0.861459
5 136 5 14 40.0756 54 49.5678 1.04802
5 136 8 17 6.44922 54 3 6.51241
5 137 1 10 42.8606 54 1465 0.979921
5 137 3 12 140.645 54 3520 0.298624
5 137 5 14 24.7426 54 68.2079 1.69748
5 137 8 17 2.75884 54 1 15.2238
5 138 1 10 77.9812 54 1128 0.538591
5 138 3 12 57.423 54 6594 0.731415
5 138 5 14 18.9046 54 539.127 2.22168
5 138 6 15 10.7184 54 73.0001 3.9185
5 139 1 10 31.6435 54 1301 1.32729
5 139 3 12 140.392 54 9029 0.299162
5 140 1 10 115.758 54 1736 0.362827
5 140 3 12 68.2767 54 6788 0.615144
5 141 1 10 74.3309 54 1326 0.565041
5 141 3 12 53.6085 54 5030 0.783458
5 142 1 10 20.7098 54 1041 2.02803
5 142 3 12 142.007 54 6059 0.295761
5 142 6 15 22.3375 54 30 1.88025
5 143 1 10 75.5112 54 988 0.556209
5 143 3 12 64.7675 54 6914 0.648474
5 144 1 10 112.931 54 1290 0.371909
5 144 3 12 46.0974 54 4145 0.911114
5 144 8 17 0.214525 54 1 195.781
5 145 1 10 56.792 54 1322 0.739541
5 145 3 12 60.1551 54 4153 0.698195
5 145 8 17 2.59078 54 1 16.2113
5 146 1 10 60.9338 54 890 0.689273
5 146 3 12 67.8321 54 6133 0.619176
5 147 1 10 28.5244 54 999 1.47242
5 147 3 12 74.4272 54 6221 0.56431
5 148 1 10 64.165 54 1010 0.654563
5 148 3 12 56.6781 54 6611 0.741027
5 149 1 10 69.2368 54 2559 0.606614
5 149 3 12 34.9261 54 4645 1.20254
5 150 1 10 158.639 54 1636 0.264753
5 150 3 12 81.4134 54 5894 0.515886
5 151 1 10 64.1479 54 1911 0.654737
5 151 3 12 72.6171 54 1709 0.578376
5 152 1 10 57.9873 54 4312 0.724297
5 152 3 12 31.0033 54 3296 1.35469
5 153 1 10 22.8446 54 2421 1.83851
5 153 2 11 53.5307 54 975 0.784597
5 153 3 12 28.9248 54 2524 1.45204
5 153 4 13 27.1336 54 5606 1.5479
5 153 5 15 128.982 54 62.4888 0.325627
5 153 6 16 2.12016 54 3 19.8099
5 154 1 10 83.2082 54 2489 0.504758
5 154 2 11 62.8283 54 293 0.668489
5 154 3 12 21.1271 54 21104 1.98797
5 154 4 13 46.3002 54 1851 0.907124
5 154 5 14 36.6315 54 1053.48 1.14656
5 155 1 10 56.1284 54 3306 0.748284
5 155 3 12 46.5982 54 31032 0.901322
5 155 4 13 109.182 54 8295 0.38468
5 156 1 10 84.3199 54 3691 0.498103
5 156 2 11 92.4452 54 268 0.454323
5 156 3 12 63.3277 54 34152 0.663217
5 156 4 13 234.367 54 8919 0.179206
5 156 5 14 10.1869 54 85.652 4.12293
5 157 1 10 119.427 54 3345 0.351679
5 157 2 11 56.4432 54 2866 0.744111
5 157 3 12 83.1833 54 22897 0.504909
5 157 4 13 55.3864 54 2502 0.758309
5 158 1 10 115.325 54 4866 0.36419
5 158 2 11 144.089 54 1545 0.291486
5 158 3 12 47.4227 54 37681 0.885652
5 158 4 13 71.0385 54 1621 0.591229
5 159 1 10 72.9086 54 3866 0.576064
5 159 2 11 80.8618 54 1582 0.519404
5 159 3 12 42.0558 54 32308 0.998672
5 159 4 13 25.4201 54 919 1.65224
5 159 7 16 92.6982 54 2799 0.453083
5 160 1 10 54.9085 54 7075 0.764909
5 160 2 11 44.5203 54 5331 0.94339
5 160 3 12 77.8043 54 20662 0.539816
5 160 4 13 34.0888 54 4080 1.23208
5 160 6 16 60.6545 54 4812 0.692446
5 161 1 10 51.63 54 5141 0.813481
5 161 2 11 50.0974 54 1917 0.838367
5 161 3 12 52.95 54 12789 0.793201
5 161 4 13 172.53 54 5219 0.243436
5 161 7 16 52.8833 54 6269 0.794201
5 161 8 17 9.21289 54 31 4.55883
5 162 1 10 104.258 54 6541 0.402848
5 162 2 11 36.6646 54 558 1.14552
5 162 3 12 40.6734 54 18112 1.03262
5 162 4 13 29.8884 54 186 1.40523
5 162 5 14 55.2019 54 591.123 0.760844
5 162 7 16 184.309 54 9903 0.227879
5 162 8 17 2.39702 54 1 17.5217
5 163 1 10 43.8865 54 12605 0.957014
5 163 2 11 71.5847 54 957 0.586717
5 163 3 12 58.1984 54 20045 0.721669
5 163 4 13 138.144 54 5901 0.30403
5 163 5 15 33.794 54 154.059 1.24283
5 163 6 16 97.232 54 10147 0.431956
5 164 1 10 33.1465 54 7879 1.2671
5 164 2 11 192.208 54 2298 0.218513
5 164 3 12 76.7196 54 35381 0.547448
5 164 4 13 138.534 54 1232 0.303175
5 164 5 14 14.9991 54 519.267 2.80016
5 164 7 16 216.262 54 10422 0.194209
5 165 1 10 19.4194 54 15651 2.16278
5 165 2 11 79.7919 54 2755 0.526369
5 165 3 12 47.2321 54 61525 0.889226
5 165 4 13 155.557 54 2961 0.269998
5 165 5 15 38.7836 54 39.9999 1.08293
5 165 6 16 179.418 54 9995 0.234091
5 166 1 10 36.5711 54 14364 1.14845
5 166 2 11 99.9455 54 1466 0.420229
5 166 3 12 55.431 54 76078 0.757699
5 166 4 13 158.528 54 4054 0.264937
5 166 5 14 31.2377 54 1638.07 1.34453
5 166 6 15 64.7137 54 511 0.649012
5 166 7 16 132.776 54 11227 0.316321
5 166 8 17 14.4019 54 6 2.91628
5 167 1 10 32.0015 54 9812 1.31244
5 167 2 11 109.512 54 1039 0.383518
5 167 3 12 104.81 54 32022 0.400725
5 167 4 13 138.781 54 5964 0.302635
5 167 5 15 13.7886 54 139.238 3.046
5 167 6 16 126.381 54 10684 0.332329
5 167 7 17 9.15395 54 13 4.58818
5 168 1 10 20.4524 54 11604 2.05355
5 168 2 11 64.146 54 1254 0.654756
5 168 3 12 98.4111 54 93684 0.426781
5 168 4 13 59.4285 54 116 0.706732
5 168 5 16 74.2823 54 11233 0.56541
5 168 6 17 3.20955 54 2 13.0859
5 169 1 10 83.0076 54 2634 0.505978
5 169 2 11 18.9236 54 440 2.21946
5 169 3 12 107.617 54 135502 0.390272
5 169 4 13 86.9249 54 7276 0.483176
5 169 5 14 31.7363 54 1000 1.32341
5 169 6 15 1.31752 54 84.169 31.8782
5 169 7 16 154.133 54 9564 0.272492
5 170 1 10 110.819 54 8805 0.378997
5 170 2 11 20.401 54 386 2.05872
5 170 3 12 53.9938 54 240907 0.777867
5 170 4 13 98.5107 54 5821 0.426349
5 170 5 14 74.1123 54 2000 0.566708
5 170 6 15 64.5424 54 1797.25 0.650735
5 170 7 16 152.453 54 24913 0.275495
5 171 1 10 100.272 54 13650 0.418859
5 171 2 11 27.0326 54 392 1.55368
5 171 3 12 198.314 54 44365 0.211786
5 171 4 13 114.787 54 4294 0.365894
5 171 6 16 134.319 54 22787 0.312689
5 171 7 17 7.56918 54 2 5.54882
5 172 1 10 49.4149 54 10851 0.849947
5 172 2 11 13.2826 54 331 3.16202
5 172 3 12 244.653 54 106916 0.171672
5 172 4 13 115.783 54 5155 0.362747
5 172 6 16 135.55 54 14841 0.309849
5 173 1 10 39.2954 54 6151 1.06883
5 173 2 11 83.1672 54 427 0.505007
5 173 3 12 46.7669 54 131732 0.898071
5 173 4 13 45.7678 54 182 0.917675
5 173 7 17 7.35497 54 6 5.71043
5 174 1 10 158.338 54 6401 0.265256
5 174 2 11 43.372 54 1373 0.968366
5 174 3 12 44.987 54 123184 0.933602
5 174 4 13 98.3566 54 283 0.427017
5 174 5 14 21.6619 54 1278 1.93888
5 174 8 17 29.5898 54 9 1.41941
5 175 1 10 90.6436 54 9603 0.463353
5 175 2 11 69.9282 54 3251 0.600616
5 175 3 12 191.662 54 33421 0.219136
5 175 4 13 103.703 54 877 0.405003
5 175 6 17 30.2779 54 27 1.38715
5 176 1 10 167.72 54 1080 0.250417
5 176 2 11 99.0802 54 837 0.423899
5 176 3 12 81.6559 54 58244 0.514353
5 176 4 13 14.545 54 88 2.88759
5 176 5 14 77.2738 54 1000 0.543522
5 176 7 17 7.57535 54 6 5.5443
5 177 1 10 86.0492 54 9584 0.488093
5 177 2 11 43.6543 54 365 0.962104
5 177 3 12 138.232 54 48012 0.303837
5 177 4 13 59.8136 54 2940 0.702182
5 177 6 16 136.423 54 25131 0.307866
5 178 1 10 155.045 54 9259 0.270889
5 178 2 11 23.7452 54 279 1.76878
5 178 3 12 166.127 54 43453 0.252819
5 178 4 13 15.4934 54 53 2.71084
5 178 5 14 56.634 54 1387.52 0.741604
5 178 7 16 115.019 54 27087 0.365156
5 179 1 10 72.2227 54 9165 0.581535
5 179 2 11 49.1437 54 709 0.854636
5 179 3 12 264.918 54 35704 0.15854
5 179 5 14 7.76778 54 139.708 5.40695
5 179 6 15 78.4199 54 507.621 0.535579
5 179 7 16 139.663 54 23577 0.300724
5 179 8 17 2.42935e-05 54 19 1.72886e+06
5 180 1 10 99.5127 54 9522 0.422057
5 180 2 11 155.015 54 532 0.270942
5 180 3 12 313.916 54 64491 0.133794
5 180 4 13 22.2972 54 441 1.88365
5 180 5 14 77.6221 54 1000 0.541083
5 180 7 16 125.048 54 22120 0.33587
5 180 8 17 13.8043 54 17 3.04254
5 181 1 10 216.238 54 8737 0.19423
5 181 2 11 38.2296 54 148 1.09863
5 181 3 12 385.793 54 46894 0.108867
5 181 4 13 120.84 54 3589 0.347567
5 181 5 14 86.8185 54 1276.68 0.483768
5 181 6 15 16.0933 54 501.948 2.60978
5 181 7 16 87.7838 54 22321 0.478448
5 181 8 17 22.6562 54 41 1.8538
5 182 1 10 184.564 54 8898 0.227563
5 182 2 11 39.8421 54 624 1.05416
5 182 3 12 521.13 54 49205 0.080594
5 182 4 13 129.072 54 5669 0.325399
5 182 5 14 23.1984 54 611.789 1.81047
5 182 6 15 56.0661 54 1000 0.749116
5 182 7 16 103.666 54 23832 0.405146
5 182 8 17 7.1797 54 28 5.84982
5 183 1 10 112.922 54 14967 0.37194
5 183 2 11 166.823 54 577 0.251763
5 183 3 12 60.6924 54 60411 0.692014
5 183 4 13 108.735 54 2636 0.38626
5 183 5 14 19.092 54 275.066 2.19987
5 183 6 15 38.6301 54 1960 1.08723
5 183 7 16 92.1386 54 22259 0.455835
5 183 8 17 44.8708 54 26 0.936021
5 184 1 10 76.634 54 13029 0.54806
5 184 2 11 57.7966 54 106 0.726687
5 184 3 12 104.289 54 139514 0.402726
5 184 4 13 52.6569 54 2612 0.797616
5 184 5 14 104.543 54 1630.28 0.401748
5 184 6 15 44.3758 54 429.076 0.946461
5 184 7 16 86.5988 54 21839 0.484995
5 185 1 10 121.817 54 10956 0.34478
5 185 2 11 201.686 54 839 0.208245
5 185 3 12 335.915 54 56723 0.125032
5 185 4 13 129.639 54 1054 0.323978
5 185 5 14 95.0976 54 1000 0.441651
5 185 6 15 43.491 54 219.988 0.965716
5 185 8 17 6.47138 54 4 6.49012
5 186 1 10 209.443 54 9401 0.200532
5 186 2 11 92.2117 54 389 0.455473
5 186 3 12 234.424 54 66287 0.179162
5 186 4 13 78.5638 54 2236 0.534598
5 186 5 14 77.8979 54 1468 0.539168
5 186 6 15 52.8669 54 2529.33 0.794448
5 186 8 17 3.0245 54 2 13.8866
5 187 1 10 152.761 54 17021 0.274939
5 187 2 11 211.434 54 467 0.198644
5 187 3 12 177.638 54 52164 0.236436
5 187 4 13 107.183 54 4321 0.391853
5 187 5 15 14.3509 54 105.702 2.92664
5 187 7 17 4.35169 54 1 9.65143
5 188 1 10 214.154 54 16407 0.19612
5 188 2 11 84.6083 54 290 0.496405
5 188 3 12 130.429 54 161620 0.322015
5 188 4 13 73.1142 54 2305 0.574444
5 188 5 14 88.5736 54 1080.52 0.474182
5 188 6 15 23.5103 54 388 1.78645
6 1 1 18 28.2659 54 4932 1.48589
6 1 2 21 3.11438 54 9 13.4858
6 2 1 18 25.0208 54 6171 1.6786
6 2 2 21 0.00066241 54 120 63404.8
6 3 1 18 46.5267 54 5603 0.902708
6 3 2 21 34.9633 54 162 1.20126
6 4 1 18 50.6627 54 1828 0.829013
6 4 4 21 35.4119 54 362 1.18604
6 5 4 21 4.44903 54 4 9.44027
6 6 4 21 21.8525 54 25 1.92198
6 7 2 21 53.0221 54 513 0.792123
6 8 1 18 34.9481 54 1628 1.20178
6 8 4 21 44.1757 54 240 0.950748
6 9 1 18 20.6023 54 1513 2.0386
6 9 4 21 11.7814 54 24 3.56494
6 10 1 18 23.7493 54 2389 1.76847
6 10 2 21 14.6555 54 6 2.86581
6 11 1 18 21.8624 54 3614 1.92111
6 11 3 21 0.000691588 54 321 60729.8
6 12 1 18 18.0845 54 2312 2.32242
6 12 4 21 3.71086 54 262 11.3181
6 13 1 18 39.3338 54 2156 1.06778
6 13 4 21 8.9017 54 11 4.7182
6 14 1 18 20.0231 54 4554 2.09758
6 14 3 21 32.9108 54 92 1.27618
6 15 1 18 24.6927 54 7052 1.70091
6 15 3 21 15.5358 54 65 2.70344
6 16 1 18 58.5627 54 1622 0.71718
6 16 4 21 12.061 54 263 3.48229
6 17 1 18 59.6391 54 8039 0.704236
6 17 4 21 4.89621 54 34 8.57806
6 18 1 18 40.9813 54 11963 1.02486
6 19 1 18 21.1682 54 8039 1.98411
6 19 3 21 62.13 54 106 0.676002
6 20 1 18 31.3911 54 7923 1.33796
6 20 4 21 50.2418 54 149 0.835958
6 21 1 18 27.334 54 5727 1.53655
6 21 4 21 2.75197 54 2 15.2618
6 22 1 18 21.5224 54 18621 1.95146
6 23 1 18 23.6348 54 42920 1.77704
6 23 4 21 31.7908 54 84 1.32114
6 24 1 18 32.4558 54 11949 1.29407
6 24 4 21 52.1171 54 60 0.805877
6 25 1 18 46.6695 54 5651 0.899946
6 26 1 18 35.3485 54 13722 1.18817
6 26 4 21 17.2553 54 32 2.43404
6 27 1 18 97.7304 54 19311 0.429754
6 27 3 21 10.4663 54 4 4.01286
6 28 1 18 64.1379 54 13526 0.654839
6 28 3 21 4.21022 54 17 9.97572
6 29 1 18 21.3822 54 2000 1.96425
6 30 1 18 35.4002 54 17499 1.18643
6 31 1 18 17.2282 54 6000 2.43787
6 32 1 18 28.2799 54 6336 1.48515
6 33 1 18 21.4538 54 3998 1.9577
6 34 1 18 67.6702 54 8708 0.620658
6 35 1 18 83.5294 54 6000 0.502817
6 36 1 18 81.5926 54 4002 0.514752
6 51 1 18 45.0676 54 1321 0.931934
6 52 1 18 23.7095 54 1350 1.77144
6 53 1 18 18.4516 54 945 2.27623
6 54 1 18 30.3846 54 2841 1.38228
6 55 1 18 47.1687 54 3193 0.89042
6 56 1 18 42.9852 54 2011 0.97708
6 58 1 18 67.1377 54 1994 0.62558
6 59 1 18 74.8002 54 422 0.561496
6 61 1 18 75.1924 54 641 0.558567
6 62 1 18 101.298 54 998 0.414618
6 63 1 18 51.7666 54 182 0.811334
6 67 1 18 37.746 54 608 1.1127
6 68 1 18 36.5529 54 188 1.14902
6 68 2 19 58.7438 54 687 0.714969
6 68 3 20 76.2229 54 833 0.551015
6 69 1 18 264.892 54 2401 0.158555
6 69 2 19 42.0616 54 2598 0.998536
6 69 3 20 128.832 54 1680 0.326006
6 70 1 18 111.174 54 755 0.377787
6 70 2 19 32.8281 54 3232 1.27939
6 70 3 20 48.6004 54 1204 0.864191
6 71 1 18 25.3052 54 5056 1.65974
6 71 3 20 38.3869 54 1795 1.09412
6 72 1 18 23.9175 54 596 1.75604
6 72 2 19 10.232 54 408 4.10478
6 72 3 20 12.11 54 2345 3.4682
6 73 1 18 89.9372 54 6884 0.466992
6 73 2 19 15.864 54 244 2.64751
6 73 3 20 14.395 54 187 2.91767
6 74 1 18 107.816 54 8659 0.389553
6 74 2 19 40.1226 54 457 1.04679
6 74 3 20 40.1314 54 1056 1.04656
6 75 1 18 64.3252 54 50 0.652932
6 75 2 19 11.8104 54 50 3.5562
6 76 1 18 57.5208 54 2101 0.73017
6 76 3 20 71.3322 54 635 0.588795
6 77 1 18 93.8006 54 9794 0.447758
6 77 2 19 74.658 54 1534 0.562565
6 77 3 20 84.1699 54 2658 0.498991
6 78 1 18 8.86334 54 4485 4.73862
6 78 2 19 57.8493 54 1193 0.726024
6 78 3 20 45.2349 54 1484 0.928487
6 79 1 18 23.2201 54 2523 1.80878
6 80 1 18 47.3079 54 6925 0.887801
6 80 3 20 16.259 54 72 2.58318
6 81 1 18 70.1327 54 783 0.598865
6 81 2 19 24.4242 54 271 1.71961
6 81 3 20 45.5863 54 226 0.921329
6 82 1 18 54.1708 54 2446 0.775325
6 83 1 18 15.4226 54 99 2.72327
6 84 1 18 43.2617 54 1173 0.970837
6 85 2 19 28.7971 54 451 1.45848
6 85 3 20 39.4363 54 152 1.06501
6 87 3 20 43.8063 54 99.9998 0.958766
6 88 2 19 32.8638 54 472.805 1.278
6 88 3 20 15.7155 54 249.615 2.67252
6 89 2 19 62.2108 54 535.445 0.675124
6 89 3 20 83.2438 54 166.957 0.504542
6 90 1 18 36.5807 54 38 1.14815
6 90 2 19 110.173 54 679.387 0.381219
6 91 1 18 49.0161 54 927 0.856861
6 91 2 19 2.71644 54 66.3381 15.4614
6 92 1 18 64.7921 54 51 0.648227
6 93 1 18 29.5732 54 254 1.42021
6 93 2 19 21.7145 54 620 1.93419
6 93 3 20 9.74495 54 406 4.30992
6 94 1 18 48.9047 54 850 0.858813
6 94 2 19 43.8179 54 2188.42 0.958511
6 94 3 20 32.5655 54 1074 1.28971
6 95 2 19 43.7881 54 1232 0.959166
6 95 3 20 1.40142 54 1211.82 29.9696
6 96 1 18 22.2091 54 1049 1.89111
6 96 2 19 17.2648 54 485.282 2.43269
6 96 3 20 26.4665 54 1096.2 1.58691
6 96 4 21 12.3923 54 6 3.38919
6 97 2 19 18.0185 54 1787.28 2.33093
6 97 3 20 12.0322 54 524 3.49062
6 98 1 18 42.4403 54 3397 0.989624
6 98 2 19 32.0767 54 737.792 1.30936
6 98 3 20 21.1641 54 825.838 1.98449
6 98 4 21 8.47165 54 21 4.95771
6 99 2 19 40.9412 54 1047.07 1.02586
6 99 3 20 28.1583 54 37.7751 1.49157
6 100 1 18 11.844 54 121 3.5461
6 100 2 19 27.7322 54 1351.26 1.51448
6 101 2 19 26.678 54 1761.99 1.57433
6 101 3 20 22.1494 54 1603.07 1.89622
6 101 4 21 15.9526 54 5 2.6328
6 102 2 19 38.9206 54 616.063 1.07912
6 103 2 19 41.9839 54 579.289 1.00038
6 104 2 19 24.5194 54 583.834 1.71293
6 104 3 20 11.1947 54 63.454 3.75178
6 104 4 21 5.48953 54 2 7.65093
6 105 2 19 46.3036 54 1073.68 0.907058
6 106 1 18 61.776 54 1470 0.679876
6 106 2 19 69.5442 54 3198.44 0.603932
6 106 3 20 46.4074 54 962.696 0.905029
6 107 1 18 91.426 54 14620 0.459388
6 107 2 19 64.468 54 847.895 0.651486
6 108 1 18 41.4094 54 2238 1.01426
6 108 2 19 38.0032 54 322.241 1.10517
6 109 2 19 43.046 54 790.034 0.9757
6 109 3 20 42.2818 54 508.258 0.993336
6 110 1 18 61.6734 54 13270 0.681006
6 110 2 19 32.7978 54 1586.18 1.28057
6 110 3 20 22.7807 54 58.55 1.84367
6 111 2 19 32.7597 54 1047.24 1.28206
6 111 3 20 16.4788 54 37.0275 2.54873
6 112 1 18 56.0335 54 3398 0.749552
6 112 2 19 7.04674 54 69.6155 5.9602
6 112 4 21 6.73092 54 2 6.23986
6 113 1 18 120.968 54 3384 0.347199
6 113 2 19 29.8874 54 2295.88 1.40528
6 113 3 20 33.1892 54 1323.83 1.26547
6 114 1 18 98.1008 54 3013 0.428131
6 114 2 19 50.3404 54 1826.58 0.83432
6 114 3 20 11.5157 54 1024.6 3.6472
6 114 4 21 25.5149 54 29 1.6461
6 115 1 19 17.4364 54 105.274 2.40875
6 115 2 20 13.3808 54 327.704 3.13882
6 116 1 19 29.6872 54 122.88 1.41475
6 116 3 21 5.69201 54 2 7.37877
6 117 2 19 45.6483 54 944.658 0.920078
6 117 3 20 53.2037 54 380.999 0.789418
6 118 2 19 81.3129 54 995.299 0.516523
6 118 4 21 12.1169 54 7 3.46622
6 119 2 19 79.4479 54 2139.63 0.528648
6 119 4 21 5.61856 54 6 7.47523
6 120 2 19 112.104 54 2379.96 0.374653
6 120 3 20 92.6842 54 2951.55 0.453152
6 120 4 21 8.11292 54 6 5.17693
6 121 1 18 116.476 54 4368 0.360588
6 121 2 19 51.121 54 3748.78 0.82158
6 121 3 20 27.4807 54 384.839 1.52834
6 121 4 21 5.61677 54 2 7.47761
6 122 1 18 63.6217 54 16024 0.660152
6 122 2 19 75.1244 54 3453.88 0.559073
6 122 3 20 25.074 54 1141.42 1.67505
6 122 4 21 24.1682 54 9 1.73782
6 123 1 18 47.7889 54 7216 0.878866
6 123 2 19 71.2322 54 3000 0.589621
6 123 3 20 18.0951 54 630.412 2.32107
6 123 4 21 23.6368 54 16 1.77689
6 124 1 18 82.6454 54 9210 0.508195
6 124 2 19 116.048 54 4437.27 0.361918
6 124 3 20 45.5295 54 605.348 0.922478
6 124 4 21 84.6722 54 30 0.496031
6 125 1 18 41.7128 54 12042 1.00689
6 125 2 19 128.375 54 5283.51 0.327167
6 125 3 20 21.0958 54 2420.23 1.99092
6 125 4 21 1.56381 54 15 26.8574
6 126 1 18 93.5934 54 5489 0.44875
6 126 2 19 152.388 54 2788.3 0.275612
6 126 3 20 105.298 54 2152 0.398866
6 126 4 21 23.8275 54 13 1.76267
6 127 1 18 83.109 54 20238 0.505361
6 127 2 19 25.5031 54 2174.77 1.64686
6 127 3 20 56.6711 54 199.336 0.741118
6 127 4 21 78.4282 54 34 0.535521
6 128 2 19 33.1696 54 1651.18 1.26622
6 128 3 20 43.2338 54 498.421 0.971462
6 128 4 21 7.38159e-05 54 54 568983
6 129 2 19 44.5617 54 4000 0.942514
6 129 3 20 15.1404 54 675.047 2.77404
6 129 4 21 7.90233 54 3 5.31489
6 130 2 19 53.2742 54 3865.4 0.788374
6 130 3 20 4.91811 54 402.887 8.53986
6 130 4 21 22.3853 54 70 1.87623
6 131 2 19 82.404 54 2947.03 0.509684
6 131 3 20 27.9159 54 819.233 1.50452
6 131 4 21 35.1444 54 43 1.19507
6 132 2 19 54.2351 54 4134.58 0.774407
6 132 3 20 32.0409 54 2486.48 1.31082
6 132 4 21 2.62461 54 6 16.0024
6 133 1 18 39.0066 54 784 1.07674
6 133 2 19 45.2495 54 3579.6 0.928187
6 133 3 20 47.543 54 2168.15 0.88341
6 133 4 21 1.90254e-08 54 1 2.20757e+09
6 134 2 19 57.5478 54 4000 0.729828
6 134 3 20 42.1109 54 704.236 0.997367
6 134 4 21 3.85679 54 3 10.8899
6 135 2 19 105.338 54 3675.5 0.398716
6 135 3 20 56.6676 54 2143.76 0.741164
6 135 4 21 40.4056 54 105 1.03946
6 136 2 19 92.2875 54 4516.86 0.4551
6 136 3 20 23.2821 54 2764.69 1.80396
6 136 4 21 28.525 54 77 1.47239
6 137 2 19 42.5209 54 4954.12 0.987749
6 137 3 20 19.6796 54 2340.49 2.13419
6 137 4 21 1.42596 54 9 29.4538
6 138 2 19 130.981 54 4827.01 0.320657
6 138 3 20 43.967 54 2978.39 0.955261
6 138 4 21 1.8536e-05 54 233 2.26587e+06
6 139 1 18 40.4731 54 3107 1.03773
6 139 2 19 44.0093 54 3000 0.954344
6 139 3 20 34.1763 54 550.041 1.22892
6 139 4 21 13.977 54 4 3.00493
6 140 2 19 74.7164 54 4128.69 0.562126
6 140 3 20 39.3853 54 2629.92 1.06639
6 140 4 21 60.4355 54 71 0.694955
6 141 2 19 87.1586 54 4231.28 0.48188
6 141 3 20 76.2793 54 3839.53 0.550608
6 141 4 21 25.5494 54 45 1.64388
6 142 2 19 55.5274 54 3561.66 0.756383
6 142 3 20 77.8843 54 3205.2 0.539262
6 142 4 21 44.9177 54 22 0.935044
6 143 2 19 61.4388 54 3637.14 0.683607
6 143 3 20 48.9097 54 1043.96 0.858726
6 144 2 19 140.727 54 3262 0.298451
6 144 3 20 74.6719 54 2953.01 0.562461
6 144 4 21 3.41028 54 3 12.3157
6 145 2 19 93.8417 54 3488.12 0.447562
6 145 3 20 47.7643 54 2716.3 0.879318
6 146 2 19 89.4191 54 4653.01 0.469698
6 146 3 20 94.8742 54 3565.18 0.442692
6 146 4 21 9.37431e-05 54 89 448033
6 147 2 19 62.8387 54 3225.09 0.668378
6 147 3 20 11.0848 54 1001.38 3.78897
6 147 4 21 14.4007 54 10 2.91653
6 148 2 19 103.187 54 3999.04 0.407026
6 148 3 20 23.8476 54 3119.29 1.76118
6 148 4 21 16.1186 54 24 2.60569
6 149 2 19 48.1971 54 4967.21 0.871422
6 149 3 20 89.8986 54 2584.74 0.467193
6 149 4 21 15.5851 54 26 2.69487
6 150 1 19 62.3021 54 4732.4 0.674134
6 150 2 20 45.578 54 3480.33 0.921498
6 151 1 19 33.8374 54 3000 1.24123
6 151 2 20 13.9582 54 1745.17 3.00899
6 151 3 21 13.302 54 22 3.15742
6 152 1 19 66.58 54 3761.93 0.63082
6 152 2 20 41.9485 54 2943.72 1.00123
6 152 3 21 19.2706 54 63 2.17949
6 153 1 19 83.6096 54 5208.12 0.502334
6 153 2 20 81.2343 54 5732.16 0.517023
6 153 3 21 7.34874 54 7 5.71527
6 154 1 19 97.0012 54 4114.28 0.432984
6 154 2 20 82.5235 54 4180.52 0.508946
6 155 1 19 75.6812 54 2513.3 0.554959
6 155 2 20 133.708 54 3979.96 0.314118
6 155 3 21 16.5289 54 27 2.541
6 156 1 19 227.907 54 5959.58 0.184286
6 156 2 20 265.932 54 5935.76 0.157935
6 156 3 21 12.3394 54 29 3.40374
6 157 2 19 303.035 54 5593.17 0.138598
6 157 3 20 245.859 54 5211.89 0.17083
6 157 4 21 32.742 54 71 1.28276
6 158 2 19 97.5845 54 5050.8 0.430396
6 158 3 20 86.6949 54 3447.67 0.484457
6 158 4 21 11.0678 54 22 3.7948
6 159 2 19 55.7778 54 3988.31 0.752988
6 159 3 20 66.6793 54 3788.58 0.629881
6 159 4 21 6.58424e-05 54 32 637887
6 160 2 19 289.004 54 6950.19 0.145327
6 160 3 20 182.919 54 6812.19 0.229609
6 160 4 21 9.10227 54 127 4.61423
6 161 2 19 84.2396 54 5346.6 0.498578
6 161 3 20 211.417 54 5294.54 0.19866
6 161 4 21 27.6806 54 16 1.51731
6 162 2 19 112.804 54 5000 0.372326
6 162 3 20 85.924 54 3641.54 0.488804
6 162 4 21 0.00434263 54 249 9671.56
6 163 2 19 374.621 54 4125.7 0.112113
6 163 3 20 141.285 54 3039.44 0.297272
6 163 4 21 20.0083 54 74 2.09913
6 164 2 19 102.454 54 5858.86 0.409942
6 164 3 20 111.003 54 6910.93 0.378369
6 164 4 21 22.151 54 48 1.89607
6 165 2 19 222.004 54 5897.44 0.189185
6 165 3 20 82.4396 54 6180.41 0.509464
6 165 4 21 28.3674 54 17 1.48057
6 166 2 19 120.659 54 5175.96 0.348089
6 166 3 20 168.888 54 5347.97 0.248685
6 166 4 21 42.7372 54 38 0.982751
6 167 2 19 136.872 54 3098.1 0.306857
6 167 3 20 133.212 54 4184.01 0.315288
6 167 4 21 21.285 54 17 1.97322
6 168 2 19 152.591 54 6301.58 0.275246
6 168 3 20 117.267 54 6070.58 0.358158
6 168 4 21 18.1212 54 24 2.31773
6 169 2 19 137.576 54 5502.62 0.305286
6 169 3 20 82.6497 54 4988.62 0.508169
6 169 4 21 6.31463 54 9 6.65122
6 170 1 19 153.925 54 4090.92 0.27286
6 170 2 20 63.2254 54 3892.31 0.66429
6 170 3 21 68.8129 54 106 0.610351
6 171 2 19 125.331 54 4086.56 0.335111
6 171 3 20 92.3151 54 3406.5 0.454964
6 171 4 21 30.1765 54 23 1.39181
6 172 1 19 88.2143 54 5781.62 0.476113
6 172 2 20 69.9713 54 5715.14 0.600246
6 172 3 21 0.790479 54 6 53.1323
6 173 2 19 65.5937 54 4789.42 0.640306
6 173 3 20 103.999 54 4321.26 0.403852
6 173 4 21 4.40318 54 11 9.53856
6 174 1 19 77.9448 54 3907.32 0.538843
6 174 2 20 53.1101 54 2761.29 0.79081
6 174 3 21 24.2673 54 42 1.73073
6 175 1 19 44.4895 54 4080.87 0.944043
6 175 2 20 76.7138 54 2345.61 0.547489
6 175 3 21 25.9457 54 21 1.61877
6 176 2 19 39.4761 54 5326.48 1.06393
6 176 3 20 23.7667 54 3275.48 1.76718
6 176 4 21 37.7047 54 200 1.11392
6 177 2 19 51.4464 54 5323.72 0.816384
6 177 3 20 19.7394 54 4772.61 2.12773
6 177 4 21 34.725 54 59 1.2095
6 178 2 19 59.3293 54 4460.91 0.707913
6 178 3 20 97.9599 54 6490 0.428747
6 178 4 21 22.7665 54 75 1.84482
6 179 2 19 126.052 54 3658.27 0.333195
6 179 3 20 86.8058 54 3701.89 0.483838
6 179 4 21 42.3681 54 83 0.991311
6 180 2 19 156.198 54 5475.84 0.268889
6 180 3 20 243.651 54 6069.82 0.172378
6 180 4 21 46.6356 54 162 0.900599
6 181 2 19 182.351 54 5102.25 0.230325
6 181 3 20 249.765 54 5343.1 0.168158
6 181 4 21 0.000126583 54 59 331797
6 182 2 19 131.767 54 5054.68 0.318746
6 182 3 20 130.373 54 4633.23 0.322152
6 182 4 21 54.4156 54 226 0.771838
6 183 2 19 97.1352 54 3424.97 0.432387
6 183 3 20 101.025 54 3157.2 0.415738
6 183 4 21 27.8312 54 415 1.5091
6 184 2 19 190.202 54 4458.81 0.220818
6 184 3 20 190.929 54 6044.87 0.219977
6 184 4 21 4.34778 54 14 9.66009
6 185 2 19 218.658 54 5101.91 0.192081
6 185 3 20 77.567 54 5263.77 0.541467
6 185 4 21 0.28322 54 12 148.295
6 186 2 19 142.983 54 3412.66 0.293741
6 186 3 20 107.648 54 2824.51 0.39016
6 186 4 21 23.1622 54 132 1.8133
6 187 2 19 167.827 54 1629.17 0.250258
6 187 3 20 167.445 54 2705.03 0.250828
6 187 4 21 12.353 54 18 3.39999
6 188 2 19 89.4698 54 2372.39 0.469432
6 188 3 20 150.179 54 2733.06 0.279667
7 1 1 24 19.3101 54 1345 2.17503
7 1 3 27 56.3118 54 322 0.745848
7 2 1 24 6.79106 54 347 6.1846
7 2 2 27 35.7418 54 23 1.1751
7 3 2 27 1.25633 54 24 33.4307
7 4 1 24 15.083 54 1968 2.7846
7 4 4 27 19.1679 54 80 2.19116
7 5 1 24 50.7902 54 1620 0.826931
7 5 4 27 7.81938 54 34 5.37127
7 6 1 24 21.7206 54 540 1.93365
7 6 4 27 48.4831 54 124 0.866281
7 7 1 24 18.3088 54 1045 2.29398
7 7 2 27 29.2989 54 326 1.4335
7 8 1 24 12.8698 54 2775 3.26344
7 8 4 27 78.2221 54 630 0.536933
7 9 1 24 37.4092 54 1358 1.12272
7 9 4 27 82.1309 54 207 0.511378
7 10 2 27 27.8423 54 66 1.5085
7 11 1 24 11.5812 54 360 3.62657
7 11 4 27 17.7855 54 84 2.36147
7 12 1 24 10.5556 54 30 3.97894
7 12 4 27 15.0119 54 147 2.79777
7 13 1 24 13.6943 54 230 3.06696
7 13 4 27 17.6861 54 52 2.37474
7 14 4 27 13.8686 54 50 3.02842
7 15 1 24 11.4869 54 654 3.65634
7 15 4 27 8.4597 54 23 4.96471
7 16 1 24 17.0474 54 878 2.46372
7 16 4 27 17.8875 54 124 2.34801
7 17 1 24 46.1423 54 1424 0.910227
7 17 4 27 26.3268 54 45 1.59533
7 18 1 24 107.466 54 419 0.390823
7 18 3 27 23.1286 54 40 1.81593
7 19 1 24 49.5271 54 492 0.848021
7 19 4 27 21.8087 54 13 1.92583
7 20 4 27 18.4819 54 76 2.27249
7 21 1 24 27.3421 54 25 1.53609
7 21 4 27 12.1254 54 8 3.46379
7 22 4 27 8.21576 54 31 5.11213
7 23 4 27 15.4236 54 11 2.72311
7 24 1 24 14.7274 54 3282 2.85182
7 24 4 27 2.90692 54 36 14.4483
7 25 1 24 19.5746 54 3138 2.14564
7 25 4 27 35.8493 54 18 1.17157
7 26 1 24 32.0548 54 612 1.31026
7 26 4 27 147.997 54 253 0.283789
7 27 1 24 19.9787 54 2025 2.10224
7 27 4 27 35.062 54 83 1.19788
7 28 1 24 51.7681 54 4367 0.811311
7 28 4 27 32.9928 54 130 1.27301
7 29 1 24 42.421 54 2511 0.990075
7 29 4 27 4.77866 54 7 8.78907
7 31 1 24 23.4884 54 626 1.78811
7 31 4 27 11.2516 54 26 3.73279
7 32 1 24 13.9953 54 3601 3.00101
7 32 4 27 21.2133 54 27 1.97989
7 33 1 24 84.2214 54 29 0.498685
7 33 4 27 13.0278 54 4 3.22388
7 34 1 24 70.194 54 1352 0.598341
7 35 1 24 22.4299 54 3995 1.8725
7 35 4 27 20.1913 54 26 2.08011
7 36 1 24 12.2061 54 35 3.44091
7 36 4 27 25.6898 54 83 1.63489
7 37 1 24 3.36021 54 25 12.4992
7 39 4 27 12.7751 54 6 3.28765
7 44 1 24 11.9379 54 27 3.5182
7 49 1 24 11.386 54 23 3.68876
7 53 1 24 0.943223 54 55 44.5282
7 53 4 27 1.03034 54 1 40.7632
7 55 1 24 9.25393 54 25 4.53861
7 56 1 24 19.894 54 695 2.11119
7 57 1 24 108.064 54 492 0.388657
7 60 1 24 19.1292 54 205 2.1956
7 61 1 24 98.9084 54 717 0.424635
7 61 4 27 5.45284 54 2 7.70241
7 62 1 24 75.9231 54 289 0.553191
7 64 1 24 44.1274 54 190 0.95179
7 65 1 24 27.0284 54 380 1.55392
7 66 1 24 68.4536 54 800 0.613555
7 66 2 25 25.1303 54 271 1.67129
7 66 3 26 53.0325 54 768 0.791967
7 67 1 24 81.1306 54 384 0.517684
7 67 2 25 61.6018 54 1560 0.681798
7 67 3 26 151.506 54 2480 0.277216
7 67 4 27 13.2193 54 15 3.17718
7 68 1 24 70.1044 54 1058 0.599107
7 68 2 25 37.4015 54 996 1.12295
7 68 3 26 143.924 54 2119 0.29182
7 68 4 27 17.7454 54 6 2.36681
7 69 1 24 142.049 54 1836 0.295674
7 69 2 25 23.393 54 994 1.79541
7 69 3 26 65.6129 54 357 0.640118
7 70 1 24 28.5333 54 175 1.47197
7 70 2 25 16.7195 54 896 2.51204
7 70 3 26 32.6248 54 1414 1.28736
7 71 3 26 21.3714 54 429 1.96524
7 72 2 25 27.4852 54 829 1.5281
7 72 3 26 16.1557 54 1567 2.5997
7 73 1 24 28.7217 54 202 1.46231
7 73 2 25 27.7569 54 2993 1.51314
7 73 3 26 18.9087 54 563 2.2212
7 74 1 24 47.0376 54 2088 0.892903
7 74 2 25 45.6711 54 1702 0.919619
7 74 3 26 38.7429 54 301 1.08407
7 75 1 24 32.2154 54 3096 1.30373
7 75 2 25 32.7245 54 493 1.28344
7 75 3 26 14.6988 54 72 2.85737
7 75 4 27 2.14685 54 1 19.5636
7 76 1 24 9.17955 54 6 4.57539
7 76 2 25 34.1894 54 648 1.22845
7 76 3 26 45.8749 54 1163 0.915534
7 77 1 24 26.543 54 1297 1.58234
7 77 2 25 80.2726 54 894 0.523217
7 77 3 26 96.2157 54 3477 0.436519
7 78 1 24 57.8861 54 2500 0.725562
7 78 2 25 41.4991 54 449 1.01207
7 78 3 26 47.0597 54 1040 0.892483
7 79 1 24 92.7242 54 5257 0.452956
7 79 2 25 16.7177 54 1012 2.51231
7 79 3 26 76.7037 54 897 0.547562
7 79 4 27 3.61131 54 1 11.6301
7 80 1 24 43.4925 54 243 0.965683
7 80 2 25 8.37666 54 825 5.01393
7 80 3 26 15.6042 54 897 2.69159
7 80 4 27 16.3647 54 4 2.56651
7 81 1 24 80.4961 54 551 0.521765
7 81 2 25 6.52132 54 292 6.44042
7 81 3 26 27.1775 54 769 1.5454
7 82 1 24 24.5549 54 75 1.71045
7 82 4 27 2.24669 54 1 18.6941
7 83 1 24 19.5931 54 1962 2.14361
7 83 2 25 65.7215 54 2307 0.639061
7 83 3 26 32.5798 54 2044 1.28914
7 83 4 27 9.08559 54 3 4.62271
7 84 1 24 82.3604 54 799 0.509954
7 84 2 25 28.0968 54 2077 1.49483
7 84 3 26 28.5399 54 1719 1.47162
7 85 1 24 63.9383 54 311 0.656883
7 85 2 25 26.0184 54 708.479 1.61424
7 85 3 26 84.9049 54 745 0.494671
7 86 2 25 22.3449 54 1003.85 1.87963
7 86 3 26 30.2275 54 583.442 1.38946
7 86 4 27 15.8025 54 10 2.65781
7 87 2 25 20.9514 54 255.604 2.00464
7 87 3 26 60.7907 54 438.24 0.690895
7 87 4 27 4.26102 54 2 9.8568
7 88 1 24 4.58527 54 110 9.15976
7 88 2 25 62.2495 54 991.627 0.674704
7 88 3 26 67.6487 54 926.974 0.620854
7 89 1 24 16.2852 54 75 2.57903
7 89 2 25 108.107 54 5108.62 0.388504
7 89 3 26 72.0743 54 497 0.582732
7 89 4 27 1.25053 54 1 33.5859
7 90 2 25 114.239 54 1495 0.367652
7 90 3 26 116.533 54 329.295 0.360414
7 90 4 27 32.463 54 12 1.29378
7 91 1 24 31.2545 54 442 1.34381
7 91 2 25 11.5242 54 1138.65 3.6445
7 91 3 26 114.976 54 954.628 0.365294
7 91 4 27 62.8439 54 34 0.668323
7 92 1 24 17.8156 54 159 2.35748
7 92 2 25 12.5415 54 2336.89 3.34888
7 92 3 26 21.7585 54 519.123 1.93028
7 92 4 27 8.97838 54 4 4.67791
7 93 1 24 94.43 54 171 0.444774
7 93 2 25 57.5267 54 1130.4 0.730096
7 93 3 26 0.333102 54 2065.77 126.087
7 94 1 24 197.141 54 101 0.213045
7 94 2 25 60.3431 54 2998.07 0.69602
7 94 3 26 107.179 54 2316.56 0.391868
7 94 4 27 35.3403 54 31 1.18844
7 95 2 25 34.6639 54 1149.92 1.21164
7 95 3 26 54.982 54 2433 0.763886
7 95 4 27 31.5418 54 36 1.33157
7 96 1 24 8.56813 54 20 4.90189
7 96 2 25 21.5177 54 864.706 1.95188
7 96 3 26 32.558 54 4132 1.29001
7 96 4 27 31.8077 54 50 1.32044
7 97 1 24 23.8988 54 60 1.75741
7 97 2 25 53.3748 54 5218.62 0.786889
7 97 3 26 57.0393 54 3934.93 0.736334
7 97 4 27 1.57052 54 1 26.7428
7 98 1 24 127.85 54 221 0.328511
7 98 2 25 48.7757 54 1769.31 0.861085
7 98 3 26 43.5055 54 1757 0.965395
7 98 4 27 8.00996 54 5 5.24348
7 99 2 25 74.0632 54 2663.19 0.567083
7 99 3 26 42.0392 54 2340.91 0.999067
7 99 4 27 19.241 54 33 2.18283
7 100 1 24 3.20499 54 20 13.1046
7 100 2 25 55.2815 54 2601.75 0.759747
7 100 3 26 59.2534 54 1157.84 0.708821
7 100 4 27 49.3962 54 93 0.850268
7 101 1 24 40.9501 54 127 1.02564
7 101 2 25 121.505 54 3089.87 0.345664
7 101 3 26 58.6775 54 856.097 0.715777
7 101 4 27 17.3045 54 72 2.42712
7 102 2 25 58.5325 54 859.005 0.71755
7 102 3 26 18.782 54 307.323 2.23618
7 102 4 27 23.4156 54 33 1.79368
7 103 2 25 47.2865 54 319.048 0.888202
7 103 4 27 27.4221 54 18 1.53161
7 104 1 24 23.53 54 171 1.78496
7 104 2 25 35.7234 54 1388.94 1.1757
7 104 3 26 30.4414 54 32.9999 1.3797
7 104 4 27 1.00757 54 4 41.6843
7 105 2 25 50.7153 54 3564.06 0.828153
7 105 3 26 84.4143 54 1133.86 0.497546
7 105 4 27 0.0441789 54 5 950.68
7 106 2 25 98.1508 54 4105.76 0.427913
7 106 3 26 58.8242 54 3370.62 0.713992
7 106 4 27 3.49405e-05 54 50 1.20204e+06
7 107 2 25 106.113 54 1510.7 0.395803
7 107 3 26 109.236 54 972.648 0.384487
7 107 4 27 18.6841 54 20 2.2479
7 108 1 24 10.425 54 25 4.02876
7 108 2 25 102.555 54 2756.1 0.409537
7 108 3 26 76.733 54 1883.87 0.547353
7 108 4 27 1.37923 54 4 30.4517
7 109 1 24 19.6061 54 1485 2.14219
7 109 2 25 60.5052 54 2861.61 0.694156
7 109 3 26 187.467 54 1320.81 0.22404
7 109 4 27 1.51185 54 2 27.7806
7 110 2 25 53.5935 54 3051.41 0.783678
7 110 3 26 2.46547 54 471.208 17.0353
7 110 4 27 13.3975 54 18 3.13492
7 111 2 25 27.0595 54 3757.86 1.55214
7 111 3 26 25.2779 54 1777.25 1.66153
7 111 4 27 12.6041 54 5 3.33225
7 112 1 24 42.5724 54 207 0.986555
7 112 2 25 42.8151 54 1158.59 0.980963
7 112 3 26 3.24648 54 2050.63 12.9371
7 112 4 27 21.7062 54 11 1.93493
7 113 1 24 19.044 54 2134 2.20542
7 113 2 25 117.118 54 3655.57 0.358614
7 113 3 26 74.8349 54 1898.43 0.561235
7 113 4 27 10.541 54 6 3.98442
7 114 1 24 20.6639 54 40 2.03253
7 114 2 25 95.5104 54 4208.85 0.439743
7 114 3 26 44.8365 54 1677 0.936737
7 114 4 27 12.209 54 4 3.4401
7 115 1 25 54.6902 54 1689.01 0.767962
7 115 2 26 67.4692 54 637.029 0.622506
7 115 3 27 35.1212 54 53 1.19586
7 116 2 25 65.3648 54 1798.13 0.642548
7 116 3 26 73.4371 54 1261.62 0.571918
7 116 4 27 24.7913 54 12 1.69414
7 117 2 25 103.323 54 2890.21 0.406492
7 117 3 26 145.23 54 2566.56 0.289197
7 117 4 27 24.335 54 19 1.72591
7 118 2 25 104.743 54 3547.26 0.40098
7 118 3 26 133.333 54 3016.77 0.315
7 119 1 25 45.1297 54 1380.11 0.930652
7 119 2 26 80.128 54 816.63 0.524162
7 119 3 27 25.0564 54 46 1.67622
7 120 2 25 25.381 54 1484.91 1.65478
7 120 3 26 81.5528 54 555.694 0.515004
7 120 4 27 44.8134 54 36 0.93722
7 121 1 24 7.67655 54 380 5.47121
7 121 2 25 159.572 54 3420.93 0.263204
7 121 3 26 83.3557 54 1572.81 0.503865
7 121 4 27 61.4195 54 33 0.683822
7 122 1 24 7.24075 54 6 5.8005
7 122 2 25 74.9261 54 1507.87 0.560552
7 122 3 26 42.3307 54 1271.79 0.992188
7 122 4 27 0.340353 54 26 123.401
7 123 2 25 70.3447 54 2923.99 0.59706
7 123 3 26 46.9133 54 568.736 0.895269
7 123 4 27 60.2691 54 53 0.696874
7 124 2 25 275.162 54 1603.97 0.152637
7 124 3 26 236.381 54 2764.12 0.177679
7 124 4 27 11.0557 54 52 3.79895
7 125 1 24 75.087 54 2518 0.559351
7 125 2 25 174.992 54 3374.75 0.240011
7 125 3 26 216.711 54 3329.01 0.193806
7 125 4 27 5.60736e-05 54 290 749016
7 126 1 24 44.0125 54 3466 0.954273
7 126 2 25 93.8413 54 1882.13 0.447564
7 126 3 26 94.5915 54 2313.82 0.444014
7 126 4 27 116.864 54 73 0.359391
7 127 2 25 30.1327 54 2302.67 1.39383
7 127 3 26 49.2848 54 2274.82 0.85219
7 127 4 27 3.03949 54 6 13.8181
7 128 2 25 45.1694 54 1389.78 0.929833
7 128 3 26 36.3105 54 532.657 1.15669
7 128 4 27 4.45824 54 40 9.42075
7 129 1 24 40.3813 54 97 1.04009
7 129 2 25 35.4995 54 2737.52 1.18312
7 129 3 26 49.193 54 1751.46 0.85378
7 129 4 27 16.3653 54 44 2.5664
7 130 2 25 53.0797 54 3842.75 0.791262
7 130 3 26 39.7072 54 4056.05 1.05774
7 130 4 27 39.7183 54 80 1.05745
7 131 2 25 145.357 54 4673 0.288944
7 131 3 26 93.3495 54 2021 0.449922
7 131 4 27 0.00271339 54 198 15478.8
7 132 2 25 199.579 54 6544.27 0.210443
7 132 3 26 146.363 54 2697.59 0.286959
7 132 4 27 56.5124 54 37 0.743199
7 133 1 24 73.5969 54 1263 0.570676
7 133 2 25 93.2873 54 3162.58 0.450222
7 133 3 26 155.319 54 4051.43 0.270411
7 133 4 27 32.414 54 59 1.29574
7 134 2 25 119.521 54 4969.41 0.351403
7 134 3 26 120.136 54 4078.81 0.349605
7 134 4 27 0.036237 54 870 1159.04
7 135 2 25 90.3914 54 3827.76 0.464646
7 135 3 26 70.0149 54 3762.76 0.599873
7 135 4 27 68.6807 54 83 0.611526
7 136 2 25 139.978 54 5107.1 0.300047
7 136 3 26 91.8056 54 1569.72 0.457488
7 136 4 27 48.1553 54 77 0.872177
7 137 2 25 57.1982 54 5907.93 0.734289
7 137 3 26 61.4896 54 2378.36 0.683043
7 137 4 27 79.6323 54 73 0.527424
7 138 2 25 129.374 54 6697.24 0.32464
7 138 3 26 109.365 54 4520.66 0.384036
7 138 4 27 0.000173525 54 108 242040
7 139 2 25 64.5538 54 2305.87 0.650621
7 139 3 26 64.7459 54 1398.61 0.648689
7 139 4 27 0.00827425 54 525 5075.99
7 140 1 24 4.03876 54 239 10.3992
7 140 2 25 105.361 54 5389.2 0.398631
7 140 3 26 45.8239 54 2125.14 0.916553
7 140 4 27 92.974 54 169 0.451739
7 141 2 25 104.825 54 9052.2 0.400667
7 141 3 26 43.8598 54 3550.04 0.957596
7 141 4 27 22.3609 54 183 1.87828
7 142 2 25 86.8852 54 7702.18 0.483396
7 142 3 26 65.0668 54 4862.3 0.645491
7 142 4 27 0.000245914 54 49 170792
7 143 2 25 51.1888 54 3795.72 0.820492
7 143 3 26 76.9278 54 4844.64 0.545966
7 143 4 27 52.1684 54 88 0.805085
7 144 2 25 172.927 54 8442.57 0.242877
7 144 3 26 243.318 54 5727.26 0.172613
7 144 4 27 62.527 54 67 0.67171
7 145 2 25 156.207 54 9102.91 0.268874
7 145 3 26 162.628 54 4000.84 0.258258
7 145 4 27 61.3756 54 43 0.684311
7 146 2 25 95.1675 54 6620.91 0.441327
7 146 3 26 65.5189 54 3706.81 0.641036
7 146 4 27 8.01899 54 140 5.23757
7 147 2 25 90.2613 54 6599.04 0.465315
7 147 3 26 34.9939 54 3656.77 1.20021
7 147 4 27 10.273 54 343 4.08838
7 148 2 25 102.521 54 5961.81 0.409672
7 148 3 26 53.6818 54 2208.36 0.782388
7 148 4 27 59.4311 54 172 0.7067
7 149 2 25 85.1707 54 5444.18 0.493127
7 149 3 26 109.33 54 3733.77 0.384159
7 149 4 27 0.000891125 54 273 47131.4
7 150 2 25 94.926 54 8675.98 0.44245
7 150 3 26 68.7466 54 7005.29 0.610939
7 150 4 27 21.3256 54 176 1.96946
7 151 2 25 123.913 54 5833.38 0.338947
7 151 3 26 135.445 54 5552.48 0.310089
7 151 4 27 8.22849 54 206 5.10421
7 152 2 25 148.606 54 6578.46 0.282627
7 152 3 26 53.9382 54 1478.57 0.778669
7 152 4 27 0.46055 54 24 91.1954
7 153 2 25 65.0677 54 9791.04 0.645481
7 153 3 26 111.696 54 8227.69 0.376022
7 153 4 27 23.9021 54 69 1.75717
7 154 2 25 35.5619 54 11676.3 1.18104
7 154 3 26 75.7692 54 12449.9 0.554315
7 154 4 27 33.3584 54 18 1.25905
7 155 1 25 12.5529 54 3103.43 3.34583
7 155 2 26 48.5459 54 10147.5 0.86516
7 155 3 27 16.8185 54 122 2.49725
7 156 2 25 102.109 54 14011.2 0.411327
7 156 3 26 70.5229 54 8600.41 0.595551
7 156 4 27 6.61452 54 20 6.34967
7 157 2 25 181.086 54 13918.5 0.231934
7 157 3 26 182.843 54 7651.18 0.229706
7 157 4 27 6.59815 54 5 6.36542
7 158 2 25 89.1077 54 13576.9 0.47134
7 158 3 26 49.2714 54 7490.41 0.852421
7 158 4 27 3.21604 54 10 13.0595
7 159 2 25 25.0695 54 5298.67 1.67534
7 159 3 26 69.4505 54 9867.98 0.604747
7 160 2 25 63.7949 54 12636.1 0.65836
7 160 3 26 51.5658 54 7162.9 0.814493
7 160 4 27 0.00827453 54 393 5075.82
7 161 2 25 311.854 54 10949.2 0.134678
7 161 3 26 140.788 54 7971.38 0.29832
7 161 4 27 32.7648 54 37 1.28186
7 162 2 25 124.85 54 17265 0.336403
7 162 3 26 57.6798 54 9993.42 0.728158
7 162 4 27 0.00387102 54 193 10849.9
7 163 1 25 50.9881 54 6965.7 0.823722
7 163 2 26 118.805 54 5138.19 0.35352
7 163 3 27 0.00456312 54 308 9204.23
7 164 2 25 153.327 54 12145.3 0.273923
7 164 3 26 80.2758 54 7861.46 0.523196
7 164 4 27 3.81415 54 81 11.0116
7 165 2 25 288.255 54 11790 0.145704
7 165 3 26 77.522 54 11336.1 0.541782
7 165 4 27 70.7516 54 93 0.593626
7 166 2 25 150.094 54 13063.8 0.279825
7 166 3 26 61.1386 54 13092.2 0.686963
7 166 4 27 0.00822002 54 576 5109.48
7 167 2 25 94.794 54 5407.31 0.443066
7 167 3 26 217.654 54 10068.9 0.192967
7 167 4 27 70.3203 54 25 0.597267
7 168 2 25 120.34 54 10500 0.349012
7 168 3 26 224.399 54 9811.34 0.187166
7 168 4 27 0.0154286 54 376 2722.21
7 169 2 25 203.164 54 11913.1 0.20673
7 169 3 26 86.6948 54 9061.35 0.484458
7 169 4 27 13.1583 54 278 3.1919
7 170 2 25 221.635 54 11921.7 0.189501
7 170 3 26 155.922 54 10182.9 0.269365
7 170 4 27 0.00509717 54 468 8239.87
7 171 2 25 68.9838 54 5593.99 0.608839
7 171 3 26 175.737 54 9733.32 0.238993
7 171 4 27 45.0324 54 298 0.932662
7 172 2 25 243.448 54 9859.74 0.172522
7 172 3 26 174.47 54 7247.14 0.240729
7 172 4 27 0.00132662 54 152 31659.5
7 173 2 25 172.282 54 11593.6 0.243787
7 173 3 26 63.0388 54 9966.52 0.666256
7 173 4 27 42.7171 54 55 0.983213
7 174 2 25 168.839 54 9355.71 0.248757
7 174 3 26 199.418 54 9327.86 0.210613
7 174 4 27 50.232 54 131 0.83612
7 175 1 25 76.9667 54 1355.31 0.54569
7 175 2 26 48.4807 54 8211.84 0.866324
7 175 3 27 19.624 54 75 2.14023
7 176 2 25 67.0948 54 9262 0.62598
7 176 3 26 294.193 54 10714.3 0.142763
7 176 4 27 41.5263 54 149 1.01141
7 177 2 25 50.786 54 10649.2 0.827
7 177 3 26 134.995 54 12268.5 0.311122
7 177 4 27 20.3673 54 18 2.06213
7 178 2 25 94.5458 54 15459.7 0.444229
7 178 3 26 102.778 54 16272.8 0.408648
7 178 4 27 2.46036 54 2 17.0707
7 179 2 25 60.857 54 3866.55 0.690142
7 179 3 26 85.2469 54 10166 0.492686
7 179 4 27 73.3484 54 138 0.57261
7 180 2 25 216.512 54 12704.7 0.193985
7 180 3 26 135.371 54 13658.2 0.310258
7 180 4 27 49.6658 54 81 0.845652
7 181 2 25 190.834 54 13424.5 0.220087
7 181 3 26 121.153 54 15552.3 0.34667
7 181 4 27 4.46492 54 2 9.40667
7 182 1 25 61.4229 54 15156.1 0.683785
7 182 2 26 42.7647 54 10432.4 0.98212
7 182 3 27 41.2173 54 66 1.01899
7 183 1 25 107.838 54 3755.43 0.389474
7 183 2 26 63.1599 54 10780.4 0.664979
7 183 3 27 33.4012 54 297 1.25744
7 184 2 25 166.37 54 11873.6 0.25245
7 184 3 26 166.098 54 7919.02 0.252862
7 184 4 27 0.000146337 54 126 287008
7 185 2 25 210.391 54 13192.4 0.199628
7 185 3 26 131.327 54 13219.4 0.319812
7 185 4 27 0.000419081 54 88 100219
7 186 2 25 153.596 54 12341.9 0.273444
7 186 3 26 76.536 54 11408.3 0.548761
7 186 4 27 59.4912 54 197 0.705987
7 187 1 25 66.4255 54 3131.97 0.632287
7 187 2 26 62.9726 54 10577.6 0.666956
7 187 3 27 7.5067 54 81 5.595
7 188 2 25 153.826 54 9478.26 0.273036
7 188 3 26 143.807 54 4923.4 0.292058
7 188 4 27 3.41571 54 61 12.2961
8 1 2 31 10.9623 54 398 3.83132
8 2 2 31 31.0172 54 1517 1.35409
8 3 2 31 0.00948365 54 996 4428.67
8 4 2 31 58.3516 54 125 0.719775
8 5 2 31 0.00134143 54 335 31309.9
8 6 1 31 62.9244 54 694 0.667467
8 7 2 31 0.00881812 54 900 4762.92
8 8 2 31 40.3965 54 485 1.03969
8 9 2 31 49.3814 54 210 0.850523
8 10 1 28 56.5572 54 180 0.742611
8 10 2 31 66.7049 54 1173 0.629639
8 11 2 31 46.0573 54 801 0.911908
8 12 2 31 32.8884 54 77 1.27705
8 13 2 31 15.7615 54 7 2.66473
8 14 2 31 10.6943 54 103 3.92732
8 15 1 28 24.5421 54 284 1.71134
8 15 2 31 32.8521 54 78 1.27846
8 17 1 28 34.3056 54 310 1.22429
8 17 2 31 61.7431 54 154 0.680237
8 18 4 31 47.5405 54 319 0.883457
8 19 2 31 39.3592 54 758 1.06709
8 20 2 31 93.0755 54 131 0.451247
8 21 1 28 10.9691 54 30 3.82892
8 21 2 31 26.1574 54 193 1.60567
8 22 2 31 53.3044 54 127 0.787928
8 23 2 31 100.142 54 261 0.419405
8 24 1 28 9.59606 54 3 4.37679
8 24 2 31 67.6299 54 878 0.621027
8 25 1 28 28.9404 54 4714 1.45126
8 25 2 31 180.397 54 1386 0.23282
8 26 1 28 32.351 54 24364 1.29826
8 26 2 31 52.0513 54 85 0.806897
8 27 1 28 23.7535 54 7520 1.76816
8 27 3 31 4.08818 54 66 10.2735
8 28 1 28 26.4135 54 2236 1.5901
8 28 2 31 41.4145 54 316 1.01414
8 29 1 28 25.3529 54 2885 1.65661
8 29 2 31 50.9747 54 288 0.823938
8 30 2 31 71.5269 54 192 0.587191
8 31 1 28 48.1118 54 1007 0.872966
8 31 2 31 41.4284 54 287 1.0138
8 32 1 28 35.3365 54 1173 1.18857
8 32 2 31 67.6973 54 590 0.620409
8 33 1 28 44.682 54 1761 0.939976
8 33 2 31 73.633 54 193 0.570397
8 34 1 28 50.6718 54 15382 0.828863
8 35 1 28 7.20231 54 356 5.83146
8 35 2 31 44.2307 54 83 0.949567
8 36 1 28 1.23966 54 56 33.8802
8 36 2 31 36.2121 54 296 1.15983
8 37 2 31 19.6171 54 71 2.14099
8 39 3 31 20.2409 54 103 2.07501
8 40 1 28 42.2233 54 205 0.994712
8 40 4 31 26.3148 54 284 1.59606
8 41 1 28 12.3227 54 8 3.40835
8 41 4 31 23.1602 54 168 1.81346
8 42 4 31 18.2486 54 22 2.30155
8 43 4 31 30.2343 54 84 1.38915
8 44 1 28 25.2845 54 40 1.6611
8 44 4 31 29.9749 54 524 1.40117
8 45 1 28 5.47775 54 46 7.66738
8 45 4 31 62.148 54 240 0.675806
8 46 4 31 5.93371 54 11 7.07821
8 47 4 31 23.291 54 40 1.80327
8 48 1 28 51.9269 54 47 0.808829
8 48 4 31 56.5511 54 979 0.742692
8 49 1 28 3.07408 54 51 13.6626
8 49 4 31 39.7378 54 1037 1.05693
8 50 4 31 18.9818 54 5 2.21264
8 51 4 31 26.6046 54 33 1.57867
8 52 1 28 22.957 54 34 1.8295
8 52 4 31 49.111 54 181 0.855206
8 53 4 31 55.5739 54 168 0.75575
8 54 4 31 34.8982 54 23 1.2035
8 55 4 31 37.3202 54 110 1.1254
8 56 1 28 10.5093 54 205 3.99648
8 56 4 31 96.8699 54 104 0.433571
8 57 4 31 85.4627 54 968 0.491443
8 58 4 31 4.04608 54 5 10.3804
8 59 4 31 73.4285 54 152 0.571985
8 60 1 28 44.6905 54 476 0.939797
8 60 4 31 63.8805 54 158 0.657478
8 61 1 28 31.5083 54 141 1.33298
8 61 4 31 59.4614 54 73 0.706341
8 62 1 28 15.8848 54 137 2.64404
8 62 4 31 86.0914 54 53 0.487853
8 63 4 31 11.9326 54 15 3.51977
8 64 4 31 36.043 54 21 1.16527
8 65 4 31 47.9403 54 215 0.87609
8 66 1 28 20.1101 54 371 2.0885
8 66 2 29 33.8098 54 324 1.24225
8 66 3 30 27.3983 54 186 1.53294
8 67 4 31 25.7578 54 37 1.63058
8 68 1 28 8.6443 54 157 4.8587
8 68 4 31 34.3018 54 143 1.22443
8 69 4 31 31.0851 54 351 1.35113
8 70 4 31 17.3614 54 16 2.41915
8 71 4 31 26.4423 54 25 1.58837
8 72 1 28 27.1273 54 137 1.54825
8 72 2 29 6.49626 54 241 6.46526
8 72 3 30 17.7394 54 150 2.36762
8 72 4 31 43.7812 54 183 0.959316
8 73 2 29 38.7358 54 1796 1.08427
8 73 3 30 51.4822 54 1849 0.815816
8 73 4 31 28.1681 54 24 1.49105
8 74 2 29 35.3666 54 168 1.18756
8 74 3 30 56.8023 54 1652 0.739407
8 74 4 31 25.5292 54 19 1.64517
8 75 2 29 40.3738 54 1943 1.04028
8 75 3 30 45.9695 54 5116 0.91365
8 75 4 31 10.4898 54 5 4.00389
8 76 1 28 93.4951 54 921 0.449221
8 76 2 29 43.2899 54 1096 0.970203
8 76 3 30 133.16 54 6260 0.315409
8 76 4 31 136.879 54 137 0.30684
8 77 1 28 19.2288 54 8 2.18422
8 77 3 30 36.3391 54 82.5 1.15578
8 77 4 31 71.1608 54 793 0.590213
8 78 2 29 16.4198 54 50 2.55789
8 78 3 30 55.7422 54 2631 0.753468
8 79 1 28 31.7161 54 9065 1.32425
8 79 2 29 30.2537 54 86 1.38826
8 79 3 30 50.2884 54 4541 0.835183
8 79 4 31 25.7123 54 26 1.63346
8 80 1 28 31.9585 54 346 1.3142
8 80 2 29 34.0806 54 629 1.23237
8 80 3 30 40.1966 54 3988 1.04486
8 80 4 31 82.3427 54 127 0.510063
8 81 1 28 16.4551 54 3535 2.5524
8 81 2 29 46.2506 54 3240 0.908097
8 81 3 30 43.5122 54 2855 0.965247
8 81 4 31 16.3455 54 19 2.56952
8 82 1 28 15.2742 54 2879 2.74973
8 82 2 29 41.0544 54 2631 1.02303
8 82 3 30 29.024 54 3579 1.44708
8 82 4 31 9.99652 54 9 4.20146
8 83 1 28 11.8651 54 655 3.53979
8 83 2 29 51.6195 54 1114 0.813646
8 83 3 30 34.1418 54 1269 1.23016
8 83 4 31 1.63306e-06 54 15 2.57186e+07
8 84 1 28 17.0689 54 100 2.46062
8 84 2 29 29.3985 54 1250 1.42865
8 84 3 30 41.889 54 900 1.00265
8 84 4 31 21.1318 54 111 1.98753
8 85 2 29 26.2551 54 3006 1.59969
8 85 3 30 33.6811 54 1366 1.24699
8 85 4 31 23.5226 54 71 1.78552
8 86 2 29 21.838 54 1527 1.92325
8 86 3 30 64.8153 54 4683 0.647995
8 86 4 31 14.0551 54 11 2.98823
8 87 2 29 20.4915 54 3075 2.04963
8 87 3 30 35.4804 54 4635 1.18375
8 87 4 31 55.8022 54 26 0.752659
8 88 1 28 6.16323 54 60 6.81461
8 88 2 29 51.0654 54 1370 0.822475
8 88 3 30 24.3733 54 2638 1.72319
8 88 4 31 6.78852 54 60 6.18691
8 89 1 28 54.0707 54 297 0.776761
8 89 2 29 54.3953 54 3325.79 0.772125
8 89 3 30 61.9911 54 1912 0.677517
8 89 4 31 9.00536 54 8 4.66389
8 90 1 28 45.9255 54 257 0.914524
8 90 2 29 32.4226 54 764 1.29539
8 90 3 30 62.2862 54 4179 0.674307
8 91 2 29 46.0455 54 582 0.912142
8 91 3 30 67.3735 54 4010 0.623391
8 92 1 28 60.8974 54 553 0.689684
8 92 2 29 32.7094 54 1623 1.28404
8 92 3 30 137.162 54 5898 0.306208
8 92 4 31 70.9912 54 167 0.591623
8 93 1 28 140.166 54 656 0.299645
8 93 2 29 62.8401 54 668 0.668363
8 93 3 30 98.0987 54 2243 0.42814
8 93 4 31 20.3295 54 155 2.06597
8 94 1 28 58.2563 54 413 0.720952
8 94 3 31 28.1611 54 20 1.49142
8 95 1 28 28.9 54 51 1.45329
8 95 2 29 17.3178 54 70 2.42525
8 95 3 30 29.6227 54 150 1.41783
8 95 4 31 2.69291 54 1 15.5965
8 96 1 28 15.5773 54 180 2.69623
8 96 2 29 16.8415 54 82 2.49383
8 96 4 31 10.9832 54 6 3.82403
8 97 2 29 26.5562 54 1686 1.58155
8 97 3 30 20.2236 54 385 2.07679
8 97 4 31 1.10368 54 1 38.0544
8 98 1 28 49.8289 54 845 0.842884
8 98 2 29 51.6405 54 1135 0.813315
8 98 3 30 51.4795 54 2655 0.815858
8 98 4 31 30.2697 54 32 1.38752
8 99 1 28 87.781 54 271 0.478463
8 99 2 29 32.8408 54 1757 1.2789
8 99 3 30 66.0243 54 3614 0.63613
8 99 4 31 2.9716 54 58 14.1338
8 100 1 28 24.6332 54 300 1.70502
8 100 2 29 44.6812 54 3307 0.939993
8 100 4 31 24.1069 54 27 1.74224
8 101 2 29 51.1469 54 3248 0.821164
8 101 3 30 9.64915 54 55 4.35272
8 101 4 31 5.79834 54 2 7.24345
8 102 2 29 32.9399 54 5388 1.27505
8 102 3 30 20.7014 54 1577 2.02885
8 102 4 31 27.6691 54 7 1.51794
8 103 2 29 18.6836 54 1750 2.24796
8 103 3 30 39.3873 54 3660 1.06633
8 103 4 31 25.5404 54 41 1.64445
8 104 2 29 32.1155 54 1670.94 1.30778
8 104 3 30 18.4974 54 175 2.27059
8 104 4 31 2.24211 54 4 18.7324
8 105 2 29 49.1831 54 6393 0.853952
8 105 3 30 16.9896 54 219.685 2.4721
8 106 2 29 31.1869 54 5246.55 1.34672
8 106 3 30 67.0243 54 788.062 0.626638
8 106 4 31 4.52242 54 5 9.28707
8 107 2 29 51.0428 54 6318.22 0.822838
8 107 3 30 45.6985 54 5854.41 0.919067
8 107 4 31 5.72478 54 4 7.33652
8 108 1 28 13.6755 54 50 3.07119
8 108 2 29 55.7249 54 6036.8 0.753703
8 108 3 30 63.9772 54 2544 0.656484
8 108 4 31 13.4224 54 110 3.1291
8 109 1 28 45.2879 54 548 0.9274
8 109 2 29 55.4364 54 5739.48 0.757625
8 109 3 30 17.9743 54 69 2.33667
8 109 4 31 12.7066 54 107 3.30536
8 110 2 29 30.6854 54 8470.21 1.36873
8 110 4 31 175.126 54 87 0.239828
8 111 2 29 25.3678 54 8208.14 1.65564
8 111 4 31 15.377 54 49 2.73135
8 112 1 28 28.9317 54 765 1.4517
8 112 2 29 26.7717 54 5583.05 1.56882
8 112 3 30 3.59373 54 280.802 11.687
8 112 4 31 23.1832 54 9 1.81166
8 113 2 29 115.86 54 8509.18 0.362508
8 113 3 30 43.0933 54 443.825 0.97463
8 113 4 31 22.1979 54 14 1.89207
8 114 2 29 35.6979 54 8426.35 1.17654
8 114 3 30 30.2811 54 335 1.387
8 114 4 31 32.7574 54 30 1.28215
8 115 2 29 84.5131 54 8858.42 0.496965
8 115 3 30 43.4956 54 2637.78 0.965614
8 115 4 31 29.1611 54 65 1.44028
8 116 1 28 41.9603 54 58 1.00095
8 116 2 29 70.1519 54 5049.14 0.598701
8 116 3 30 25.2781 54 945.806 1.66152
8 116 4 31 25.0541 54 63 1.67637
8 117 2 29 42.9297 54 4125.88 0.978343
8 117 3 30 12.1608 54 67 3.45373
8 117 4 31 37.2886 54 69 1.12635
8 118 2 29 74.2878 54 4883.05 0.565369
8 118 3 30 133.706 54 3155.87 0.314121
8 118 4 31 100.672 54 94 0.417195
8 119 2 29 89.161 54 6853.64 0.471058
8 119 3 30 148.183 54 3676.13 0.283433
8 119 4 31 28.2838 54 229 1.48495
8 120 1 28 8.57879 54 54 4.89579
8 120 2 29 166.98 54 5362.6 0.251527
8 120 3 30 60.1131 54 752 0.698683
8 120 4 31 36.4462 54 65 1.15238
8 121 2 29 170.722 54 6169.53 0.246015
8 121 3 30 35.2739 54 3125.3 1.19068
8 121 4 31 0.00080576 54 509 52124.7
8 122 2 29 64.6487 54 4266.49 0.649665
8 122 3 30 37.8198 54 5594.71 1.11053
8 122 4 31 0.0856537 54 1998 490.346
8 123 2 29 102.205 54 1392.32 0.410941
8 123 3 30 40.1899 54 5295.14 1.04504
8 123 4 31 106.127 54 3617 0.395754
8 124 1 28 32.6728 54 75 1.28547
8 124 2 29 160.089 54 1048.08 0.262354
8 124 3 30 68.4954 54 5271.49 0.61318
8 124 4 31 0.00561013 54 2075 7486.46
8 125 4 31 170.946 54 1166 0.245691
8 126 3 31 146.332 54 2107 0.287018
8 127 1 29 36.9699 54 1271.68 1.13606
8 127 3 31 367.492 54 2298 0.114288
8 128 2 29 67.0943 54 4164.44 0.625984
8 128 3 30 31.1821 54 1317 1.34693
8 128 4 31 119.241 54 649 0.352228
8 129 2 29 81.0893 54 3050.49 0.517947
8 129 3 30 31.4584 54 635.023 1.3351
8 129 4 31 0.0276442 54 1197 1519.31
8 130 2 29 45.839 54 4267.5 0.91625
8 130 3 30 15.5982 54 2716.11 2.69263
8 130 4 31 0.0187083 54 1108 2244.99
8 131 1 29 84.8914 54 3217.4 0.49475
8 131 2 30 108.17 54 1275 0.388277
8 131 3 31 0.0346832 54 3233 1210.96
8 132 2 29 49.7072 54 1848.44 0.844948
8 132 3 30 52.7766 54 463 0.795808
8 132 4 31 0.00722963 54 673 5809.42
8 133 2 29 9.66422 54 2144.41 4.34593
8 133 3 30 50.063 54 671 0.838943
8 133 4 31 115.728 54 359 0.362921
8 134 2 29 94.0529 54 2022.88 0.446557
8 134 3 30 95.4289 54 2165.67 0.440118
8 134 4 31 0.069661 54 2521 602.92
8 135 1 29 65.4642 54 2197.53 0.641572
8 135 2 30 194.962 54 3693.73 0.215427
8 135 3 31 253.47 54 1422 0.1657
8 136 2 29 23.1179 54 1783.28 1.81678
8 136 3 30 153.945 54 5401.5 0.272824
8 136 4 31 73.5509 54 1021 0.571033
8 137 2 29 33.0022 54 309 1.27264
8 137 3 30 24.0072 54 52 1.74948
8 137 4 31 0.0108955 54 900 3854.82
8 138 2 29 125.987 54 3620.86 0.333368
8 138 4 31 194.574 54 2822 0.215856
8 139 1 29 78.1912 54 5414.93 0.537145
8 139 2 30 137.328 54 2610.71 0.305837
8 139 3 31 136.234 54 3927 0.308292
8 140 1 29 139.609 54 7444.51 0.30084
8 140 2 30 72.7516 54 1096.2 0.577307
8 140 3 31 0.0010598 54 647 39630.1
8 141 2 29 25.1531 54 1865.35 1.66978
8 141 3 30 15.1914 54 129.083 2.76473
8 141 4 31 175.045 54 710 0.239938
8 142 2 29 117.209 54 6310.57 0.358334
8 142 3 30 45.1138 54 2010.38 0.930978
8 142 4 31 73.5869 54 1524 0.570753
8 143 1 29 86.615 54 6610.51 0.484904
8 143 2 30 131.851 54 4502 0.31854
8 143 3 31 146.67 54 955 0.286357
8 144 2 29 90.5764 54 4550 0.463697
8 144 3 30 55.1742 54 3884 0.761225
8 144 4 31 181.744 54 777 0.231094
8 145 2 29 116.09 54 2809.96 0.361787
8 145 3 30 43.4636 54 1107.47 0.966326
8 145 4 31 148.865 54 499 0.282136
8 146 1 29 73.2415 54 8413.96 0.573445
8 146 2 30 79.7712 54 3773.08 0.526506
8 146 3 31 44.6415 54 872 0.940828
8 147 1 29 60.0955 54 3661.7 0.698888
8 147 2 30 104.697 54 3284.95 0.401158
8 147 3 31 22.3781 54 1447 1.87684
8 148 2 29 186.356 54 6341.68 0.225376
8 148 3 30 65.8202 54 3233.36 0.638102
8 148 4 31 50.9731 54 746 0.823964
8 149 2 29 127.783 54 5725.53 0.328681
8 149 3 30 39.9328 54 489.906 1.05177
8 149 4 31 58.8501 54 378 0.713678
8 150 2 29 98.4844 54 8816.42 0.426464
8 150 3 30 40.0743 54 2988.54 1.04805
8 150 4 31 112.701 54 2057 0.372667
8 151 2 29 89.7428 54 7706.29 0.468004
8 151 3 30 539.185 54 9967.38 0.0778954
8 151 4 31 0.226055 54 3591 185.796
8 152 2 29 206.523 54 9598.51 0.203367
8 152 3 30 294.969 54 5869.61 0.142388
8 152 4 31 135.307 54 2042 0.310406
8 153 2 29 203.406 54 15411 0.206484
8 153 3 30 104.234 54 9741.19 0.40294
8 153 4 31 88.4576 54 855 0.474804
8 154 1 29 179.976 54 8803.33 0.233364
8 154 2 30 8.21092 54 8242.96 5.11514
8 154 3 31 201.013 54 2502 0.208942
8 155 2 30 57.5751 54 8077.36 0.729483
8 155 3 31 241.21 54 2370 0.174122
8 156 2 29 123.284 54 10095.4 0.340676
8 156 3 30 73.987 54 6163 0.567667
8 156 4 31 160.069 54 2465 0.262387
8 157 2 29 248.077 54 12535.8 0.169303
8 157 3 30 45.8528 54 465 0.915974
8 157 4 31 81.6335 54 2603 0.514495
8 158 2 29 107.571 54 22550.9 0.390439
8 158 3 30 15.9941 54 397.087 2.62597
8 158 4 31 0.0111965 54 2155 3751.16
8 159 1 29 18.1468 54 308.068 2.31446
8 159 2 30 27.5356 54 2315.69 1.5253
8 159 3 31 207.134 54 1349 0.202767
8 160 2 29 37.4093 54 13473.2 1.12271
8 160 3 30 28.2102 54 7541.16 1.48883
8 160 4 31 25.7156 54 780 1.63325
8 161 2 29 78.1197 54 13969.8 0.537637
8 161 3 30 85.0027 54 9822.73 0.494102
8 161 4 31 69.2069 54 317 0.606876
8 162 1 29 91.0668 54 18282.1 0.4612
8 162 2 30 104.692 54 11579.5 0.401178
8 162 3 31 60.7679 54 420 0.691155
8 163 1 29 44.2279 54 3267.9 0.949628
8 163 2 30 79.5054 54 15021 0.528266
8 163 3 31 147.664 54 453 0.284429
8 164 2 29 196.466 54 14673.8 0.213777
8 164 3 30 218.158 54 7390.17 0.192521
8 164 4 31 0.079999 54 2244 525.007
8 165 2 29 65.8744 54 15849.6 0.637577
8 165 3 30 122.539 54 1634.68 0.342747
8 165 4 31 0.000468611 54 681 89626.6
8 166 2 29 166.098 54 11372.6 0.252863
8 166 3 30 153.045 54 5219.65 0.274428
8 166 4 31 278.592 54 1424 0.150758
8 167 2 29 61.4462 54 2653.12 0.683524
8 167 3 30 31.2488 54 12221.4 1.34405
8 167 4 31 100.704 54 1076 0.417065
8 168 2 29 56.1728 54 17007.1 0.747693
8 168 3 30 169.592 54 10654.8 0.247653
8 168 4 31 202.238 54 1082 0.207676
8 169 2 29 109.538 54 20371.6 0.38343
8 169 3 30 137.38 54 9879.64 0.305722
8 169 4 31 125.328 54 291 0.33512
8 170 2 29 177.003 54 20714.6 0.237284
8 170 3 30 188.06 54 10414.4 0.223333
8 170 4 31 0.00363708 54 1074 11547.7
8 171 2 29 126.098 54 6015.41 0.333074
8 171 3 30 103.015 54 17709 0.407706
8 171 4 31 0.0521906 54 3535 804.742
8 172 2 29 154.078 54 16758.6 0.272588
8 172 3 30 93.2709 54 18353.5 0.450301
8 172 4 31 79.6426 54 1205 0.527356
8 173 2 29 164.512 54 21563.7 0.255301
8 173 3 30 25.845 54 14876.8 1.62507
8 173 4 31 58.1628 54 496 0.722112
8 174 2 29 197.816 54 19494.1 0.212318
8 174 3 30 52.3055 54 15075.7 0.802975
8 174 4 31 187.419 54 2648 0.224097
8 175 1 29 105.709 54 8391.33 0.397315
8 175 2 30 228.039 54 20375 0.184179
8 175 3 31 74.3114 54 999 0.56519
8 176 2 29 96.2771 54 22358.5 0.436241
8 176 3 30 67.8809 54 20914.7 0.618731
8 176 4 31 0.0521017 54 2715 806.115
8 177 2 29 73.0819 54 19338.8 0.574697
8 177 3 30 91.7027 54 11623.9 0.458002
8 177 4 31 52.4864 54 1175 0.800207
8 178 1 29 230.582 54 23115.1 0.182148
8 178 2 30 73.5969 54 12713 0.570676
8 178 3 31 190.683 54 1780 0.220261
8 179 1 29 119.885 54 4536.64 0.350335
8 179 2 30 54.7432 54 11720.5 0.767218
8 179 3 31 0.0112485 54 1905 3733.84
8 180 2 29 357.037 54 23938.1 0.117635
8 180 3 30 71.3243 54 7359.08 0.58886
8 180 4 31 1.54282e-05 54 1392 2.72229e+06
8 181 2 29 155.531 54 23157.7 0.270043
8 181 3 30 128.742 54 4587 0.326233
8 181 4 31 4.67434e-05 54 406 898523
8 182 1 29 248.506 54 20944 0.16901
8 182 2 30 43.2039 54 8286.79 0.972134
8 182 3 31 123.511 54 1159 0.34005
8 183 1 29 114.331 54 9289.17 0.367353
8 183 2 30 89.6271 54 9372.63 0.468608
8 183 3 31 54.4504 54 1528 0.771344
8 184 2 29 128.21 54 15218.2 0.327588
8 184 3 30 74.0172 54 6362.4 0.567436
8 184 4 31 0.00691342 54 1029 6075.14
8 185 2 29 124.159 54 20837.9 0.338275
8 185 3 30 60.992 54 5508.26 0.688614
8 185 4 31 261.764 54 1170 0.16045
8 186 2 29 208.578 54 19978.4 0.201363
8 186 3 30 48.6571 54 8434.86 0.863184
8 186 4 31 40.6022 54 1132 1.03443
8 187 1 29 63.393 54 6973.46 0.662533
8 187 2 30 20.5602 54 13774.6 2.04278
8 187 3 31 0.0820951 54 1665 511.602
8 188 1 29 158.522 54 25815.1 0.264947
8 188 2 30 198.16 54 9103.48 0.21195
8 188 3 31 0.12046 54 1957 348.665
