241136 241136 0.000179119 0.0019143 0.0182495 0.0232778 0.0163122 0.0123145 0.011129 0.0108793 0.0109043 0.0109654 0.0109786 0.0109357 0.0108608 0.0107804 0.0107155 0.0106897  4.84593e+07 2.95886e+07 5.70994e+06 2.08171e+06 836813 379186 129246 107059 85422.9 53963.7 23029 17213.2 12660.7 7799.49 3450.57 755.722
6.73468e+06 6.73468e+06 0.00295325 0.031041 0.255412 0.312982 0.2333 0.182503 0.166738 0.163368 0.163658 0.164391 0.164444 0.163726 0.162589 0.161403 0.160462 0.16009  8.16309e+06 2.7267e+07 1.61229e+07 3.39509e+06 1.53703e+06 847592 459418 170035 137222 109879 70300.7 30866.2 22518.7 16308 10003.7 5729.44
2.02683e+06 2.02683e+06 0.00258596 0.0272355 0.22804 0.280611 0.207662 0.161784 0.147629 0.144618 0.144895 0.145572 0.145639 0.145016 0.144012 0.142961 0.142124 0.141792  2.14698e+06 1.4947e+06 4.9116e+06 2.31201e+06 498541 284289 184316 107559 41306.7 32421.9 25508.1 16122.7 7023.79 4980.52 3541.25 3407.03
539947 539947 0.00108715 0.0115551 0.104829 0.13187 0.0943954 0.0721272 0.0654221 0.0640028 0.064139 0.0644742 0.0645328 0.0642707 0.0638284 0.0633581 0.0629808 0.0628306  7.76965e+06 1.13525e+06 809556 2.1748e+06 1.04554e+06 276766 174825 115950 66834.6 24958.1 18924.5 14345.4 8743.77 3690.77 2554.4 3500.43
322969 322969 0.00042449 0.00452999 0.0426104 0.0541476 0.0381659 0.0289077 0.0261516 0.0255707 0.0256284 0.0257693 0.0257982 0.0256962 0.02552 0.0253313 0.0251793 0.0251187  4.34211e+07 1.12841e+07 3.00389e+06 648049 1.29427e+06 723198 242814 183391 140672 89063.1 39189.5 29672.2 22044 13725.7 6144.54 10020.9
6.06248e+06 6.06248e+06 0.00380111 0.0397601 0.314012 0.380921 0.288686 0.228 0.208887 0.204759 0.205067 0.205904 0.205909 0.20498 0.203548 0.202069 0.200901 0.20044  8.15609e+07 2.86402e+07 9.01517e+06 2.6547e+06 581551 1.18361e+06 719001 270533 209581 164831 106800 48429.1 35591.7 25789.7 15960.1 18889.6
2.42471e+06 2.42471e+06 0.00307519 0.0322711 0.262093 0.319452 0.239209 0.187816 0.171877 0.168535 0.168901 0.169695 0.169771 0.169045 0.167881 0.166663 0.165696 0.165312  2.58022e+06 1.37137e+07 5.1961e+06 1.25874e+06 375051 105351 241963 155495 60760.1 46237.6 35752.6 22794.8 10192 7267.26 5156.24 6912.64
585648 585648 0.000507132 0.00540978 0.0507014 0.0643799 0.0454521 0.0344523 0.0311705 0.030476 0.0305421 0.0307079 0.0307408 0.0306185 0.0304082 0.0301833 0.0300023 0.0299302  5.10866e+07 1.36308e+06 7.36124e+06 2.12324e+06 513867 193758 61410.4 145224 92371.1 35109.5 25804.6 19218.1 11812.5 5116.44 3560.47 5805.41
170854 170854 0.000166436 0.00177932 0.0170094 0.0217259 0.0152094 0.0114724 0.010364 0.0101295 0.0101517 0.0102078 0.0102197 0.0101795 0.0101096 0.0100346 0.00997421 0.00995011  1.80647e+07 1.99064e+07 599627 3.82509e+06 1.53063e+06 663023 321003 82000.1 160801 103492 44630.7 33343.5 24683.6 15348.2 6875.02 12518.3
8.68509e+06 8.68509e+06 0.00602484 0.0621803 0.440359 0.519753 0.410577 0.332669 0.307264 0.30173 0.302096 0.303105 0.302936 0.301486 0.299371 0.29723 0.295558 0.294903  3.33194e+07 1.22273e+07 1.18741e+07 454184 3.02715e+06 1.45993e+06 780086 403370 99658.1 183791 118711 52886.2 38613.2 27967.8 17273.1 21899.1
1.46581e+06 1.46581e+06 0.00346433 0.0362616 0.288239 0.349194 0.263681 0.208123 0.190803 0.187187 0.187604 0.188471 0.188542 0.187731 0.186439 0.185092 0.184023 0.1836  4.70199e+06 5.70365e+06 2.14672e+06 1.17863e+06 48924.2 420553 253724 154027 81310.1 19513.4 34444.8 21779.9 9605.86 6817.16 4839.23 6732.05
819282 819282 0.00155298 0.0164648 0.146037 0.182696 0.132058 0.101434 0.0921307 0.0901426 0.0903126 0.0907593 0.0908233 0.0904444 0.0898186 0.0891575 0.0886288 0.0884188  4.46312e+07 2.4824e+06 3.04222e+06 828258 447814 24049.7 236253 147368 88639 45513.1 10545.3 17922 10921.9 4665.56 3231.17 5384.4
187074 187074 0.00029037 0.0031024 0.0294924 0.0376244 0.0264062 0.0199428 0.0180208 0.0176125 0.0176492 0.0177451 0.0177645 0.0176938 0.0175721 0.0174418 0.0173369 0.017295  1.73862e+07 1.49874e+07 1.24979e+06 1.36647e+06 781933 586258 45606 337380 187105 129472 70063.1 15663.7 24773.2 15158.8 6733.87 12441.4
6.02255e+06 6.02255e+06 0.00519886 0.0539425 0.398529 0.475653 0.369974 0.296759 0.27315 0.267975 0.268281 0.26922 0.269108 0.267835 0.265952 0.264034 0.262532 0.261942  4.78423e+07 1.15932e+07 8.88709e+06 1.07099e+06 1.06884e+06 837374 663478 62827.8 402853 218718 158895 85688.4 18626.9 28217.8 17107.4 21766.9
1.51108e+06 1.51108e+06 0.00360847 0.0377548 0.298985 0.362225 0.274021 0.216399 0.198355 0.194537 0.194919 0.195782 0.195831 0.194974 0.193626 0.192224 0.191115 0.190676  9.96981e+06 8.25751e+06 2.08652e+06 1.0163e+06 140914 161327 163200 133965 13750.6 81877.9 43126.7 31282.2 16442.1 3467.05 5113.53 6993.51
745146 745146 0.000925695 0.00985397 0.0905859 0.114519 0.0815475 0.0620806 0.0562216 0.0549659 0.0550682 0.0553501 0.0553975 0.0551704 0.054789 0.0543838 0.0540589 0.0539296  1.59569e+08 5.26318e+06 4.40006e+06 797067 382340 68904 90267.7 94377.6 76707.5 7653.66 43979 22295.5 15583.2 7932.14 1632.15 5595.49
211657 211657 0.000192497 0.00205766 0.0196461 0.0250864 0.0175716 0.0132576 0.011977 0.0117058 0.0117311 0.0117957 0.0118093 0.0117627 0.011682 0.0115953 0.0115255 0.0114977  6.48935e+07 4.03047e+07 2.79214e+06 1.54193e+06 588086 378567 122162 111272 137355 104035 12435.2 62415.2 30323.9 21997.2 11391.6 10229.5
1.67132e+07 1.67132e+07 0.00941216 0.094828 0.562158 0.633009 0.529783 0.447777 0.420305 0.41498 0.416066 0.417498 0.417233 0.415275 0.412472 0.409661 0.407482 0.40663  3.40468e+07 2.99553e+07 1.91904e+07 2.23938e+06 1.11596e+06 582092 427255 168207 128663 168759 122596 15698.9 72133 34145.4 24810.6 24295.8
3.6809e+06 3.6809e+06 0.00611476 0.0628623 0.432655 0.503759 0.40098 0.327686 0.304098 0.299413 0.300253 0.30155 0.301566 0.300239 0.298205 0.296114 0.29447 0.293822  7.80915e+07 6.23463e+06 4.79519e+06 1.11458e+06 153571 106976 77917.7 65912.4 29080.5 19682.2 26339.9 18254.7 2359.97 10294.9 4762.34 6842.54
932763 932763 0.000982044 0.0104488 0.0956545 0.120746 0.0861224 0.0656291 0.0594506 0.0581259 0.0582354 0.0585342 0.0585848 0.0583453 0.0579425 0.0575145 0.0571713 0.0570348  1.60938e+07 4.10432e+07 3.17958e+06 1.23506e+06 254703 53005 46180.8 35824.7 30263.7 12989.4 8469.18 10886.2 7257.98 907.754 3862.09 4273.21
411115 411115 0.000257797 0.00275504 0.0262467 0.0335075 0.0234953 0.0177341 0.0160211 0.0156567 0.015689 0.0157742 0.0157914 0.0157287 0.0156205 0.0155046 0.0154113 0.015374  1.31728e+07 8.5713e+06 1.1466e+07 1.46306e+06 838486 369316 171241 89803 72428.5 60658.6 29959.4 17603.4 23164.3 15029.3 2089.95 17385.4
1.03667e+07 1.03667e+07 0.0087795 0.0890413 0.552659 0.631649 0.522061 0.43611 0.407046 0.400825 0.401361 0.402479 0.402069 0.400074 0.397293 0.394526 0.392391 0.391558  6.72107e+07 8.85353e+06 6.44203e+06 6.24076e+06 1.28876e+06 851745 439383 239350 118627 92552.6 77395.5 39026.6 21444.5 27897.8 17687.7 22981.2
1.41107e+06 1.41107e+06 0.00312023 0.0327687 0.267687 0.327523 0.244871 0.191834 0.175294 0.171727 0.172005 0.172754 0.172796 0.172035 0.170838 0.169592 0.168605 0.168214  8.79915e+07 1.15632e+07 1.52165e+06 537811 367982 156480 128680 72588.1 42780.6 20326.3 15237.5 12497 6243.45 3252.8 4182.34 6015.3
1.54937e+06 1.54937e+06 0.00110024 0.0117008 0.106636 0.134517 0.0961475 0.0733424 0.066455 0.0649735 0.0650886 0.0654151 0.0654662 0.0651953 0.0647438 0.0642652 0.0638818 0.0637294  1.84788e+08 4.64961e+07 6.21906e+06 631604 225031 193966 92574.5 78124.8 43532.1 24926.8 11430.6 8249.85 6521.34 3155.76 1604.51 4938.2
1.58472e+06 1.58472e+06 0.000726527 0.00774204 0.071861 0.0910617 0.0645717 0.0490513 0.0444014 0.043411 0.0434976 0.043726 0.0437674 0.0435902 0.0432895 0.0429692 0.042712 0.0426095  1.68135e+07 4.48307e+07 1.31075e+07 2.24386e+06 501813 325083 241389 165253 125468 68978.5 43570 19283 13587.9 10583.2 5174.93 10633
1.75233e+07 1.75233e+07 0.00818465 0.0834546 0.538321 0.62267 0.508773 0.420902 0.391155 0.38446 0.384665 0.385596 0.385124 0.383154 0.380442 0.377752 0.37568 0.374872  8.87194e+06 8.77107e+06 2.03695e+07 6.83536e+06 1.56885e+06 512734 394134 275520 218598 156145 83627.4 53815.2 23111.1 15707 12023.2 17850.6
2.35876e+06 2.35876e+06 0.00691061 0.0710243 0.486489 0.570932 0.456886 0.372719 0.344692 0.338351 0.338519 0.339436 0.339102 0.337401 0.335007 0.332612 0.330757 0.330031  4.56855e+07 1.58201e+06 1.45083e+06 1.4675e+06 468357 186999 83155.8 71249.5 48074.6 40375.2 27347.4 14070.3 8943.43 3712.29 2460 4632.08
2.08071e+06 2.08071e+06 0.00391046 0.0408766 0.321036 0.388868 0.295332 0.23351 0.213961 0.209712 0.210012 0.21086 0.210859 0.209905 0.20844 0.206927 0.205734 0.205263  1.31093e+08 2.40173e+07 806507 368947 337941 164921 81957.4 38502.5 32715.6 21360.5 17216.9 11172.8 5521.52 3392.42 1372.83 2573.18
1.13908e+06 1.13908e+06 0.000931804 0.00991961 0.0912333 0.115381 0.082152 0.0625325 0.0566288 0.0553627 0.0554638 0.0557461 0.0557927 0.0555632 0.0551787 0.0547703 0.0544429 0.0543127  5.4102e+07 3.46127e+07 6.58762e+06 546571 287886 331760 263422 136423 75609.1 62009.3 38763.9 35270.1 22053.4 10865.4 6851.01 7851.54
1.57719e+07 1.57719e+07 0.00930151 0.0943285 0.584165 0.671149 0.556504 0.464278 0.432303 0.424822 0.424741 0.425476 0.424755 0.422477 0.419453 0.416494 0.414232 0.413354  3.74844e+07 2.55129e+07 1.66235e+07 3.48764e+06 568163 304871 370687 325172 172213 97772.6 78302.5 46692 43230.9 26021.1 12598.2 16979.7
1.90059e+06 1.90059e+06 0.00320313 0.0336 0.271881 0.331329 0.248529 0.195232 0.178625 0.175098 0.175437 0.176232 0.176293 0.175528 0.174315 0.17305 0.172045 0.171648  3.05021e+07 6.40812e+06 4.11023e+06 1.07413e+06 225154 79038.2 46480.6 60462.1 55590.5 29426.6 16402.5 12745.4 7252.41 6674.16 3906.64 4382.89
1.00875e+06 1.00875e+06 0.00119568 0.0127093 0.115291 0.145268 0.10404 0.0794461 0.0720023 0.0703966 0.0705171 0.0708666 0.070919 0.070624 0.0701343 0.069616 0.0692012 0.0690362  8.26184e+07 1.61125e+07 3.43639e+06 1.66334e+06 434109 115648 45863.5 27758.4 35714.2 31923 16314.1 8756.07 6558.11 3614.66 3246.31 3959.57
545525 545525 0.000459509 0.00490442 0.0461836 0.0587578 0.0414064 0.0313436 0.028342 0.0277037 0.0277605 0.0279095 0.0279385 0.0278267 0.0276352 0.0274304 0.0272657 0.0272001  5.26121e+07 2.65614e+07 5.576e+06 1.2336e+06 830425 381288 181713 113803 49992.5 55612.2 54250 27288.2 15319.1 11104.5 5954.28 12245.5
1.55083e+07 1.55083e+07 0.00986037 0.0994317 0.592 0.67152 0.562883 0.474356 0.44382 0.437114 0.437495 0.438488 0.437883 0.435632 0.432586 0.429588 0.42729 0.426396  2.29625e+07 2.75981e+07 1.48173e+07 3.6153e+06 911538 733815 405803 236451 160500 64502.7 67928.6 66632.8 32587.7 18202.2 12830.5 20777
1.44994e+06 1.44994e+06 0.00256105 0.0269431 0.223632 0.273767 0.203113 0.158706 0.145064 0.142246 0.142607 0.14333 0.143432 0.14284 0.141865 0.140836 0.140015 0.139689  927000 4.04913e+06 4.37854e+06 941839 231848 95804.4 99301 62251.1 40492.4 27902.5 10384.4 10422.9 10055.7 4791.97 2632.03 4788.3
835581 835581 0.00141448 0.0150125 0.1344 0.168659 0.121454 0.0930546 0.084434 0.08258 0.0827259 0.0831333 0.0831918 0.0828444 0.0822705 0.0816637 0.0811785 0.0809857  9.53768e+07 489991 2.18689e+06 1.89442e+06 411263 125151 57684.7 61392.7 38095.8 24126.6 16073.1 5766.16 5582.62 5219.2 2427.73 3689.7
510776 510776 0.000825055 0.00878675 0.0811214 0.102642 0.0729504 0.0554879 0.0502469 0.0491296 0.0492266 0.049483 0.0495283 0.049327 0.0489866 0.0486243 0.0483335 0.0482178  1.2175e+07 2.56582e+07 240973 1.23735e+06 1.0352e+06 464051 200686 96887.7 87911 58608.8 42064 28994.2 10301.2 9247.27 8864.62 10180.2
6.68644e+06 6.68644e+06 0.00544484 0.0558616 0.379839 0.435773 0.34672 0.28526 0.266401 0.263499 0.265059 0.266746 0.267106 0.266137 0.264448 0.262646 0.261203 0.260629  1.82116e+07 8.21023e+06 1.34611e+07 181026 1.04161e+06 883179 525633 258917 126387 106539 70696.3 51687.6 35062.1 12169.2 10524.3 21528.8
1.24956e+06 1.24956e+06 0.00376465 0.0393583 0.309634 0.374624 0.284168 0.224726 0.206042 0.202065 0.202437 0.203311 0.203347 0.202448 0.201046 0.199591 0.19844 0.197986  2.55081e+07 3.59902e+06 1.43387e+06 1.22351e+06 16822.7 139410 134611 96065.7 50465.1 24538 19634.1 12719.6 9195.69 6087.96 2058.01 5323.48
965656 965656 0.00168278 0.0178299 0.157256 0.196497 0.142383 0.10949 0.099461 0.0973036 0.0974742 0.097946 0.0980081 0.0975956 0.0969191 0.0962057 0.095636 0.0954098  1.34718e+08 1.34637e+07 1.9141e+06 538125 450731 8113.06 77198 77090.3 54465.3 27803.8 13042.2 10041.7 6267.42 4387.63 2834.41 3371.34
471661 471661 0.0004795 0.005117 0.0481193 0.0611919 0.0431461 0.032672 0.0295467 0.0288823 0.0289419 0.0290972 0.0291275 0.0290109 0.0288113 0.0285979 0.0284262 0.0283578  2.12812e+07 3.35988e+07 3.73282e+06 1.03943e+06 471030 383735 17488.6 149208 104136 84134.1 45212.2 21943.8 15480.3 9866.96 6909 9869.23
1.15478e+07 1.15478e+07 0.00729093 0.0746442 0.496815 0.577333 0.466153 0.383215 0.355695 0.349739 0.350182 0.351259 0.350986 0.349275 0.346834 0.344383 0.34248 0.341735  3.05569e+07 1.55402e+07 1.61645e+07 2.00773e+06 921541 501072 432101 24277.1 194514 120053 102680 55551 26476.4 17813.9 11224.6 18994.6
2.18494e+06 2.18494e+06 0.00483431 0.0503015 0.380084 0.456809 0.35244 0.281036 0.258037 0.252903 0.253112 0.253977 0.253867 0.252659 0.250874 0.249055 0.24763 0.24707  4.13442e+06 6.23628e+06 2.85641e+06 1.33174e+06 153251 125111 85584.8 79498.8 4745.06 36902.1 20892.4 18046.5 9583.78 4451.45 2901.51 4877.4
833622 833622 0.00162697 0.0172458 0.15266 0.190982 0.138183 0.106157 0.0963978 0.094294 0.0944556 0.0949123 0.0949727 0.0945729 0.093917 0.0932252 0.0926726 0.0924532  1.58862e+07 2.17998e+06 3.27825e+06 960651 432374 68176.9 65241.6 46319.8 42533.3 2460.65 18416.5 10014.6 8323.76 4277.44 1937.97 3323.6
228819 228819 0.000392062 0.004186 0.0395442 0.0503483 0.0354296 0.0267992 0.0242278 0.0236817 0.0237312 0.0238597 0.0238853 0.0237902 0.0236266 0.0234515 0.0233106 0.0232545  2.83045e+07 9.80757e+06 1.31275e+06 1.68701e+06 599485 322180 80459.9 109271 80433.1 64993.6 4483.42 32348.3 15735.4 13838.7 7221.08 8857.16
7.90509e+06 7.90509e+06 0.00763698 0.0780867 0.514457 0.597358 0.484348 0.398898 0.370278 0.363937 0.364241 0.365236 0.364869 0.363044 0.360487 0.357935 0.35596 0.355189  2.32091e+07 2.05682e+07 7.90177e+06 1.21557e+06 1.55085e+06 633701 360707 100723 144826 104855 82021.2 5846.14 39669.5 18293 16155 18690.2
1.55821e+06 1.55821e+06 0.00324852 0.0340262 0.27215 0.329785 0.248289 0.195755 0.179456 0.176101 0.176549 0.177411 0.17751 0.176765 0.175557 0.174291 0.173284 0.172885  5.21771e+06 4.32696e+06 3.74299e+06 776653 122063 211366 107688 65154.5 18736.6 26995.3 18969.8 14287.8 996.631 6551.65 2913.05 5534.39
973098 973098 0.0016295 0.0172735 0.152965 0.191414 0.138481 0.106374 0.0965893 0.0944785 0.094638 0.0950938 0.0951529 0.0947516 0.0940939 0.0934005 0.0928468 0.092627  1.33211e+08 2.75501e+06 2.31177e+06 1.46805e+06 300163 60579.7 119557 62969.7 37770.2 10572.5 14715.8 9960.83 7232.82 488.737 3135.57 3967.63
230465 230465 0.00023716 0.00253275 0.0239912 0.0305183 0.0214393 0.0162156 0.0146668 0.0143434 0.0143791 0.014461 0.0144792 0.0144231 0.0143248 0.0142189 0.0141336 0.0140995  2.21227e+07 4.21084e+07 1.38164e+06 1.72075e+06 892785 392858 104474 185694 89401.2 53047.4 16640.1 24032.8 16096 11295 794.598 11154.2
1.4501e+07 1.4501e+07 0.00769917 0.0781495 0.489553 0.554754 0.455026 0.380591 0.356658 0.352511 0.353987 0.355678 0.355771 0.354273 0.351949 0.349555 0.347671 0.346929  1.49971e+07 1.46148e+07 2.27373e+07 1.11076e+06 1.57042e+06 940855 516925 148139 248109 115305 67166.8 21071.8 29685.3 19306.9 13249.5 13861.7
1.5333e+06 1.5333e+06 0.00308602 0.0323029 0.257219 0.31022 0.233677 0.184652 0.169592 0.166636 0.167204 0.168115 0.168269 0.167598 0.166473 0.165282 0.16433 0.163952  7.72194e+07 2.58796e+06 2.36236e+06 1.58181e+06 88167.5 176857 145791 92329.5 27378.3 44086.2 19777.8 11123.9 3400.82 4674.18 2973.35 4112.16
1.18358e+06 1.18358e+06 0.00141866 0.0150405 0.133455 0.166648 0.12036 0.0924939 0.0840659 0.0822976 0.0824885 0.0829221 0.0829973 0.0826611 0.0820946 0.0814926 0.08101 0.080818  9.39084e+07 4.07617e+07 1.38028e+06 915158 597046 42829.7 98458.4 84256.1 53048.7 15340.2 23892.6 10332.5 5605.14 1660.43 2227.48 3315.15
1.42131e+06 1.42131e+06 0.000900976 0.00958867 0.0879907 0.111084 0.0791413 0.0602976 0.0546398 0.0534398 0.0535512 0.0538325 0.0538829 0.0536646 0.053295 0.0529015 0.0525856 0.0524599  1.75566e+07 2.3152e+07 1.08529e+07 1.01266e+06 582533 640122 84822.7 178568 128356 88767 26014 39878.1 16707.4 9005.69 2716.3 8984.83
8.44778e+06 8.44778e+06 0.00601651 0.0612847 0.395481 0.445407 0.359814 0.300157 0.282228 0.280083 0.282214 0.284266 0.2848 0.283868 0.282138 0.280265 0.278754 0.278152  3.65675e+07 9.51418e+06 1.11244e+07 5.33309e+06 815336 528715 729259 117365 228709 164630 114259 32885.7 48464.4 19681.2 10452.8 13416.8
1.12078e+06 1.12078e+06 0.00329223 0.0344131 0.27085 0.32558 0.246343 0.195214 0.179467 0.176389 0.176997 0.177956 0.178114 0.177402 0.176212 0.174955 0.17395 0.173551  3.22456e+06 6.26517e+06 1.67368e+06 865131 338139 86210.4 75553.6 125620 22136.4 41452.5 29567.5 20106.2 5616.04 8015.96 3179.67 3800.18
770632 770632 0.00122464 0.0129976 0.116447 0.145764 0.104842 0.0803851 0.0730126 0.0714698 0.0716411 0.0720252 0.0720961 0.0718071 0.071316 0.0707928 0.0703727 0.0702055  1.68935e+08 1.70155e+06 3.3299e+06 628349 313906 159813 47022.7 42878.3 70919.6 12187.4 22070.6 15172.6 9949.93 2692.69 3751.16 3207.42
385778 385778 0.000366574 0.00391109 0.036731 0.0465919 0.0328483 0.0249003 0.0225401 0.0220489 0.0221052 0.0222312 0.0222589 0.0221727 0.0220216 0.0218592 0.0217282 0.0216759  4.84242e+07 4.86169e+07 1.84979e+06 1.50773e+06 539710 357384 189688 90491.7 68422.3 120226 21848.2 37791.1 25722.3 16878.6 4451.53 11485.9
1.46864e+07 1.46864e+07 0.00586874 0.0602739 0.412296 0.477033 0.379822 0.31137 0.289771 0.285872 0.287044 0.288522 0.288687 0.287505 0.285607 0.283628 0.282059 0.281439  7.74839e+07 2.82645e+07 2.6274e+07 1.44484e+06 1.26075e+06 632747 445299 220857 108043 82180 149511 27673.3 45245.3 30386.9 19640.5 18236.3
2.12923e+06 2.12923e+06 0.00252206 0.0265149 0.218931 0.267096 0.198445 0.155365 0.142194 0.139542 0.139964 0.140716 0.140843 0.140277 0.139328 0.138323 0.137518 0.137199  5.20269e+06 1.31169e+07 4.68692e+06 2.41184e+06 121566 174919 118018 87239.2 41041.2 19669.5 14899.4 27123.1 4935.27 7779.33 5134.47 6310.34
1.04505e+06 1.04505e+06 0.000888038 0.00944833 0.0865057 0.109047 0.0777422 0.0592778 0.0537382 0.0525712 0.0526897 0.0529725 0.053026 0.0528136 0.0524513 0.0520649 0.0517543 0.0516306  1.00722e+08 2.7494e+06 7.07199e+06 1.99974e+06 1.03035e+06 64459.1 103939 72215 52930.4 24269 11251.9 8218.82 14434.8 2545.5 3916.71 5658.35
425616 425616 0.000398321 0.00425155 0.0400615 0.0509384 0.0358778 0.0271622 0.0245684 0.0240214 0.0240752 0.0242075 0.0242347 0.0241389 0.0239733 0.0237959 0.0236531 0.0235961  3.4166e+07 2.80686e+07 1.28469e+06 3.02738e+06 1.32467e+06 904199 126734 179897 126061 83512 33706 16137.6 11751.1 21284.9 3814.46 14090.7
5.73687e+06 5.73687e+06 0.00306443 0.032085 0.256003 0.308999 0.232604 0.183724 0.16873 0.16579 0.166352 0.167255 0.167405 0.166735 0.165614 0.164428 0.16348 0.163104  2.45536e+07 1.7359e+07 1.45869e+07 915805 2.43213e+06 1.19832e+06 1.01219e+06 154292 240409 167797 106305 40134.9 18674.9 13445.8 24307.4 20351.4
1.70019e+06 1.70019e+06 0.00293383 0.0307823 0.249799 0.30371 0.227316 0.17865 0.163657 0.1606 0.161038 0.161854 0.161965 0.161296 0.160197 0.159041 0.158119 0.157753  3.20133e+06 4.17552e+06 3.0024e+06 1.9644e+06 128987 454756 240668 230463 35126.2 56626.1 38735.2 23567.2 8459.05 3820.43 2709.33 8943.51
636583 636583 0.00119223 0.0126615 0.11404 0.143106 0.102738 0.0786519 0.071392 0.0698615 0.0700158 0.070383 0.0704472 0.0701614 0.0696793 0.0691667 0.0687555 0.0685919  4.40109e+07 1.69101e+06 2.24022e+06 1.22388e+06 795340 66042.9 263328 143818 136542 20267.6 31581.7 20818.6 12215 4248.02 1872.58 5602.12
244528 244528 0.000323673 0.00345172 0.0322934 0.0408469 0.0288297 0.021888 0.0198337 0.019414 0.0194714 0.0195872 0.0196148 0.0195406 0.0194085 0.0192659 0.0191506 0.0191046  2.5343e+07 2.13938e+07 1.27727e+06 1.73315e+06 655075 672092 84268.4 335978 153242 163068 26131.9 43262.3 27584 15550.2 5195.75 9304.39
6.70617e+06 6.70617e+06 0.00409239 0.0425796 0.322514 0.384138 0.295067 0.235935 0.21752 0.213913 0.214609 0.215698 0.215832 0.214939 0.213491 0.211973 0.210766 0.210288  1.97226e+07 1.55241e+07 1.41965e+07 1.13694e+06 1.44937e+06 560258 765727 104981 421828 170626 193831 30338.7 51069.8 31570.4 17350.9 15920.7
1.50431e+06 1.50431e+06 0.00275521 0.0289105 0.234925 0.285093 0.213102 0.167542 0.153599 0.150833 0.151324 0.152147 0.152288 0.15168 0.150659 0.149576 0.14871 0.148366  4.81312e+07 3.54392e+06 2.68265e+06 1.72818e+06 158324 228837 103715 167592 23116.3 92456.7 34613.3 39563.6 5982.02 9946.02 6012.94 6217.43
924981 924981 0.00125434 0.0132944 0.117752 0.146525 0.105803 0.081428 0.074113 0.0726294 0.0728496 0.073267 0.0733554 0.0730714 0.0725777 0.0720487 0.0716229 0.0714531  7.30797e+07 2.54226e+07 1.90162e+06 1.09713e+06 698935 80739.7 132102 61891.6 99303 13354.8 51673 18652.5 20567.3 3013.63 4890.94 5907.16
746026 746026 0.000567884 0.00605452 0.0564694 0.0715753 0.0506315 0.038431 0.0347909 0.0340243 0.0341015 0.0342877 0.034325 0.0341888 0.0339543 0.0337035 0.0335016 0.0334212  2.56501e+07 2.51591e+07 7.08611e+06 1.33905e+06 681756 647973 158434 175003 66005.8 135210 18981 70740.3 23104.6 26898.1 3901.07 14237.7
3.41165e+06 3.41165e+06 0.00144585 0.0153022 0.133854 0.165892 0.120393 0.0929642 0.0847247 0.0830695 0.0833328 0.0838117 0.0839122 0.0835873 0.0830235 0.0824198 0.0819341 0.0817405  1.07695e+08 1.5649e+07 1.52851e+07 3.8127e+06 1.19242e+06 643112 738121 224573 211540 75539.1 169320 23581.3 84341.7 26074.4 30627.1 20464.3
1.9166e+06 1.9166e+06 0.00229437 0.0241875 0.204306 0.251537 0.185367 0.144201 0.131601 0.128977 0.129285 0.129936 0.130027 0.129488 0.128601 0.127664 0.126916 0.12662  4.7312e+06 1.82994e+07 2.78496e+06 2.62951e+06 663602 261462 151174 187963 60783.8 53155.1 18330.4 41402.2 5585.1 19422.1 5812.66 11319.7
902003 902003 0.000649764 0.00692449 0.0643284 0.0814583 0.0577229 0.043853 0.0397077 0.0388328 0.0389188 0.0391292 0.0391703 0.039014 0.0387462 0.03846 0.0382298 0.0381381  5.63666e+07 2.50213e+06 9.93413e+06 1.26138e+06 1.21769e+06 373446 162426 96091.7 118137 37188.1 31443.6 10453.8 22778.8 2977.97 10108.8 8751.33
368235 368235 0.000400305 0.00427242 0.0402335 0.0511407 0.0360283 0.0272816 0.0246791 0.0241309 0.0241858 0.0243192 0.0243467 0.0242506 0.0240844 0.0239063 0.0237628 0.0237056  3.53495e+07 1.81515e+07 1.04976e+06 3.19585e+06 822200 794987 240440 186108 97815.8 131406 48818.6 36631.6 11401.9 26161.1 3497.66 21208.7
3.86022e+06 3.86022e+06 0.00231329 0.0243234 0.201213 0.244982 0.181728 0.142349 0.13042 0.128104 0.128575 0.129321 0.129474 0.128974 0.128113 0.127193 0.126453 0.126159  1.32265e+08 2.1519e+07 1.07202e+07 747303 2.03726e+06 721502 791081 239773 220554 110589 152889 58898.8 41240.9 12372.3 28606.8 26724.2
3.60064e+06 3.60064e+06 0.0046253 0.048047 0.358827 0.427344 0.330433 0.264773 0.243986 0.239701 0.240264 0.24132 0.241361 0.240302 0.238653 0.236948 0.235601 0.235069  2.65545e+07 2.21861e+07 4.07146e+06 1.607e+06 116397 368220 149796 180743 54921.4 51728.4 24913.8 34134.5 12988.2 8709.19 2547.79 11330.7
1.09993e+06 1.09993e+06 0.000692451 0.0073783 0.0684465 0.0866606 0.0614512 0.0466961 0.0422802 0.0413449 0.0414333 0.0416551 0.0416974 0.0415303 0.0412448 0.0409401 0.0406951 0.0405975  5.12091e+07 1.39931e+07 1.16124e+07 1.32448e+06 493306 49372.6 185361 78917.6 94629.1 27962.7 25398.7 11764.1 15520.9 5716.96 3739.97 5843.36
765786 765786 0.0005736 0.00611472 0.0569708 0.0721742 0.0510746 0.0387797 0.0351118 0.0343408 0.0344201 0.0346089 0.0346471 0.0345099 0.0342735 0.0340204 0.0338167 0.0337355  3.25581e+07 2.06673e+07 4.76511e+06 3.76353e+06 824282 434192 65352.8 155335 88878.3 107488 32869.4 35092.3 15364.4 20794 7937.53 12901.6
5.86658e+06 5.86658e+06 0.00297504 0.0312232 0.253878 0.309186 0.231329 0.181658 0.16632 0.163153 0.163556 0.164356 0.164451 0.163759 0.162638 0.16146 0.160523 0.160152  1.10029e+08 2.06134e+07 1.21096e+07 3.08077e+06 2.33839e+06 811861 479758 83250.7 165749 98369 124433 37889.2 41080.6 17456.2 23404.2 23384.4
1.44139e+06 1.44139e+06 0.0017793 0.018788 0.161105 0.198471 0.145193 0.112668 0.102848 0.100884 0.10121 0.101787 0.101904 0.101507 0.100824 0.100093 0.0995062 0.0992724  5.99459e+06 1.84675e+07 3.69751e+06 1.66439e+06 464844 414369 180318 111543 20018 37095.1 21576.7 27312.2 8106.26 8642.63 3578.65 9516.42
786309 786309 0.000567425 0.00604873 0.0563452 0.0713668 0.0505048 0.0383502 0.0347248 0.0339635 0.0340429 0.0342304 0.0342687 0.0341333 0.0338997 0.0336495 0.033448 0.0333677  1.21776e+07 3.17118e+06 1.00645e+07 1.74045e+06 802010 267484 261693 116575 71438.2 12504 22438.4 12597 15394 4429.71 4611.06 6854.65
398111 398111 0.000444074 0.0047397 0.0446363 0.0567781 0.0400075 0.030287 0.0273898 0.0267753 0.0268319 0.0269768 0.0270055 0.0268978 0.0267128 0.0265149 0.0263558 0.0262923  5.83462e+07 7.42374e+06 1.50401e+06 3.29819e+06 1.11844e+06 621909 231992 194813 114637 76019.4 15588.1 23263.3 13639.7 16941.5 4947.01 13187.8
3.94255e+06 3.94255e+06 0.00317288 0.0332048 0.263861 0.318279 0.240009 0.189729 0.174266 0.171216 0.171777 0.172693 0.172837 0.172139 0.170979 0.169754 0.168776 0.168388  8.3363e+07 2.85714e+07 5.27954e+06 1.21179e+06 2.09408e+06 1.0575e+06 637643 272741 201810 133014 88509.5 18851.1 25718.3 14815.5 18411.4 19810
1.85631e+06 1.85631e+06 0.00254276 0.0267548 0.222357 0.272329 0.201953 0.15776 0.1442 0.141402 0.141763 0.142481 0.142582 0.141993 0.141023 0.14 0.139183 0.138859  4.15927e+06 1.42395e+07 4.94028e+06 730822 180503 347725 219228 139002 62629.1 43560.6 29166.2 18899.5 3957.78 5155.45 2912.91 7481.03
797417 797417 0.000689921 0.00735304 0.0683446 0.0866235 0.061384 0.0466154 0.042193 0.041252 0.0413358 0.0415543 0.0415948 0.041427 0.0411416 0.0408373 0.0405928 0.0404954  3.38292e+07 2.19858e+06 7.69356e+06 2.14475e+06 320539 97751.6 209921 135893 85294.9 37418.4 25161.9 16239.9 10150.8 2059.89 2619.12 5180.61
192159 192159 0.000219905 0.00234851 0.0222504 0.0282993 0.0198776 0.015035 0.0136003 0.0133014 0.0133353 0.0134117 0.0134289 0.0133771 0.0132859 0.0131878 0.0131086 0.013077  3.5185e+07 1.94676e+07 854260 2.97664e+06 1.08907e+06 336039 121401 165705 154141 97311 44882.7 27716.2 19133.4 12068.2 2579.26 9235.45
6.03931e+06 6.03931e+06 0.00368969 0.038203 0.27941 0.324997 0.251532 0.203754 0.189534 0.187459 0.188761 0.190164 0.190562 0.189946 0.188765 0.187473 0.186425 0.186006  1.38559e+08 2.32419e+07 1.24332e+07 612332 2.23565e+06 923298 388895 157500 172435 181281 113055 53491.1 30927.2 21415.6 13350.8 13013.3
2.86233e+06 2.86233e+06 0.00386094 0.0403343 0.315352 0.380789 0.289511 0.229324 0.2104 0.206392 0.20679 0.207687 0.207725 0.206809 0.205378 0.203894 0.20272 0.202257  6.00676e+06 2.30853e+07 3.94029e+06 1.29197e+06 66352.4 325227 156557 77830.6 33255.6 33194.1 35805.8 21729.8 10141.1 5628.72 3859.01 4690.76
832386 832386 0.000534276 0.00569639 0.053151 0.0673489 0.0476262 0.0361489 0.0327263 0.0320073 0.0320823 0.0322595 0.032296 0.0321688 0.0319486 0.0317128 0.0315229 0.0314472  5.47173e+07 3.16986e+06 1.22545e+07 1.45412e+06 465773 31514.1 178072 88790.1 43723.6 18157.4 17484 18146.8 10609.6 4794.52 2596.63 3872.71
119559 119559 0.000106707 0.00114068 0.0109001 0.0139061 0.00973355 0.00734524 0.00663841 0.00649035 0.00650608 0.00654312 0.00655141 0.00652603 0.00648146 0.0064335 0.00639479 0.00637934  4.46676e+07 2.0405e+07 1.31464e+06 4.24084e+06 1.0787e+06 556289 48055.8 242229 100102 62476.8 27370.3 21768.7 24984.6 14554 6711.67 8933.03
4.0861e+06 4.0861e+06 0.00222952 0.0234922 0.1977 0.242674 0.178988 0.139463 0.127427 0.124982 0.12534 0.12601 0.126122 0.125614 0.124761 0.123856 0.123132 0.122844  3.06485e+07 2.63163e+07 1.18678e+07 971922 2.83039e+06 1.02646e+06 629775 66328.1 312708 117197 78366.6 34502.7 25049.2 28956.9 16620.3 17852.1
1.74912e+06 1.74912e+06 0.00219449 0.0231537 0.196946 0.243051 0.178631 0.138706 0.126495 0.123939 0.124223 0.124844 0.124931 0.124412 0.123557 0.122656 0.121936 0.12165  1.46548e+07 5.65658e+06 4.97601e+06 1.78966e+06 163401 531713 226865 150576 16896.6 77342.3 27327.4 18222.3 7834.53 5426.63 6202.26 7286.1
594844 594844 0.000652786 0.00695445 0.0644319 0.0814681 0.0577835 0.0439386 0.0398045 0.0389379 0.0390302 0.0392449 0.0392884 0.0391331 0.0388653 0.0385787 0.038348 0.0382561  1.16525e+08 7.75191e+06 3.07705e+06 2.29508e+06 848475 93508 334455 145778 95618.6 10442.8 46217.3 15744.2 10128.5 4220.37 2853.59 6965.46
1.1743e+06 1.1743e+06 0.00105281 0.0111891 0.10144 0.127491 0.0912672 0.069768 0.0633072 0.061951 0.0620938 0.0624253 0.0624864 0.0622351 0.0618083 0.0613535 0.0609883 0.0608429  7.21487e+07 3.66852e+07 2.69932e+06 1.73612e+06 1.1669e+06 608366 96818.3 241451 144999 107038 13214.3 55100.6 17253.3 11590.9 4877.23 10948.9
4.75523e+06 4.75523e+06 0.00174311 0.0184384 0.160398 0.199074 0.144945 0.111963 0.101961 0.0998838 0.10013 0.100654 0.100741 0.100331 0.0996447 0.0989163 0.0983331 0.0981012  1.01565e+07 3.67012e+07 2.05011e+07 1.60239e+06 1.36409e+06 1.05186e+06 600125 119121 238976 159757 122219 15946.1 62520.9 18644.5 12583.2 16985.8
2.26718e+06 2.26718e+06 0.00214676 0.0226361 0.191636 0.235713 0.173455 0.134931 0.123198 0.120799 0.121133 0.121775 0.121882 0.12139 0.120564 0.119688 0.118988 0.118709  1.48769e+06 1.77394e+06 6.56328e+06 3.41284e+06 286413 295473 257056 148541 31144.4 57553 38659.9 29205.4 3763.29 14282.4 4134.42 6496.52
1.08165e+06 1.08165e+06 0.00140901 0.014936 0.132373 0.165165 0.119333 0.091754 0.0834283 0.0816948 0.0818955 0.082332 0.0824101 0.0820783 0.0815169 0.0809197 0.0804406 0.08025  1.41564e+08 786775 963467 2.98964e+06 1.58597e+06 161209 183576 163579 93561 19111.3 34167.3 22136 16136.7 2015.41 7466.92 5456.13
679726 679726 0.000903168 0.00961676 0.0886119 0.112133 0.0797795 0.060699 0.0549611 0.0537305 0.0538284 0.0541025 0.0541478 0.0539251 0.0535517 0.0531553 0.0528374 0.0527109  3.98193e+07 3.46717e+07 486965 606275 1.34792e+06 917443 135701 173158 150904 93307.9 22529.8 33192.3 23400.5 17332.3 2285.22 13956.2
7.67113e+06 7.67113e+06 0.00424504 0.0441584 0.333738 0.397887 0.306054 0.244726 0.225519 0.221674 0.222312 0.22338 0.223479 0.222532 0.221021 0.219445 0.218195 0.217701  3.62038e+07 2.3089e+07 1.6564e+07 416519 494617 1.13647e+06 907211 157260 199312 175893 106729 27271.4 36225 25695.3 18883.3 17687.5
2.2301e+06 2.2301e+06 0.00340026 0.0355249 0.278427 0.334449 0.253508 0.201079 0.184905 0.181733 0.182345 0.183318 0.183469 0.182729 0.181501 0.180205 0.179171 0.17876  4.73069e+06 6.84195e+06 4.31375e+06 1.90744e+06 55299.3 78120.2 212465 187475 34077.1 42016 36666.9 21462.7 5432.35 6860.46 4808.17 6783.48
1.10539e+06 1.10539e+06 0.00120806 0.0128406 0.116464 0.146762 0.105125 0.0802786 0.0727605 0.0711391 0.0712598 0.0716116 0.0716634 0.0713645 0.0708693 0.0703453 0.069926 0.0697593  2.6202e+08 2.49604e+06 3.63206e+06 1.60129e+06 683091 25917.9 42351.6 119918 105261 18654.8 22238.5 18701.2 10555.3 2588.27 3190.17 5291.87
1.24242e+06 1.24242e+06 0.00101328 0.0107772 0.098348 0.123986 0.0885463 0.0675501 0.0612316 0.0598882 0.0600095 0.0603207 0.0603743 0.0601282 0.0597136 0.0592729 0.0589193 0.0587787  1.0055e+08 6.42579e+07 1.22307e+06 1.61015e+06 794793 441709 46079.5 58073.5 130223 120792 25753.5 29589.6 24482.8 13755.8 3602.48 11113.6
1.08591e+07 1.08591e+07 0.00345778 0.0360429 0.277497 0.330453 0.251847 0.200886 0.185311 0.182451 0.183246 0.184329 0.184546 0.183842 0.182631 0.181342 0.180308 0.179896  3.78301e+07 4.68021e+07 2.91683e+07 919808 1.24049e+06 742503 448853 62887.6 67474.5 144627 138523 30827.6 33939.7 27535.5 15128.5 16199.6
2.36902e+06 2.36902e+06 0.00192978 0.020385 0.175243 0.216679 0.158504 0.122798 0.111937 0.109688 0.109965 0.110541 0.110635 0.110185 0.109433 0.108635 0.107996 0.107743  9.0949e+06 6.42495e+06 7.98935e+06 3.38881e+06 125316 211727 153526 97192.1 14627.7 14542.6 30345.2 28898.6 6358.1 6770.57 5394.53 6047.43
1.01721e+06 1.01721e+06 0.000856057 0.00911248 0.0837778 0.105804 0.0753142 0.057357 0.0519689 0.0508273 0.050935 0.0512045 0.0512538 0.051047 0.0506958 0.0503216 0.0500211 0.0499014  1.53496e+08 4.81215e+06 3.50516e+06 3.7866e+06 1.65788e+06 73165.9 135168 100022 62591.9 9173.93 8823.6 17759.2 16321.6 3480.84 3618.61 6005.96
1.18706e+06 1.18706e+06 0.00106486 0.0113228 0.10307 0.12986 0.092843 0.07087 0.0642525 0.0628446 0.0629704 0.063295 0.0633498 0.0630907 0.0626553 0.0621929 0.0618221 0.0616746  3.00275e+07 4.55059e+07 2.20623e+06 1.44655e+06 1.50932e+06 765355 84132.7 136100 108202 71064.6 12848.8 10884.3 20361.9 19068.2 4355.24 11633.3
5.21283e+06 5.21283e+06 0.00187657 0.0198144 0.169794 0.209405 0.153303 0.118937 0.108532 0.106424 0.106738 0.107324 0.107432 0.107006 0.10628 0.105508 0.104889 0.104643  1.08726e+08 1.85221e+07 2.30997e+07 1.44189e+06 982220 1.13671e+06 648995 108026 162538 131357 84614.8 15924.3 12470.8 22409.5 20851.5 17584.7
2.17012e+06 2.17012e+06 0.00231181 0.0243511 0.204315 0.250686 0.185142 0.144334 0.131874 0.129327 0.129682 0.130363 0.130473 0.129943 0.129059 0.128123 0.127374 0.127077  7.66002e+06 1.81815e+07 3.28171e+06 3.56146e+06 246169 198138 256264 154427 28296.3 40918.2 32525 20289.2 3742.3 2815.76 4936.62 8388.76
1.19664e+06 1.19664e+06 0.000834391 0.008883 0.0817632 0.103293 0.0734905 0.055953 0.0506934 0.0495795 0.049685 0.0499483 0.0499968 0.0497953 0.0494527 0.0490876 0.0487944 0.0486776  6.68957e+07 4.05004e+06 9.84942e+06 1.46042e+06 1.60785e+06 135829 121291 160924 96016.6 17138.6 23972.6 18375.3 11059.5 1977.06 1452.13 6745.51
1.12343e+06 1.12343e+06 0.00118073 0.012552 0.113996 0.143698 0.102874 0.0785415 0.0711878 0.0696055 0.0697262 0.0700719 0.0701234 0.0698313 0.0693468 0.0688339 0.0684235 0.0682604  2.78135e+07 2.1468e+07 1.31012e+06 3.39493e+06 783853 856355 120034 97077.4 125693 80390.2 20467.9 26527.1 20516.9 12317.1 2307.59 9033.76
5.86668e+06 5.86668e+06 0.00425813 0.0439016 0.310572 0.357889 0.280235 0.228844 0.213525 0.21141 0.212938 0.214527 0.214974 0.214282 0.21296 0.211515 0.210344 0.209876  7.10995e+07 1.66136e+07 1.13851e+07 755825 2.08802e+06 672715 784988 138921 104820 134647 87845.8 24574.1 30252.5 22957.7 13525.3 12351.5
1.30957e+06 1.30957e+06 0.00240029 0.0253035 0.213595 0.263293 0.194169 0.150994 0.137718 0.134906 0.135181 0.13583 0.135905 0.13533 0.134396 0.133415 0.132633 0.132323  9.01419e+06 1.18806e+07 2.80184e+06 1.08139e+06 72095.8 264417 113200 146394 28181.6 20459.4 25850.7 16623.6 4664.5 5541.36 4123.99 4580.63
1.26603e+06 1.26603e+06 0.00111734 0.0118785 0.107939 0.135971 0.0972913 0.0742846 0.0673421 0.0658578 0.0659833 0.066319 0.0663736 0.0661006 0.0656439 0.0651593 0.0647709 0.0646165  2.35484e+08 4.76738e+06 6.44941e+06 1.26711e+06 501419 40686.6 164588 72003.3 91975.4 17222.1 12082.6 14713.3 9125.86 2481.34 2877.34 4438.94
2.51307e+06 2.51307e+06 0.00201193 0.0212864 0.185289 0.230983 0.168367 0.129845 0.118028 0.115458 0.115627 0.116153 0.116203 0.1157 0.114892 0.114046 0.113372 0.113104  1.01663e+08 5.87048e+07 1.75059e+06 2.18168e+06 731799 393996 49610.6 165698 85648.3 104784 23359.9 14931.5 17749.6 11136.5 3308.9 9422.39
1.19156e+07 1.19156e+07 0.00399137 0.041593 0.318886 0.381736 0.292069 0.232721 0.214181 0.210443 0.211032 0.212049 0.212149 0.211252 0.209815 0.208314 0.207123 0.206652  8.86928e+07 4.54369e+07 2.68265e+07 1.03731e+06 1.26484e+06 638319 402246 61790.3 182287 99607.2 120785 27712.7 16782.2 19452.3 12070.6 13896.3
3.87082e+06 3.87082e+06 0.00331128 0.0346872 0.277598 0.336798 0.253611 0.199865 0.183151 0.179671 0.180085 0.180934 0.181015 0.180242 0.179005 0.177711 0.176683 0.176276  6.04263e+06 1.47966e+07 7.76195e+06 3.10825e+06 134590 205464 129672 87451.9 14189.1 39432.9 21475.8 25451 5734.23 3348.52 3799.54 5019.68
1.62109e+06 1.62109e+06 0.00125399 0.013311 0.119382 0.149595 0.107579 0.0824479 0.0748662 0.0732706 0.0734353 0.073821 0.0738885 0.0735891 0.0730839 0.0725467 0.0721159 0.0719445  1.62876e+07 3.19077e+06 7.9077e+06 3.04947e+06 1.2068e+06 67114.4 116647 76036.4 50803 8019.26 21522.3 11287.8 12894.7 2814.15 1603.74 4147.1
656823 656823 0.000795747 0.00846874 0.0777446 0.0980103 0.0697811 0.0531876 0.0482242 0.0471873 0.0473021 0.0475621 0.0476141 0.0474257 0.0471015 0.0467547 0.0464758 0.0463646  3.42974e+07 1.07284e+07 2.17259e+06 2.37824e+06 1.16744e+06 651656 82415.7 114181 92572.5 62937.3 11283.6 27103.3 14843.7 16563.4 3762.73 7421.96
4.24175e+06 4.24175e+06 0.00346071 0.0361589 0.283477 0.340861 0.258432 0.204924 0.188384 0.185107 0.185692 0.186655 0.18679 0.186025 0.184769 0.183447 0.182393 0.181976  5.94156e+07 1.76894e+07 7.21837e+06 1.65902e+06 1.45282e+06 939540 630604 107887 133824 114293 77077.3 14166.8 31783 17277.8 18881.8 12686.3
1.51471e+06 1.51471e+06 0.00286159 0.0299896 0.241236 0.2916 0.218745 0.172464 0.158311 0.15555 0.1561 0.156972 0.15713 0.156512 0.155464 0.154351 0.15346 0.153106  7.20372e+06 1.00136e+07 3.15388e+06 930777 229385 240492 190230 138336 25479.5 30023.9 25467.9 16690.2 3006.38 6488.3 3466.73 6246.57
986104 986104 0.00127571 0.0135451 0.121733 0.15277 0.109798 0.0840789 0.0763053 0.0746534 0.0748053 0.0751883 0.0752507 0.074942 0.0744254 0.0738773 0.0734382 0.0732636  9.33235e+06 3.80367e+06 5.35646e+06 1.25537e+06 362953 113879 136076 111591 80676.1 14495.9 16528.2 13519.4 8547.25 1492 3143.1 4618.28
573234 573234 0.000950799 0.0101149 0.0924912 0.116623 0.0832058 0.0634528 0.0575179 0.0562612 0.0563806 0.0566773 0.0567306 0.056501 0.0561122 0.0556983 0.055366 0.0552337  6.16548e+07 6.8598e+06 1.43122e+06 1.72991e+06 704446 340729 160162 112121 106254 86348.5 19578.4 20367.1 17094.2 10748.3 1967.4 9719.01
2.49783e+06 2.49783e+06 0.00237342 0.0250195 0.211171 0.260185 0.191865 0.149242 0.136165 0.133415 0.133704 0.134356 0.134437 0.133871 0.132949 0.131979 0.131206 0.130899  2.66629e+07 2.89619e+07 4.85602e+06 903768 1.08109e+06 695983 382720 205653 123128 122064 100709 23829.6 23362.1 19289.7 11943.4 12883.5
1.9158e+06 1.9158e+06 0.00287088 0.0301599 0.247252 0.302008 0.225271 0.176491 0.161415 0.158264 0.158624 0.159388 0.159473 0.158799 0.157708 0.156564 0.155653 0.155292  4.61223e+07 4.62699e+06 5.16811e+06 758640 148918 209432 167517 94383.1 52286 29434.5 28879.2 23291.5 5413.08 5120.93 4147.26 5260.4
1.23574e+06 1.23574e+06 0.0014322 0.0151918 0.135355 0.169448 0.122226 0.0937941 0.0851783 0.0833468 0.0835152 0.0839384 0.0840045 0.0836581 0.0830812 0.08247 0.0819807 0.0817863  5.8895e+07 2.43717e+07 2.49035e+06 2.16468e+06 319050 78471 123880 101881 56806.9 30619.5 16653.8 15742.2 12242.5 2756.58 2545.24 4591.22
1.10427e+06 1.10427e+06 0.000930599 0.00990218 0.0907221 0.114481 0.0816166 0.0622062 0.0563738 0.0551359 0.05525 0.0555395 0.0555909 0.0553655 0.0549842 0.0545783 0.0542525 0.0541229  3.56679e+07 2.22651e+07 6.71247e+06 1.0604e+06 972052 257978 74045.6 91829.8 117313 65406.2 38341.2 18277.6 17693.5 13925.7 3290.1 8254.4
5.27884e+06 5.27884e+06 0.00293748 0.0308245 0.250391 0.304611 0.227929 0.179076 0.16402 0.160941 0.161369 0.162179 0.162286 0.161612 0.160509 0.159349 0.158425 0.158059  2.78852e+07 1.81845e+07 1.2529e+07 3.36221e+06 838200 862328 282781 88633.6 96165 142219 76683.2 44995.6 20257.2 19305.5 14985.1 12392.9
1.86241e+06 1.86241e+06 0.00314277 0.0329953 0.268866 0.328624 0.245911 0.192796 0.176242 0.172691 0.172987 0.173748 0.173794 0.173032 0.17183 0.170578 0.169586 0.169193  2.65372e+07 4.78729e+06 3.17007e+06 1.69564e+06 464435 165496 191120 66554.1 21339.4 21772 33039 17134.2 9811.01 4250.86 3976.59 5569.18
1.60829e+06 1.60829e+06 0.00220689 0.0232956 0.198902 0.246023 0.180609 0.140049 0.12761 0.124968 0.125216 0.12582 0.125894 0.125362 0.124496 0.123585 0.122859 0.122571  1.12183e+08 1.40215e+07 2.57278e+06 1.30711e+06 703087 243171 97429.6 115568 39770.5 12391.6 12203.1 17829.2 8912.04 4942.85 2089.99 4607.64
1.13666e+06 1.13666e+06 0.00129165 0.0137197 0.12369 0.15554 0.111684 0.0854283 0.077481 0.0757751 0.0759109 0.0762877 0.0763435 0.0760257 0.0754988 0.0749414 0.0744953 0.0743181  2.72591e+07 2.80606e+07 3.84471e+06 697367 509420 434716 146915 114343 121989 45527.6 15354 13138.8 21751.9 10602.4 5910.29 7901
5.05726e+06 5.05726e+06 0.00303886 0.0317195 0.24717 0.294484 0.223186 0.177668 0.163917 0.161492 0.162301 0.163344 0.163592 0.162999 0.161941 0.160802 0.159884 0.159518  4.80115e+07 2.1348e+07 1.34816e+07 1.90982e+06 434890 422338 441440 152428 146200 147653 54792.8 18526.8 14797.9 24609.5 11721.5 15113.9
2.22255e+06 2.22255e+06 0.00332479 0.034901 0.283851 0.347495 0.26042 0.204116 0.186447 0.182563 0.182781 0.18352 0.183526 0.182696 0.181413 0.180087 0.179038 0.178624  2.72713e+06 8.56892e+06 4.21639e+06 1.68337e+06 233057 72788.1 83831.5 96827 33925.1 33963.6 33078.8 11912.2 3928.65 3015.43 4961.03 5317.76
1.37787e+06 1.37787e+06 0.00187513 0.0198451 0.173266 0.215911 0.157115 0.121119 0.110113 0.107744 0.10793 0.108444 0.108506 0.108046 0.107296 0.106507 0.105878 0.105628  1.57874e+07 1.44098e+06 4.60366e+06 1.73019e+06 697262 122308 42923.2 50691.8 57772.7 19647.5 18970.2 17779 6168.95 1970.3 1475.72 4940.13
781661 781661 0.00125571 0.0133411 0.120524 0.151649 0.108796 0.0831757 0.0754236 0.0737587 0.0738904 0.0742578 0.0743128 0.0740037 0.073491 0.0729482 0.0725138 0.0723412  3.30102e+07 1.71042e+07 652908 1.70125e+06 1.12115e+06 348807 85410.1 36088.3 50383.3 67745.4 22287.1 25200.4 22420.5 7740.11 2517.33 7948.18
5.0089e+06 5.0089e+06 0.00329442 0.0345348 0.277906 0.338103 0.254162 0.199967 0.183093 0.179535 0.179899 0.180716 0.180777 0.179993 0.178749 0.177452 0.176424 0.176017  2.6168e+07 2.08185e+07 1.20353e+07 487953 1.22915e+06 1.25255e+06 344667 94705.1 41964.9 58917.7 81297 26238.7 29942.1 25621.4 8703.96 11620
1.19837e+06 1.19837e+06 0.00190946 0.0202118 0.176681 0.220431 0.160372 0.123562 0.112291 0.109847 0.110016 0.110526 0.110581 0.110106 0.109339 0.108533 0.107891 0.107637  7.85063e+06 4.44735e+06 3.63115e+06 1.63182e+06 76924.3 230399 296591 79972.9 22322.9 9785.46 13375.5 18118.9 5663.5 6339.52 5289.08 4129.63
751851 751851 0.0012234 0.013 0.117624 0.148055 0.106146 0.0811203 0.0735525 0.0719281 0.0720578 0.0724175 0.0724722 0.0721714 0.0716715 0.0711422 0.0707185 0.07055  1.45393e+07 4.15641e+06 2.4389e+06 1.7971e+06 850420 47185.8 152598 199139 52887.3 14347.5 6077.62 8007.79 10464.9 3170.15 3463.99 5056.8
368532 368532 0.000644971 0.00687659 0.0641321 0.081383 0.0575923 0.0436972 0.039539 0.0386529 0.0387298 0.038934 0.0389717 0.0388142 0.0385465 0.0382612 0.0380319 0.0379405  1.42603e+07 1.43089e+07 1.42945e+06 879551 874403 623734 51768.5 128636 230430 50716.3 15422.2 6672.8 8873.13 11790.1 3526 9595.27
3.08287e+06 3.08287e+06 0.00235476 0.0247999 0.207801 0.254939 0.188405 0.146922 0.134249 0.131654 0.13201 0.132697 0.132804 0.132262 0.13136 0.130407 0.129645 0.129343  1.45422e+07 8.76093e+06 1.05113e+07 953151 631503 760275 668444 68946.9 148492 291921 59903.6 18285.8 7742.47 10018.3 13135 14505
780836 780836 0.0018947 0.0200526 0.175091 0.218259 0.158839 0.122437 0.111303 0.108902 0.109083 0.109597 0.109657 0.109189 0.10843 0.107632 0.106996 0.106744  2.39859e+06 2.56903e+06 1.5858e+06 1.62128e+06 158750 123927 168320 161383 17569.5 35742.2 70569.6 13822.5 4107.24 1691.79 2140.79 5827.16
582962 582962 0.00138978 0.0147379 0.131038 0.163746 0.11817 0.0907658 0.0824838 0.0807461 0.0809324 0.0813574 0.0814309 0.0811008 0.0805446 0.0799537 0.0794799 0.0792914  8.02659e+07 1.26984e+06 1.40831e+06 782514 840837 96982.5 81830.5 112747 106517 11273.3 22165.2 42189.1 7972.47 2295.96 923.187 4265.66
568880 568880 0.00103503 0.0110079 0.100392 0.126561 0.0904136 0.0689805 0.0625263 0.0611515 0.0612728 0.0615886 0.0616421 0.0613901 0.0609665 0.0605164 0.0601554 0.0600118  4.93201e+07 2.30585e+07 877460 586774 378375 578890 82385 63983.1 95607.5 107569 13118.7 22654.3 45839.2 8240.33 2413.89 5451.86
4.00602e+06 4.00602e+06 0.00310828 0.0318926 0.218811 0.24472 0.191996 0.159007 0.150152 0.149938 0.151904 0.15363 0.15433 0.154063 0.153241 0.152263 0.151439 0.151104  4.61061e+07 2.43652e+07 1.18166e+07 728574 463851 358001 639536 102947 73666.4 108079 126800 16053.2 25735 51587.5 9048.62 8567.61
1.70547e+06 1.70547e+06 0.00298231 0.0313215 0.256079 0.312833 0.233663 0.183119 0.167434 0.164116 0.164451 0.165215 0.165287 0.164578 0.163442 0.162255 0.161311 0.160937  4.70757e+06 7.7718e+06 4.0894e+06 1.04793e+06 70773.5 58801.9 58949.1 119630 20476.2 14129 20361.5 23798.4 2973.28 4586.55 9057.35 3039.65
874152 874152 0.00111737 0.0118615 0.106488 0.133231 0.0957114 0.0733726 0.0666599 0.0652705 0.0654431 0.065806 0.0658787 0.0656194 0.065173 0.0646957 0.0643119 0.064159  1.03355e+08 2.48744e+06 4.1801e+06 1.70083e+06 437760 37166.8 34688.1 35736 71721.2 11938 7955.51 11042.7 12443.1 1506.02 2267.33 5881.3
547667 547667 0.000736494 0.00784866 0.0728795 0.0923871 0.0655047 0.0497483 0.0450229 0.0440126 0.0440971 0.0443267 0.0443676 0.0441873 0.0438823 0.0435574 0.0432966 0.0431928  4.04729e+07 2.92344e+07 985907 1.50061e+06 722545 315670 68128.9 46536.8 48772.9 100531 17413.1 10636.7 14529.2 16627.7 2100.39 10818.9
3.37291e+06 3.37291e+06 0.00188633 0.0199105 0.170133 0.209524 0.153534 0.119222 0.108841 0.106752 0.107082 0.107679 0.107794 0.107369 0.106644 0.10587 0.10525 0.105002  1.90803e+07 1.9079e+07 1.46053e+07 693321 1.06915e+06 639509 360702 99103.5 63075.7 64108.1 128925 22335.3 12978.5 17012.6 19181.6 14772.1
1.24544e+06 1.24544e+06 0.00194801 0.020558 0.175372 0.215974 0.158388 0.123012 0.112279 0.110102 0.110428 0.111034 0.111146 0.110704 0.109955 0.109157 0.108517 0.108263  1.07331e+07 3.24831e+06 3.37543e+06 2.22924e+06 120947 215534 148751 91174.8 26085.5 15972.8 15839.8 30897.1 5197.05 2916.14 3735.04 7354.67
715590 715590 0.0012201 0.0129608 0.116964 0.147001 0.105479 0.0806819 0.0731907 0.0715943 0.0717356 0.0721014 0.0721606 0.0718641 0.0713681 0.070842 0.0704204 0.0702528  5.08653e+07 5.67731e+06 1.76789e+06 1.56797e+06 1.05933e+06 69038.2 135296 95567.2 57991.3 16171.5 9584.4 9170.28 17264.9 2815.18 1542.17 5755.77
451852 451852 0.000877548 0.00934306 0.086029 0.108777 0.0773989 0.0589067 0.0533496 0.0521631 0.0522644 0.0525351 0.0525821 0.0523677 0.0520062 0.0516217 0.0513131 0.0511903  2.69984e+07 1.34881e+07 1.76308e+06 566091 548344 467391 56392 97771.4 79129.6 59210.3 18969.2 10387.3 9966.33 18433.2 3039.05 7626.67
3.47291e+06 3.47291e+06 0.00489947 0.0494642 0.301676 0.326595 0.265556 0.226152 0.216136 0.216895 0.220171 0.222846 0.223952 0.22364 0.222517 0.22116 0.220011 0.219543  2.51096e+07 1.24674e+07 6.71746e+06 1.02441e+06 371189 414568 409001 68348.8 108114 89665.1 69951.6 22796.4 11968.1 11095.5 20000.4 11460.3
1.69435e+06 1.69435e+06 0.00684358 0.0701787 0.473241 0.550447 0.441979 0.362384 0.336178 0.330621 0.331197 0.33236 0.332203 0.330643 0.32836 0.326047 0.324242 0.323534  1.61811e+07 4.24916e+06 2.00473e+06 435141 59305 32938.4 50751.8 59677.7 11597.2 17659.1 14700.1 11408.4 3644.9 1849.49 1681.66 4697.14
1.14072e+06 1.14072e+06 0.00285961 0.0300916 0.249964 0.307478 0.228382 0.178081 0.162375 0.158926 0.159139 0.159823 0.159861 0.159156 0.158046 0.15689 0.155974 0.155611  5.51963e+07 8.50039e+06 2.15379e+06 486433 93288.9 19714 13822.2 22671.6 26552.5 5006.52 7328.45 5850.62 4363.75 1348.02 666.942 2255.9
633656 633656 0.00103463 0.0109962 0.0997251 0.125322 0.0896908 0.0685494 0.0621884 0.0608495 0.0609891 0.061316 0.0613773 0.0611315 0.0607129 0.0602664 0.0599078 0.059765  4.15463e+07 1.73638e+07 2.81035e+06 639797 218355 112736 42673.7 24016.5 33280.5 43382 10238.1 13718.9 11216 8629.67 2711.17 5759.01
3.50797e+06 3.50797e+06 0.00267961 0.0281747 0.232717 0.284626 0.211617 0.165537 0.151359 0.148422 0.148788 0.149529 0.149626 0.149002 0.147982 0.146909 0.146053 0.145714  2.74953e+07 2.16806e+07 9.28433e+06 1.66138e+06 445602 214275 146087 61094 32710.8 42866.2 55479.1 13353.1 17059.4 13485.5 10211.4 9910.19
1.27547e+06 1.27547e+06 0.00219029 0.0231054 0.196264 0.242006 0.177925 0.138198 0.126033 0.123487 0.123775 0.124401 0.124493 0.123979 0.123129 0.122232 0.121516 0.121231  1.12663e+07 4.74292e+06 3.78764e+06 1.32804e+06 258767 87331 49841.6 36806.7 15583 8059.83 10223.8 12895.8 3025.83 3735.88 2892.79 4251.74
789716 789716 0.00126606 0.0134384 0.120469 0.150945 0.108569 0.0832065 0.0755455 0.0739282 0.0740912 0.0744791 0.0745466 0.0742443 0.0737346 0.0731927 0.0727582 0.0725853  3.56892e+07 5.95921e+06 2.5789e+06 1.74066e+06 626158 147407 54721.5 31905.5 23283.9 9595.07 4798.78 5869.26 7142.55 1624.26 1957.63 3675.49
310047 310047 0.000557593 0.00594878 0.0557974 0.070939 0.0500811 0.0379393 0.0343078 0.0335311 0.0335958 0.0337728 0.0338057 0.0336692 0.0334369 0.0331891 0.03299 0.0329107  3.68249e+07 1.1725e+07 1.79976e+06 873982 703363 338467 126935 46974.8 31972.7 26892.1 11722.1 5669.96 6745.62 8261.92 1901.38 6499.23
3.89844e+06 3.89844e+06 0.00445133 0.0461383 0.33918 0.399659 0.310085 0.249937 0.23125 0.227777 0.228688 0.229933 0.230124 0.229206 0.227687 0.226086 0.224812 0.224306  1.14872e+07 1.64829e+07 6.37426e+06 1.07323e+06 631159 585716 337070 155694 56294.2 39166.8 33414.1 14454.1 6751.16 7724.47 9283.99 9374.21
1.56455e+06 1.56455e+06 0.00458608 0.0477722 0.364389 0.438643 0.337095 0.268262 0.246203 0.241322 0.241572 0.242446 0.242373 0.241239 0.239542 0.237806 0.236443 0.235906  8.64577e+06 1.95072e+06 2.78774e+06 669138 114428 94040.1 104555 67672.3 33265.5 11672.1 7994.07 6661.21 2794.93 1263.68 1412.75 3364.9
794289 794289 0.00227355 0.0239933 0.204402 0.252763 0.185739 0.144064 0.131241 0.128495 0.128733 0.129343 0.129412 0.128863 0.127971 0.127035 0.126289 0.125993  7.01226e+07 4.55983e+06 1.02827e+06 962113 223843 51889.9 49736.2 57330.7 36689.2 17490.2 5909.23 3888.85 3118.98 1266.55 558.626 2071.92
647894 647894 0.00133382 0.0141655 0.127535 0.160353 0.115212 0.0881408 0.07993 0.0781587 0.0782916 0.0786757 0.0787306 0.0784014 0.0778576 0.0772826 0.0768228 0.0766401  6.06788e+07 1.82138e+07 1.44746e+06 313291 330280 177329 55818.3 52372.8 59130.2 44518.2 24700.7 8055.98 5369.68 4348.32 1764.7 3633.82
3.70792e+06 3.70792e+06 0.0034214 0.0352221 0.247222 0.280689 0.219294 0.180124 0.169078 0.168175 0.169948 0.171599 0.172204 0.171798 0.170818 0.169697 0.168767 0.168391  4.12702e+07 2.72835e+07 8.84077e+06 842040 222313 268179 195529 71149.9 63887.4 69270.3 53569.4 30175.3 9530.52 6169.74 4912.21 6018.26
1.38476e+06 1.38476e+06 0.00223513 0.0234979 0.194207 0.236059 0.17507 0.137182 0.125708 0.123497 0.12398 0.124725 0.12489 0.12442 0.123596 0.122711 0.121999 0.121715  4.11636e+07 7.54684e+06 4.54337e+06 835341 79233.9 30504.7 44006.4 37295.5 14584.2 12812.7 13493 10367.1 5724.07 1753.71 1112.16 1941.04
1.12577e+06 1.12577e+06 0.00122548 0.0130169 0.117386 0.147482 0.105846 0.0809671 0.0734399 0.0718312 0.0719714 0.0723387 0.0723988 0.0721018 0.0716047 0.0710772 0.0706545 0.0704864  2.48001e+07 2.17504e+07 4.06818e+06 1.94249e+06 354538 41581.6 17978 26780.4 22557.8 8613.68 7330.87 7451.34 5526.72 2958.31 884.863 1512.17
475768 475768 0.000464632 0.0049597 0.0467501 0.0595163 0.041927 0.0317241 0.0286772 0.0280261 0.0280808 0.02823 0.0282585 0.0281449 0.0279509 0.0277437 0.0275771 0.0275107  2.5016e+07 1.01576e+07 6.02475e+06 1.43466e+06 779338 268812 60377.9 25547.3 30035 31450.6 12660.1 10321.1 10003.2 7592.98 4065.67 3277.42
4.56892e+06 4.56892e+06 0.00430715 0.0445333 0.321601 0.374741 0.291925 0.23679 0.220009 0.217279 0.218512 0.219934 0.220262 0.219473 0.21807 0.216565 0.215354 0.214872  2.17375e+07 1.20953e+07 6.58077e+06 3.24982e+06 1.10557e+06 662696 309702 82445.2 34567.9 36676.1 39435.5 15960.3 12464 11617.4 8697.51 8358.67
1.58747e+06 1.58747e+06 0.00509267 0.0528068 0.388432 0.461847 0.35944 0.2888 0.266134 0.261302 0.261756 0.262781 0.262744 0.261544 0.259731 0.257871 0.256409 0.255833  6.06841e+06 3.65037e+06 2.083e+06 727893 306988 163710 116686 63556.4 17701.9 7284.48 7345.24 7771.91 3076.84 2326.17 2113.44 3067.99
834646 834646 0.00234953 0.0248022 0.211706 0.262377 0.192761 0.149362 0.135962 0.133044 0.133239 0.133837 0.133886 0.133304 0.132375 0.131403 0.13063 0.130324  4.07552e+07 3.19663e+06 1.90225e+06 649645 213246 126534 80648.5 60174.2 32526.7 8796.81 3486.64 3377.98 3439.75 1317.79 971.829 2124.82
290926 290926 0.000781468 0.00832618 0.0771629 0.0977774 0.0693871 0.0527178 0.0477125 0.04664 0.0467273 0.0469688 0.0470109 0.0468192 0.0464957 0.0461515 0.0458752 0.0457653  1.37352e+07 1.12354e+07 1.11572e+06 527852 292683 227869 112603 88894 68584.7 47661 13768 5329.7 4826.43 5087.03 1983.71 4583.91
2.70036e+06 2.70036e+06 0.00401193 0.0414566 0.298413 0.345782 0.269191 0.218847 0.203798 0.201613 0.203002 0.204488 0.2049 0.20423 0.202959 0.201574 0.200452 0.200004  2.47475e+07 7.90994e+06 5.73945e+06 731822 357219 290644 288725 135464 112880 84805.4 60902.7 17438.5 6554.46 5656.14 5886.91 7527.07
1.14196e+06 1.14196e+06 0.00501472 0.0521352 0.391209 0.469601 0.363333 0.290114 0.266408 0.261063 0.26123 0.262086 0.261947 0.260689 0.258842 0.256965 0.255498 0.254921  2.53467e+06 4.16037e+06 1.38731e+06 584689 76490.4 49441.7 53620.8 59725.9 27811.8 23309.6 17017 12064.3 3353.25 1222.72 1027.8 2406.79
861577 861577 0.00306874 0.0322649 0.266014 0.326877 0.24362 0.190276 0.173563 0.169868 0.170061 0.170758 0.170775 0.170008 0.168816 0.16758 0.166602 0.166215  4.79601e+06 1.33623e+06 2.18252e+06 457701 185633 33537.9 25498.7 28711.8 31602 14256.5 11494.5 8057.36 5495.52 1477.89 525.625 1448.41
193126 193126 0.000718633 0.00765993 0.0712565 0.090397 0.0640463 0.0486103 0.0439764 0.0429812 0.0430603 0.0432832 0.0433226 0.0431462 0.0428481 0.0425308 0.0422761 0.0421746  1.03504e+07 6.6041e+06 584924 679759 236687 152345 47959.4 27111.7 36644 45135.1 19661.5 16330.9 11495.3 8074.23 2145.77 2841.01
2.71889e+06 2.71889e+06 0.0049807 0.0515194 0.372305 0.437915 0.342248 0.276729 0.256085 0.252091 0.252933 0.254174 0.254295 0.253229 0.251529 0.249757 0.248353 0.247798  8.8991e+06 7.39313e+06 4.74073e+06 409526 478172 246017 187704 65938.1 34452.5 46713.7 56767.9 23881.5 19375.3 13258.8 9177.69 5594.21
659424 659424 0.00331322 0.0347931 0.283856 0.348033 0.26054 0.203962 0.186145 0.182177 0.182352 0.183069 0.183064 0.182231 0.180948 0.179624 0.178577 0.178164  2.319e+06 1.75335e+06 1.30903e+06 484082 43172.4 66428.6 46713.2 39592.3 14201.3 7094.07 9421.48 11110.1 4501.29 3552.78 2375.18 2610.36
613690 613690 0.00302935 0.0318517 0.262707 0.322695 0.240423 0.187781 0.171303 0.167674 0.167881 0.168582 0.168607 0.167855 0.166681 0.165462 0.164496 0.164114  2.59679e+07 1.22547e+06 942925 541651 202905 22860.5 39412.8 28365.4 23696.5 8246.06 3971.83 5075.35 5766.36 2262.45 1742.51 2401.29
278721 278721 0.000969258 0.0103161 0.0946964 0.119698 0.0852928 0.0649444 0.0588091 0.0574883 0.0575903 0.0578818 0.0579293 0.0576909 0.0572916 0.0568678 0.0565281 0.056393  1.91624e+07 8.22387e+06 703272 426033 395511 208880 31257.7 38700 36178.8 33469.2 12006.8 5394.33 6915.37 7832.93 3028.87 5557.6
1.53168e+06 1.53168e+06 0.00207811 0.0219338 0.187207 0.231065 0.16954 0.13157 0.119991 0.117589 0.117879 0.118487 0.118581 0.118095 0.117287 0.116432 0.115749 0.115478  1.42518e+07 1.14415e+07 4.98102e+06 621560 367369 434105 243613 41749.5 45677.4 45975.6 42476.3 14960.6 6459.45 8019.85 8882.53 9595.06
906212 906212 0.00277173 0.0291464 0.24086 0.29506 0.219432 0.171521 0.156696 0.153559 0.153876 0.154604 0.154681 0.154023 0.152961 0.151849 0.150964 0.150613  1.47183e+06 2.52037e+06 2.11386e+06 829864 119674 79562.8 107823 61609.5 10933.3 11293.3 11397 10271 3501.76 1462.13 1776.46 4027
627353 627353 0.00198139 0.020966 0.182717 0.227821 0.165962 0.127937 0.11626 0.113713 0.113876 0.114397 0.114448 0.113955 0.11316 0.112326 0.111662 0.111399  3.43139e+07 777934 1.35979e+06 904309 358874 64341.6 47756.8 66379.7 37494.6 6471.48 6457.55 6278.46 5455.97 1802.21 734.451 2860.39
466922 466922 0.00152972 0.0162246 0.144379 0.180888 0.130594 0.100204 0.0909616 0.0889725 0.0891275 0.0895619 0.0896214 0.0892453 0.0886265 0.0879732 0.0874511 0.0872438  2.15525e+07 1.1331e+07 366637 528351 434390 208684 61945.8 44780.4 81410 44324.9 8066.1 7215.5 7349.29 6392.36 2085.42 4100.15
2.78772e+06 2.78772e+06 0.00420492 0.0429982 0.286867 0.320985 0.254943 0.212003 0.200024 0.199359 0.201612 0.203625 0.204368 0.203909 0.20277 0.201462 0.200376 0.199937  9.32473e+06 1.00105e+07 6.77157e+06 277417 371965 391012 218485 77340.4 52538.9 99972.4 52464.1 9593.13 8093 8171.33 6982.76 6657.47
1.02014e+06 1.02014e+06 0.00453948 0.0472987 0.361529 0.435399 0.334309 0.265883 0.243938 0.239069 0.239311 0.240181 0.240114 0.238993 0.237313 0.235594 0.234243 0.233712  2.65511e+06 1.67457e+06 1.65819e+06 620480 26164.8 43608.5 61642.3 39602.1 15069.4 9898.18 18884.9 9573.1 1714.03 1391.58 1384.94 2279.01
807029 807029 0.00422514 0.0440843 0.340928 0.41136 0.314283 0.249331 0.228624 0.22408 0.224368 0.225242 0.225221 0.224193 0.222627 0.221016 0.219746 0.219246  2.70771e+07 1.4004e+06 883258 575557 208994 11918 23132.5 33875.4 21511.6 7938.02 5020.82 9205.11 4491.5 778.323 616.432 1592.92
310225 310225 0.000977588 0.0104008 0.0951716 0.120098 0.0856718 0.065299 0.0591607 0.057848 0.05796 0.0582591 0.0583105 0.0580727 0.0576721 0.0572463 0.0569047 0.0567688  1.85481e+07 1.0289e+07 1.1643e+06 290394 203742 182851 21421.9 30989 46082.5 28762.2 12099.3 7404.9 14223.4 6751.7 1172.58 3249.66
3.71248e+06 3.71248e+06 0.0043307 0.0449663 0.335045 0.396921 0.306633 0.24619 0.227321 0.223677 0.224456 0.225617 0.225768 0.224845 0.22334 0.22176 0.220504 0.220007  2.80683e+07 1.59909e+07 6.58693e+06 1.09173e+06 255296 202295 235309 31176.6 40274.6 59768.6 36992.8 15494.5 9109.7 17124.4 7940.36 5139.2
789443 789443 0.00157606 0.0166996 0.147391 0.183942 0.133181 0.102439 0.0930963 0.0911125 0.0913011 0.091764 0.091836 0.0914578 0.0908283 0.0901616 0.0896281 0.0894161  3.0705e+07 4.8917e+06 3.22497e+06 797152 150711 43998.4 40521.9 52341 7128.64 8737.59 12722.2 7670.92 3125.46 1776.53 3273.76 2458.94
778983 778983 0.00108963 0.0115772 0.104708 0.131495 0.0942189 0.0720556 0.0653799 0.0639732 0.0641182 0.0644598 0.0645228 0.0642636 0.0638232 0.063354 0.0629772 0.0628273  3.63061e+07 1.62592e+07 2.68911e+06 1.63515e+06 425791 93698.1 29423.2 27471.3 34985.4 4636.48 5497.15 7721.06 4493.28 1774.76 984.868 3122.96
