1 2 1 1 13.361 54 3970 3.14347
1 3 1 1 26.3692 54 859 1.59277
1 5 1 1 5.74361 54 194 7.31248
1 6 1 1 10.6099 54 5686 3.95858
1 7 1 1 50.9672 54 751 0.824059
1 10 1 1 54.4736 54 9560 0.771016
1 11 1 1 5.19881 54 828 8.07878
1 14 1 1 33.178 54 5977 1.2659
1 15 1 1 4.48122 54 266 9.37245
1 18 1 1 41.0192 54 2823 1.02391
1 19 1 1 36.9269 54 666 1.13738
1 22 1 1 18.2526 54 3124 2.30104
1 23 1 1 6.57891 54 50 6.38404
1 26 1 1 52.9965 54 1955 0.792505
1 27 1 1 8.94865 54 145 4.69345
1 30 1 1 25.1432 54 2521 1.67043
1 31 1 1 15.6195 54 311 2.68894
1 34 1 1 17.4462 54 2694 2.40741
1 35 1 1 19.6142 54 170 2.14131
1 38 1 1 63.7016 54 1064 0.659325
1 39 1 1 12.4117 54 60 3.38389
1 42 1 1 28.5484 54 2576 1.47118
1 43 1 1 6.55086 54 5 6.41137
1 44 3 3 3.25594 54 1 12.8995
1 46 1 1 10.2862 54 3633 4.08313
1 47 1 1 5.77686 54 5 7.27039
1 50 1 1 58.8987 54 6266 0.713089
1 51 1 1 17.5688 54 68 2.3906
1 53 1 1 10.4179 54 276 4.03153
1 54 1 1 103.008 54 2185 0.407734
1 58 1 1 21.0406 54 7160 1.99614
1 62 1 1 18.621 54 2846 2.25552
1 66 1 1 25.5954 54 1159 1.64092
1 70 1 1 26.1427 54 194 1.60656
1 71 1 1 6.43956 54 15 6.52218
1 74 1 1 10.6818 54 1758 3.93194
1 76 1 1 32.4738 54 139 1.29335
1 78 1 1 17.5107 54 5394 2.39854
1 78 3 3 2.38347 54 1 17.6214
1 79 1 1 12.2467 54 284 3.4295
1 82 1 1 44.8198 54 4172 0.937086
1 83 1 1 33.5765 54 734 1.25088
1 83 2 2 51.2268 54 100 0.819884
1 84 1 1 0.966299 54 3 43.4648
1 85 3 3 0.0970426 54 2 432.8
1 86 1 1 26.1327 54 1680 1.60718
1 86 2 2 24.0709 54 158 1.74484
1 86 3 3 0.361057 54 1 116.325
1 87 1 1 8.54132 54 40 4.91727
1 90 1 1 12.3311 54 2030 3.40601
1 90 2 2 9.68733 54 100 4.33556
1 91 1 1 35.601 54 569 1.17974
1 94 1 1 26.6912 54 2326 1.57355
1 94 3 3 3.80228 54 1 11.046
1 95 1 1 17.93 54 20 2.34244
1 98 1 1 38.5423 54 5174 1.08971
1 99 1 1 104.657 54 3563 0.40131
1 102 1 1 49.2587 54 17275 0.852641
1 103 1 1 80.475 54 3730 0.521901
1 106 1 1 52.7164 54 5314 0.796715
1 107 1 1 44.7706 54 32 0.938116
1 110 1 1 66.9486 54 4552 0.627347
1 111 1 1 60.6315 54 692 0.69271
1 113 1 1 8.25853 54 4 5.08565
1 114 1 1 35.5694 54 21772 1.18079
1 114 2 2 70.9445 54 418 0.592012
1 114 3 3 2.6766 54 7 15.6915
1 115 1 1 49.6448 54 3886 0.846011
1 118 1 1 45.5698 54 26023 0.921664
1 118 2 2 33.7385 54 207 1.24487
1 119 1 1 128.807 54 1429 0.326069
1 120 3 3 0.833181 54 3 50.4092
1 122 1 1 43.9475 54 4936 0.955686
1 123 1 1 82.7106 54 4866 0.507795
1 124 1 1 91.2933 54 1139 0.460056
1 124 3 3 0.122171 54 5 343.78
1 125 3 3 37.4595 54 115 1.12121
1 126 1 1 55.4804 54 6555 0.757024
1 126 2 2 27.2147 54 614 1.54328
1 127 1 1 18.9529 54 1194 2.21602
1 128 1 1 14.9654 54 1407 2.80647
1 129 1 1 8.97928 54 100 4.67743
1 129 3 3 0.218429 54 2 192.282
1 130 1 1 44.1751 54 8511 0.950762
1 130 2 2 87.6572 54 606 0.479139
1 131 1 1 14.5216 54 3350 2.89224
1 132 1 1 5.06354 54 1359 8.29459
1 133 1 1 14.6693 54 65 2.86312
1 134 1 1 68.7859 54 8222 0.610591
1 134 2 2 56.9972 54 1170 0.736878
1 135 1 1 287.419 54 5277 0.146128
1 136 1 1 77.3369 54 1455 0.543078
1 137 1 1 2.25261 54 30 18.645
1 138 1 1 244.057 54 4376 0.172091
1 138 2 2 84.713 54 1146 0.495792
1 139 1 1 21.4828 54 2091 1.95506
1 140 1 1 3.47108 54 137 12.1
1 141 1 1 10.4393 54 84 4.02326
1 142 1 1 74.0198 54 2700 0.567416
1 142 2 2 62.2207 54 508 0.675016
1 143 1 1 75.0495 54 3778 0.559631
1 144 1 1 3.86271 54 85 10.8732
1 146 1 1 33.8048 54 3632 1.24243
1 146 2 2 28.0375 54 300 1.49799
1 147 1 1 126.076 54 2217 0.333134
1 147 2 2 31.18 54 224 1.34702
1 148 1 1 16.991 54 1017 2.4719
1 149 1 1 23.7066 54 41 1.77166
1 150 1 1 69.782 54 7919 0.601874
1 150 2 2 46.6866 54 3414 0.899615
1 151 1 1 140.319 54 6313 0.299318
1 152 1 1 25.4864 54 3476 1.64793
1 153 1 1 20.7132 54 173 2.02769
1 154 1 1 27.81 54 17818 1.51025
1 155 1 1 155.345 54 14497 0.270366
1 156 1 1 18.1857 54 3079 2.30951
1 157 1 1 25.766 54 912 1.63005
1 158 1 1 26.845 54 12114 1.56454
1 159 1 1 37.5857 54 9998 1.11745
1 160 1 1 10.6884 54 4899 3.92949
1 161 1 1 7.32795 54 67 5.73148
1 162 1 1 23.4566 54 14243 1.79054
1 163 1 1 57.3437 54 16847 0.732426
1 164 1 1 15.915 54 3786 2.63901
1 165 1 1 22.1158 54 659 1.89909
1 166 1 1 37.0119 54 21464 1.13477
1 167 1 1 49.1493 54 12396 0.85454
1 167 3 3 6.87813 54 3 6.10631
1 168 1 1 29.233 54 8206 1.43673
1 169 1 1 12.88 54 16 3.26087
1 170 1 1 54.3313 54 14156 0.773035
1 171 1 1 120.32 54 10871 0.34907
1 172 1 1 24.9014 54 3499 1.68665
1 173 3 3 2.26657 54 1 18.5302
1 174 1 1 64.9844 54 2813 0.646309
1 175 1 1 5.97563 54 25 7.02854
1 176 1 1 21.5988 54 45 1.94455
1 176 3 3 5.12814 54 2 8.19011
1 178 1 1 26.6469 54 6216 1.57617
1 179 1 1 51.2799 54 6464 0.819035
1 180 1 1 55.5 54 874 0.756757
1 182 1 1 70.8623 54 13509 0.592699
1 183 1 1 21.6143 54 3065 1.94316
1 184 1 1 36.3403 54 760 1.15574
1 185 1 1 15.013 54 89 2.79758
1 186 1 1 40.0383 54 7777 1.049
1 187 1 1 22.0452 54 3087 1.90518
1 188 1 1 108.816 54 2704 0.385973
2 2 1 4 19.5341 54 2480 2.15009
2 3 1 4 60.6708 54 5296 0.69226
2 4 1 4 17.5951 54 499 2.38703
2 6 1 4 12.0751 54 4563 3.47824
2 7 1 4 45.7955 54 5642 0.91712
2 8 1 4 39.9151 54 1425 1.05223
2 10 1 4 25.2831 54 5149 1.66119
2 11 1 4 42.6045 54 4944 0.985811
2 12 1 4 17.8122 54 1010 2.35793
2 12 3 6 0.904074 54 1 46.4564
2 14 1 4 26.5259 54 3782 1.58336
2 15 1 4 27.6124 54 2376 1.52106
2 16 1 4 34.3446 54 450 1.2229
2 16 3 6 14.8571 54 13 2.82694
2 17 2 6 14.8525 54 12 2.8278
2 18 1 4 26.6464 54 192 1.5762
2 19 1 4 33.9663 54 4612 1.23652
2 20 1 4 9.21775 54 326 4.55643
2 20 3 6 0.846126 54 2 49.638
2 22 1 4 19.8944 54 1749 2.11115
2 23 1 4 30.3213 54 3446 1.38516
2 24 1 4 60.5994 54 1207 0.693076
2 24 3 6 8.32548 54 7 5.04476
2 25 3 6 2.97579 54 1 14.1139
2 26 1 4 34.2802 54 3571 1.2252
2 27 1 4 45.3117 54 5790 0.926913
2 27 3 6 2.00902 54 6 20.9057
2 28 1 4 19.7203 54 1494 2.12978
2 29 2 6 16.2748 54 5 2.58068
2 30 1 4 38.9856 54 1000 1.07732
2 31 1 4 45.2086 54 2944 0.929026
2 32 1 4 12.5027 54 580 3.35927
2 34 1 4 14.9469 54 2396 2.80995
2 35 1 4 39.016 54 4728 1.07648
2 36 1 4 20.1728 54 948 2.08201
2 38 1 4 62.2004 54 2378 0.675237
2 39 1 4 57.5188 54 4288 0.730196
2 40 1 4 32.3751 54 1850 1.29729
2 42 1 4 25.3981 54 2909 1.65367
2 43 1 4 37.8174 54 12716 1.1106
2 44 1 4 23.5837 54 1285 1.78089
2 46 1 4 26.9969 54 8558 1.55573
2 47 1 4 29.7842 54 13450 1.41015
2 48 1 4 34.8109 54 2416 1.20652
2 50 1 4 46.5624 54 7592 0.902016
2 51 1 4 43.8282 54 20669 0.958286
2 52 1 4 19.0369 54 2348 2.20624
2 52 3 6 9.2164 54 11 4.5571
2 54 1 4 39.7454 54 4523 1.05672
2 55 1 4 28.8354 54 11310 1.45654
2 56 1 4 23.4437 54 1729 1.79153
2 56 3 6 32.9013 54 21 1.27654
2 58 1 4 28.5999 54 5222 1.46853
2 59 1 4 47.5033 54 10215 0.884148
2 60 1 4 19.8075 54 2244 2.12041
2 60 3 6 2.47514 54 2 16.9687
2 62 1 4 31.2892 54 6600 1.34231
2 63 1 4 24.9866 54 9644 1.6809
2 63 3 6 4.46155 54 4 9.41377
2 64 1 4 25.4472 54 2075 1.65048
2 66 1 4 34.3848 54 2300 1.22147
2 67 1 4 27.1317 54 7980 1.548
2 67 3 6 1.83548 54 2 22.8823
2 68 1 4 22.3149 54 962 1.88215
2 68 3 6 0.000226285 54 22 185607
2 70 1 4 28.6828 54 3297 1.46429
2 71 1 4 61.9607 54 8678 0.677849
2 72 1 4 21.3506 54 3388 1.96716
2 74 1 4 69.337 54 5464 0.605737
2 75 1 4 48.4743 54 5910 0.866438
2 76 1 4 44.8978 54 1646 0.935457
2 78 1 4 22.4582 54 7811 1.87014
2 79 1 4 33.6531 54 14481 1.24803
2 79 3 6 12.2804 54 7 3.42008
2 80 1 4 16.9964 54 3615 2.47111
2 80 3 6 2.38379 54 7 17.619
2 82 1 4 30.818 54 5030 1.36284
2 83 1 4 34.6115 54 20094 1.21347
2 83 2 5 51.4463 54 974 0.816386
2 84 1 4 25.8547 54 5041 1.62446
2 84 3 6 22.508 54 18 1.866
2 86 1 4 38.7777 54 9675 1.0831
2 86 2 5 22.5395 54 118 1.86339
2 87 1 4 37.4257 54 15213 1.12222
2 87 2 5 25.6123 54 1107 1.63984
2 88 1 4 18.4372 54 3968 2.278
2 88 3 6 22.7147 54 27 1.84902
2 90 1 4 47.6766 54 8618 0.880935
2 90 2 5 40.6789 54 239 1.03248
2 91 1 4 41.3269 54 13488 1.01629
2 91 2 5 74.5283 54 1047 0.563545
2 92 1 4 80.0728 54 6403 0.524523
2 92 2 5 21.2619 54 120 1.97536
2 94 1 4 71.228 54 8642 0.589656
2 95 1 4 50.7241 54 30146 0.828008
2 96 1 4 18.289 54 6166 2.29647
2 96 3 6 9.78615 54 3 4.29178
2 98 1 4 32.4348 54 1864 1.29491
2 99 1 4 52.2651 54 32928 0.803595
2 99 3 6 0.845303 54 2 49.6863
2 100 1 4 63.964 54 4554 0.656619
2 100 3 6 18.7831 54 5 2.23605
2 102 1 4 57.633 54 7520 0.72875
2 103 1 4 48.9283 54 29963 0.858399
2 103 3 6 34.857 54 25 1.20492
2 104 1 4 20.2216 54 13466 2.07699
2 104 3 6 34.6676 54 60 1.21151
2 106 1 4 79.2322 54 10129 0.530087
2 107 1 4 55.8619 54 28715 0.751854
2 107 3 6 11.6454 54 8 3.60658
2 108 1 4 161.571 54 10069 0.259948
2 108 3 6 0.100745 54 5 416.895
2 110 1 4 43.1888 54 6215 0.972475
2 110 3 6 1.62517 54 1 25.8434
2 111 1 4 120.172 54 25165 0.349499
2 111 3 6 0.0989811 54 2 424.323
2 112 1 4 103.806 54 4621 0.404599
2 112 3 6 11.5212 54 6 3.64545
2 114 1 4 54.2985 54 17686 0.773502
2 114 2 5 41.4957 54 2112 1.01215
2 115 1 4 66.7182 54 15945 0.629513
2 115 3 6 4.72858 54 2 8.88215
2 116 1 4 18.6954 54 7007 2.24654
2 116 3 6 2.92594 54 1 14.3544
2 118 1 4 137.591 54 19854 0.305253
2 118 2 5 151.304 54 2679 0.277588
2 119 1 4 58.8517 54 41459 0.713658
2 119 2 5 60.364 54 5527 0.695779
2 119 3 6 25.9468 54 24 1.61869
2 120 1 4 23.9399 54 17917 1.7544
2 120 2 5 58.6616 54 105 0.715971
2 120 3 6 25.4132 54 41 1.65268
2 122 1 4 85.3987 54 15179 0.491811
2 122 2 5 41.1913 54 2582 1.01963
2 123 1 4 115.354 54 52821 0.364097
2 123 2 5 43.5476 54 6051 0.964462
2 123 3 6 2.09485 54 1 20.0491
2 124 1 4 54.5516 54 11162 0.769913
2 124 3 6 1.24699 54 1 33.6811
2 126 1 4 76.8706 54 21947 0.546373
2 126 2 5 63.9846 54 2165 0.656408
2 127 1 4 53.0207 54 44291 0.792144
2 127 2 5 72.9515 54 7199 0.575725
2 128 1 4 23.7092 54 23050 1.77146
2 128 2 5 24.7431 54 421 1.69745
2 130 1 4 92.3591 54 7949 0.454747
2 130 2 5 42.5997 54 742 0.985922
2 131 1 4 99.177 54 35127 0.423485
2 131 2 5 92.3442 54 812 0.45482
2 131 3 6 6.82506 54 11 6.15379
2 132 1 4 55.6175 54 20085 0.755158
2 132 3 6 13.0666 54 7 3.21431
2 134 1 4 98.0062 54 12097 0.428544
2 134 2 5 81.9731 54 3287 0.512363
2 135 1 4 71.8181 54 42867 0.584811
2 135 2 5 54.8165 54 5968 0.766193
2 136 1 4 25.9151 54 28832 1.62067
2 136 2 5 32.5513 54 224 1.29027
2 138 1 4 85.8579 54 1117 0.489181
2 138 2 5 70.4227 54 5721 0.596399
2 139 1 4 91.3259 54 35555 0.459891
2 139 2 5 74.2225 54 7736 0.565866
2 139 3 6 3.40486 54 3 12.3353
2 140 1 4 19.9425 54 13854 2.10605
2 140 3 6 11.7351 54 12 3.57902
2 142 1 4 90.2315 54 3483 0.465469
2 142 2 5 28.1634 54 1783 1.4913
2 143 1 4 117.796 54 30624 0.356547
2 143 2 5 35.8557 54 1533 1.17136
2 144 1 4 46.2482 54 11235 0.908142
2 146 1 4 59.3501 54 3611 0.707665
2 146 2 5 34.0492 54 9855 1.23351
2 147 1 4 64.9878 54 31822 0.646276
2 147 2 5 47.7085 54 5176 0.880345
2 148 1 4 27.3683 54 11552 1.53462
2 150 1 4 99.1673 54 1384 0.423527
2 150 2 5 37.4019 54 1940 1.12294
2 151 1 4 32.9862 54 28929 1.27326
2 151 2 5 90.1872 54 2378 0.465698
2 152 1 4 30.2686 54 11518 1.38758
2 154 1 4 34.3212 54 7225 1.22373
2 154 2 5 36.2854 54 101 1.15749
2 155 1 4 73.3516 54 32680 0.572585
2 155 2 5 14.4829 54 399 2.89996
2 156 1 4 34.1554 54 23992 1.22968
2 157 2 6 4.29373 54 2 9.7817
2 158 1 4 43.8564 54 781 0.957672
2 159 1 4 70.8251 54 25078 0.59301
2 159 2 5 81.8641 54 524 0.513045
2 159 3 6 19.2607 54 4 2.18061
2 160 1 4 22.765 54 19973 1.84494
2 162 1 4 27.1693 54 712 1.54586
2 163 1 4 41.1403 54 29289 1.0209
2 163 3 6 3.59084 54 2 11.6964
2 164 1 4 33.6215 54 16654 1.2492
2 164 3 6 8.36114 54 3 5.02324
2 166 1 4 92.5238 54 3589 0.453937
2 167 1 4 62.2774 54 31787 0.674402
2 167 3 6 40.9773 54 25 1.02496
2 168 1 4 38.6386 54 11536 1.087
2 168 3 6 7.63858 54 2 5.4984
2 169 2 6 2.82826 54 5 14.8501
2 170 1 4 102.839 54 2375 0.408404
2 170 2 5 52.8741 54 951 0.79434
2 171 1 4 161.912 54 25077 0.2594
2 171 2 5 93.617 54 1933 0.448637
2 171 3 6 20.1049 54 17 2.08905
2 172 1 4 78.5989 54 4010 0.534359
2 172 3 6 64.3332 54 57 0.652851
2 173 2 6 7.76352 54 2 5.40991
2 174 1 4 22.9725 54 9212 1.82828
2 174 2 5 14.9643 54 105 2.80667
2 174 3 6 2.27413 54 4 18.4686
2 175 1 4 128.672 54 27674 0.326411
2 175 3 6 25.8717 54 62 1.62339
2 176 1 4 103.514 54 4015 0.405742
2 176 3 6 0.00279635 54 172 15019.6
2 177 2 6 35.1422 54 18 1.19514
2 178 1 4 39.2408 54 7007 1.07031
2 179 1 4 103.896 54 30797 0.40425
2 179 3 6 18.0714 54 34 2.32412
2 180 1 4 51.2333 54 11795 0.819779
2 180 3 6 51.1338 54 108 0.821375
2 182 1 4 72.4186 54 3167 0.579962
2 182 3 6 0.345358 54 1 121.613
2 183 1 4 76.6084 54 30403 0.548243
2 183 3 6 9.57031 54 11 4.38857
2 184 1 4 17.6525 54 5468 2.37927
2 184 3 6 3.28322 54 76 12.7923
2 186 1 4 68.4578 54 6616 0.613517
2 187 1 4 49.031 54 33982 0.8566
2 187 3 6 16.8383 54 8 2.49431
2 188 1 4 25.9418 54 10140 1.61901
2 188 3 6 22.0459 54 12 1.90512
3 1 1 7 33.7757 54 4462 1.2435
3 2 1 7 102.615 54 12381 0.409298
3 3 1 7 83.7592 54 7817 0.501438
3 4 1 7 33.259 54 2502 1.26282
3 4 2 9 3.46704 54 2 12.1141
3 5 1 7 34.8938 54 1239 1.20365
3 6 1 7 67.2278 54 3891 0.624741
3 7 1 7 74.5297 54 4667 0.563534
3 7 2 9 8.39381 54 9 5.00369
3 8 1 7 35.2901 54 1744 1.19014
3 8 3 9 12.657 54 4 3.31832
3 9 1 7 40.6029 54 1802 1.03441
3 9 2 9 5.40406 54 7 7.77193
3 10 1 7 75.1628 54 4405 0.558787
3 10 3 9 3.92846 54 5 10.6912
3 11 1 7 44.3401 54 2573 0.947224
3 12 1 7 10.6604 54 6734 3.9398
3 12 2 9 10.1942 54 72 4.11999
3 13 1 7 25.4231 54 1308 1.65204
3 14 1 7 53.5316 54 3073 0.784584
3 15 1 7 34.1557 54 930 1.22966
3 16 1 7 21.077 54 1072 1.99269
3 17 1 7 33.1485 54 944 1.26702
3 18 1 7 46.2739 54 1000 0.907638
3 19 1 7 14.412 54 514 2.91423
3 20 1 7 10.2193 54 67 4.10987
3 20 3 9 9.84062 54 4 4.26803
3 21 1 7 25.133 54 66 1.67111
3 22 1 7 29.2406 54 548 1.43636
3 23 1 7 21.4501 54 110 1.95803
3 24 1 7 38.8517 54 150 1.08104
3 25 1 7 2.04528 54 10 20.5351
3 26 1 7 14.9769 54 263 2.80431
3 27 1 7 15.1481 54 53 2.77262
3 27 2 9 0.454952 54 1 92.3174
3 28 1 7 9.84581 54 255 4.26578
3 28 2 9 1.8449 54 5 22.7655
3 29 1 7 22.3027 54 3576 1.88318
3 30 1 7 56.301 54 2229 0.74599
3 31 1 7 38.3811 54 1069 1.09429
3 32 1 7 28.4954 54 111 1.47392
3 33 1 7 49.3041 54 411 0.851856
3 34 1 7 22.7139 54 100 1.84909
3 35 1 7 7.92319 54 5 5.30089
3 36 1 7 18.0574 54 113 2.32591
3 37 1 7 26.7023 54 272 1.5729
3 38 1 7 31.8823 54 888 1.31734
3 39 1 7 29.5119 54 145 1.42316
3 40 1 7 23.3533 54 160 1.79846
3 41 1 7 39.8211 54 183 1.05472
3 42 1 7 17.477 54 562 2.40316
3 43 1 7 42.977 54 35 0.977267
3 44 1 7 30.2645 54 331 1.38777
3 45 1 7 36.1171 54 405 1.16288
3 46 1 7 21.1513 54 600 1.98569
3 47 1 7 27.9448 54 70 1.50296
3 48 1 7 23.3053 54 191 1.80217
3 48 3 9 0.358456 54 1 117.169
3 49 1 7 58.8148 54 497 0.714107
3 50 1 7 23.4096 54 132 1.79413
3 50 3 9 0.589927 54 3 71.1952
3 51 1 7 11.5504 54 5 3.63623
3 52 1 7 37.4231 54 132 1.1223
3 53 1 7 32.6101 54 205 1.28795
3 54 1 7 45.4537 54 1094 0.924016
3 54 3 9 8.18965 54 2 5.12843
3 55 1 7 30.2853 54 275 1.38681
3 55 3 9 3.38683 54 1 12.401
3 56 1 7 11.1871 54 100 3.75432
3 57 1 7 14.3665 54 188 2.92347
3 58 1 7 85.7866 54 407 0.489587
3 60 1 7 109.344 54 225 0.384109
3 61 1 7 30.3755 54 518 1.38269
3 62 1 7 9.11423 54 128 4.60818
3 63 1 7 20.8724 54 48 2.01222
3 64 1 7 47.4208 54 150 0.885687
3 65 1 7 38.3393 54 223 1.09548
3 66 1 7 35.7396 54 659 1.17517
3 67 1 7 12.5389 54 86 3.34957
3 68 1 7 28.8617 54 154 1.45522
3 69 1 7 19.1232 54 738 2.19629
3 70 1 7 59.3614 54 1502 0.70753
3 71 1 7 11.8423 54 25 3.54662
3 71 3 9 2.91527 54 2 14.4069
3 72 1 7 53.3995 54 364 0.786525
3 72 3 9 10.2853 54 6 4.08349
3 73 1 7 74.7187 54 293 0.562108
3 74 1 7 78.9964 54 422 0.53167
3 74 3 9 13.3496 54 4 3.14616
3 75 1 7 39.1903 54 435 1.07169
3 76 1 7 12.1998 54 160 3.44267
3 77 1 7 14.7714 54 139 2.84333
3 78 1 7 31.508 54 192 1.33299
3 78 2 8 20.8121 54 72 2.01806
3 78 3 9 2.25076 54 2 18.6603
3 79 1 7 23.4624 54 15 1.7901
3 79 3 9 2.89955 54 1 14.485
3 80 1 7 50.1808 54 298 0.836974
3 80 3 9 4.36012 54 1 9.63275
3 81 1 7 12.4876 54 92 3.36333
3 81 3 9 22.9999 54 4 1.82609
3 82 1 7 53.6511 54 898 0.782836
3 82 3 9 20.5023 54 11 2.04855
3 83 1 7 9.03174 54 5 4.65027
3 83 3 9 0.865693 54 3 48.516
3 84 1 7 63.9951 54 175 0.6563
3 84 3 9 2.72868 54 1 15.3921
3 85 1 7 80.6803 54 428 0.520573
3 86 1 7 78.4086 54 720 0.535656
3 86 3 9 28.5125 54 10 1.47304
3 87 1 7 8.19008 54 7 5.12815
3 87 3 9 3.76822 54 1 11.1458
3 88 1 7 46.4268 54 90 0.90465
3 88 3 9 15.564 54 7 2.69853
3 89 1 7 29.8179 54 659 1.40855
3 90 1 7 33.0058 54 1182 1.2725
3 91 1 7 30.5081 54 25 1.37668
3 92 1 7 90.9936 54 304 0.461571
3 92 3 9 11.5004 54 5 3.65205
3 93 1 7 13.9521 54 829 3.01029
3 93 3 9 3.08783 54 1 13.6018
3 94 1 7 36.0972 54 948 1.16352
3 94 2 8 17.0508 54 240 2.46323
3 95 1 7 13.9656 54 15 3.00739
3 95 3 9 0.601238 54 1 69.8559
3 96 1 7 28.4098 54 212 1.47836
3 96 3 9 2.16552 54 1 19.3949
3 97 1 7 34.094 54 584 1.23189
3 98 1 7 15.6543 54 280 2.68297
3 98 2 8 18.2675 54 145 2.29917
3 98 3 9 12.579 54 4 3.33891
3 99 2 8 75.8514 54 1868 0.553714
3 99 3 9 13.6366 54 10 3.07994
3 100 1 7 49.5909 54 97 0.84693
3 100 2 8 23.6098 54 3345 1.77892
3 100 3 9 6.33492 54 10 6.62991
3 101 1 7 55.3397 54 413 0.758949
3 102 1 7 16.9761 54 103 2.47406
3 103 1 7 9.25757 54 57 4.53683
3 103 3 9 9.47782 54 2 4.4314
3 104 1 7 20.9952 54 41 2.00046
3 104 3 9 6.92773 54 10 6.06259
3 105 1 7 15.4998 54 30 2.70972
3 106 1 7 14.7324 54 181 2.85086
3 108 1 7 13.2947 54 60 3.15916
3 109 1 7 43.8936 54 56 0.95686
3 110 1 7 5.1723 54 9 8.12017
3 112 1 7 14.2511 54 99 2.94714
3 113 1 7 9.51159 54 99 4.41566
3 114 1 7 53.0961 54 202 0.791018
3 116 1 7 29.8948 54 48 1.40493
3 116 3 9 4.0545 54 1 10.3588
3 118 1 7 93.0856 54 5977 0.451198
3 119 1 7 11.2306 54 15 3.73979
3 120 1 7 9.19272 54 6 4.56883
3 121 1 7 27.8624 54 4625 1.50741
3 121 3 9 0.0606136 54 1 692.914
3 122 1 7 46.9836 54 4949 0.893928
3 124 1 7 22.0342 54 627 1.90613
3 124 3 9 3.47141e-07 54 4 1.20988e+08
3 125 1 7 35.4335 54 1285 1.18532
3 125 3 9 0.041001 54 3 1024.36
3 126 1 7 61.69 54 1296 0.680823
3 126 2 8 83.3217 54 780 0.504071
3 128 1 7 54.2851 54 378 0.773693
3 128 3 9 6.17673 54 3 6.79971
3 129 1 7 32.7617 54 3022 1.28198
3 130 1 7 12.0669 54 393 3.48059
3 131 2 8 3.60441 54 282 11.6524
3 132 1 7 21.6647 54 414 1.93863
3 133 1 7 109.858 54 3098 0.382311
3 134 1 7 16.8051 54 525 2.49925
3 135 1 7 7.80234 54 361 5.383
3 136 1 7 11.0762 54 313 3.79191
3 137 1 7 33.4261 54 1603 1.2565
3 137 3 9 13.7238 54 20 3.06038
3 138 1 7 127.438 54 1447 0.329571
3 138 3 9 10.6802 54 4 3.93249
3 139 1 7 26.7978 54 76 1.5673
3 140 1 7 17.6289 54 175 2.38246
3 140 2 8 3.607 54 139 11.644
3 140 3 9 14.2287 54 7 2.95177
3 141 1 7 80.4616 54 640 0.521988
3 142 1 7 67.6126 54 272 0.621186
3 143 1 7 12.2518 54 282 3.42807
3 144 1 7 18.0496 54 547 2.32692
3 145 1 7 89.6999 54 2342 0.468228
3 146 1 7 107.701 54 630 0.38997
3 147 1 7 16.0229 54 50 2.62125
3 148 1 7 23.9855 54 948 1.75106
3 149 1 7 54.8014 54 7373 0.766403
3 150 1 7 64.2552 54 5092 0.653644
3 151 1 7 59.5956 54 1842 0.70475
3 152 1 7 30.9366 54 166 1.35761
3 153 1 7 47.5346 54 7284 0.883566
3 154 1 7 35.3007 54 2667 1.18978
3 155 1 7 26.5105 54 682 1.58428
3 156 1 7 5.51035 54 243 7.62201
3 157 1 7 58.6454 54 14501 0.716168
3 157 3 9 8.32994 54 7 5.04205
3 158 1 7 15.9499 54 6628 2.63324
3 158 2 8 9.32584 54 8 4.50362
3 159 1 7 12.4002 54 1061 3.38704
3 160 3 9 11.2027 54 53 3.7491
3 161 1 7 32.4484 54 10178 1.29436
3 162 1 7 35.2026 54 2135 1.19309
3 162 2 8 13.8416 54 17 3.03434
3 163 1 7 14.5136 54 966 2.89384
3 164 1 7 24.4906 54 1132 1.71494
3 164 2 8 1.76405 54 28 23.8089
3 165 1 7 7.87619 54 10834 5.33253
3 166 1 7 102.232 54 2765 0.410829
3 166 2 8 22.2911 54 35 1.88416
3 166 3 9 16.383 54 4 2.56364
3 168 1 7 26.0346 54 502 1.61323
3 169 1 7 13.1073 54 4864 3.20432
3 169 2 8 24.7606 54 58 1.69624
3 169 3 9 21.0084 54 10 1.9992
3 170 1 7 53.3545 54 5051 0.787187
3 170 2 8 13.6198 54 245 3.08376
3 171 3 9 38.9578 54 28 1.07809
3 172 1 7 35.6039 54 620 1.17965
3 172 3 9 21.9686 54 15 1.91182
3 173 1 7 10.9068 54 9440 3.85082
3 173 3 9 19.0459 54 123 2.20519
3 174 1 7 47.6154 54 3587 0.882068
3 174 2 8 10.9317 54 199 3.84203
3 174 3 9 11.8473 54 144 3.54512
3 175 3 9 5.98115 54 7 7.02206
3 176 1 7 9.25348 54 610 4.53883
3 176 3 9 1.63088 54 1 25.753
3 177 1 7 21.8968 54 5029 1.91809
3 177 3 9 37.719 54 63 1.1135
3 178 1 7 49.6432 54 711 0.846037
3 178 2 8 22.3556 54 169 1.87872
3 179 2 8 2.31312 54 104 18.1573
3 179 3 9 13.3057 54 9 3.15654
3 180 1 7 19.4143 54 473 2.16335
3 180 3 9 56.2706 54 37 0.746394
3 181 1 7 27.4559 54 2341 1.52972
3 181 2 8 36.9028 54 38 1.13812
3 181 3 9 24.0058 54 54 1.74958
3 182 1 7 16.8417 54 1273 2.49381
3 182 2 8 16.6104 54 97 2.52854
3 182 3 9 17.9073 54 9 2.34542
3 183 2 8 6.85813 54 40 6.12411
3 183 3 9 1.67234 54 7 25.1144
3 184 1 7 24.368 54 914 1.72357
3 184 2 8 26.2032 54 20 1.60286
3 185 3 9 14.9765 54 8 2.80439
3 186 2 8 14.5841 54 30 2.87984
3 187 3 9 4.36679 54 2 9.61804
3 188 3 9 18.6632 54 6 2.25042
4 1 1 22 24.6796 54 579 1.70181
4 1 2 23 96.5325 54 195 0.435087
4 2 1 22 22.1278 54 540 1.89806
4 2 2 23 40.2768 54 145 1.04278
4 3 1 22 15.5377 54 514 2.70311
4 3 2 23 66.2616 54 56 0.633851
4 4 2 23 41.9585 54 83 1.00099
4 5 2 23 173.203 54 267 0.24249
4 6 2 23 48.8106 54 283 0.860468
4 7 1 22 49.1925 54 3002 0.853788
4 7 2 23 11.9129 54 90 3.52559
4 8 1 22 2.24902 54 234 18.6748
4 8 2 23 151.052 54 936 0.278051
4 9 2 23 58.1621 54 433 0.722119
4 10 1 22 4.94741 54 68 8.48929
4 10 2 23 73.3107 54 253 0.572904
4 11 1 22 34.4268 54 618 1.21998
4 11 2 23 2.67178e-05 54 73 1.57198e+06
4 12 2 23 16.2811 54 370 2.57968
4 13 2 23 97.9568 54 410 0.428761
4 14 1 22 18.0872 54 81 2.32208
4 14 2 23 21.1961 54 271 1.9815
4 15 1 22 56.9803 54 728 0.737096
4 15 2 23 34.3961 54 165 1.22107
4 16 2 23 93.072 54 463 0.451263
4 17 1 22 15.473 54 40 2.71441
4 17 2 23 108.524 54 637 0.387012
4 18 2 23 112.847 54 920 0.372185
4 19 1 22 43.629 54 172 0.962662
4 19 2 23 48.9675 54 54 0.857712
4 20 2 23 51.3232 54 20 0.818344
4 21 2 23 65.8365 54 44 0.637944
4 22 1 22 25.9419 54 20 1.619
4 22 2 23 100.211 54 365 0.419114
4 23 1 22 17.4854 54 29 2.402
4 23 2 23 17.404 54 29 2.41323
4 24 2 23 38.2975 54 65 1.09668
4 25 2 23 82.4284 54 416 0.509533
4 26 1 22 46.9355 54 1785 0.894845
4 26 2 23 132.196 54 870 0.317709
4 27 1 22 19.2784 54 29 2.1786
4 27 2 23 37.3617 54 227 1.12414
4 28 1 22 5.89372 54 15 7.12623
4 28 2 23 41.3003 54 31 1.01694
4 29 1 22 14.6356 54 338 2.86972
4 29 2 23 12.9957 54 105 3.23184
4 30 1 22 39.6558 54 1011 1.05911
4 30 2 23 96.1192 54 520 0.436958
4 31 2 23 43.3951 54 44 0.967852
4 32 1 22 6.9106 54 230 6.07762
4 32 2 23 65.4496 54 130 0.641715
4 33 2 23 149.209 54 325 0.281484
4 34 2 23 156.352 54 236 0.268624
4 35 2 23 33.3606 54 30 1.25897
4 36 2 23 24.852 54 90 1.69
4 37 1 22 16.3065 54 5 2.57567
4 37 2 23 25.0357 54 355 1.67761
4 38 2 23 124.053 54 440 0.338565
4 39 1 22 46.7313 54 70 0.898755
4 39 2 23 36.189 54 145 1.16057
4 40 2 23 26.4088 54 113 1.59038
4 41 1 22 26.4939 54 45 1.58527
4 41 2 23 69.1211 54 320 0.607629
4 42 1 22 6.37663 54 6 6.58656
4 42 2 23 44.3677 54 165 0.946635
4 43 1 22 38.6853 54 54 1.08568
4 43 2 23 21.1346 54 5 1.98727
4 44 2 23 19.3757 54 27 2.16766
4 45 1 22 34.4514 54 221 1.21911
4 45 2 23 105.055 54 90 0.399792
4 46 1 22 4.48159 54 94 9.37168
4 46 2 23 43.2242 54 227 0.971677
4 47 1 22 6.98989 54 16 6.00868
4 47 2 23 37.6406 54 114 1.11582
4 48 2 23 61.1669 54 87 0.686645
4 49 1 22 42.9693 54 343 0.977443
4 49 2 23 46.7235 54 113 0.898905
4 50 1 22 37.9138 54 148 1.10778
4 50 2 23 12.3925 54 222 3.38914
4 51 2 23 60.8507 54 81 0.690214
4 52 1 22 5.49911 54 25 7.63759
4 52 2 23 34.0889 54 52 1.23207
4 53 1 22 9.56767 54 96 4.38978
4 53 2 23 51.8652 54 67 0.809792
4 54 1 22 39.6569 54 1023 1.05909
4 54 2 23 0.00167914 54 288 25012.8
4 55 1 22 18.3514 54 631 2.28866
4 55 2 23 39.9761 54 76 1.05063
4 56 1 22 75.9588 54 203 0.552932
4 56 2 23 91.8799 54 50 0.457118
4 57 1 22 8.41621 54 35 4.99037
4 57 2 23 52.2462 54 448 0.803887
4 58 2 23 93.2374 54 358 0.450463
4 59 1 22 8.28146 54 13 5.07157
4 59 2 23 91.4406 54 132 0.459315
4 60 1 22 5.58752 54 11 7.51676
4 60 2 23 15.7949 54 15 2.65908
4 61 1 22 79.1823 54 108 0.530422
4 61 2 23 58.3369 54 18 0.719956
4 62 1 22 5.20077 54 25 8.07573
4 62 2 23 52.1751 54 95 0.804982
4 63 1 22 30.1818 54 70 1.39157
4 63 2 23 23.9607 54 21 1.75287
4 64 2 23 11.2038 54 34 3.74872
4 65 1 22 9.0458 54 115 4.64304
4 65 2 23 106.957 54 44 0.39268
4 66 1 22 24.5146 54 57 1.71326
4 66 2 23 56.4193 54 580 0.744426
4 67 2 23 54.9234 54 52 0.764702
4 68 1 22 2.09492 54 9 20.0485
4 68 2 23 47.2762 54 85 0.888397
4 69 1 22 13.4461 54 47 3.12359
4 69 2 23 58.532 54 252 0.717557
4 70 1 22 25.1166 54 102 1.6722
4 70 2 23 39.6874 54 388 1.05827
4 71 2 23 25.9814 54 31 1.61654
4 72 1 22 8.53647 54 79 4.92007
4 72 2 23 30.2955 54 69 1.38635
4 73 1 22 0.96835 54 24 43.3727
4 73 2 23 49.7046 54 27 0.844993
4 74 1 22 40.5715 54 248 1.03521
4 74 2 23 18.5782 54 33 2.26071
4 75 1 22 4.19093 54 75 10.0216
4 75 2 23 4.90668 54 11 8.55976
4 76 1 22 14.2075 54 23 2.95619
4 76 2 23 68.4427 54 111 0.613652
4 77 1 22 15.5607 54 104 2.6991
4 77 2 23 233.779 54 765 0.179657
4 78 1 22 71.7898 54 83 0.585041
4 78 2 23 39.4442 54 346 1.0648
4 79 2 23 44.6839 54 36 0.939936
4 80 1 22 55.8198 54 70 0.752422
4 80 2 23 44.3226 54 43 0.947597
4 81 2 23 0.000376397 54 159 111584
4 82 1 22 24.6231 54 1034 1.70571
4 82 2 23 68.857 54 161 0.60996
4 83 2 23 0.612805 54 31 68.5373
4 84 1 22 14.5951 54 25 2.87767
4 84 2 23 83.1314 54 123 0.505224
4 85 1 22 5.96861 54 20 7.03681
4 85 2 23 57.8915 54 2165 0.725495
4 86 1 22 11.2655 54 68 3.7282
4 86 2 23 55.9147 54 272 0.751145
4 87 2 23 0.419268 54 17 100.175
4 88 1 22 18.6133 54 171 2.25645
4 88 2 23 90.9112 54 72 0.461989
4 89 1 22 39.3381 54 110 1.06767
4 89 2 23 187.214 54 437 0.224343
4 90 1 22 23.5573 54 120 1.78289
4 90 2 23 50.3197 54 175 0.834663
4 91 2 23 31.1285 54 18 1.34925
4 92 1 22 15.4448 54 45 2.71936
4 92 2 23 89.243 54 810 0.470625
4 93 1 22 4.88473 54 6 8.59822
4 93 2 23 73.2701 54 3510 0.573222
4 94 1 22 85.0579 54 215 0.493781
4 94 2 23 19.5205 54 125 2.15159
4 95 2 23 14.9338 54 12 2.81241
4 96 1 22 35.6861 54 218 1.17693
4 96 2 23 1.88528e-05 54 32 2.22779e+06
4 97 1 22 22.3626 54 25 1.87814
4 97 2 23 51.8769 54 178 0.809609
4 98 1 22 13.7199 54 145 3.06126
4 98 2 23 27.4313 54 176 1.5311
4 99 2 23 23.0824 54 8 1.81957
4 100 1 22 22.8498 54 229 1.83809
4 100 2 23 45.8017 54 44 0.916996
4 101 1 22 3.25131 54 47 12.9179
4 101 2 23 97.6941 54 295 0.429913
4 102 1 22 27.8493 54 45 1.50812
4 102 2 23 70.1523 54 233 0.598698
4 103 2 23 24.5399 54 19 1.7115
4 104 1 22 57.452 54 275 0.731045
4 104 2 23 66.8241 54 40 0.628515
4 105 1 22 25.318 54 1018 1.6589
4 105 2 23 87.0768 54 103 0.482333
4 106 1 22 7.86957 54 14 5.33701
4 106 2 23 41.6687 54 204 1.00795
4 107 2 23 14.7745 54 4 2.84273
4 108 1 22 16.7057 54 491 2.51411
4 108 2 23 52.6253 54 29 0.798096
4 109 1 22 67.0958 54 6476 0.62597
4 109 2 23 94.9253 54 378 0.442453
4 110 1 22 6.38235 54 105 6.58065
4 110 2 23 26.8476 54 400 1.56438
4 111 1 23 4.66761 54 1 8.99817
4 112 1 22 22.4766 54 277 1.86861
4 112 2 23 17.2285 54 18 2.43783
4 113 1 22 24.4599 54 3674 1.7171
4 113 2 23 45.1288 54 190 0.93067
4 114 2 23 49.7755 54 73 0.843789
4 115 2 23 12.8935 54 5 3.25747
4 116 1 22 17.5263 54 358 2.39639
4 116 2 23 5.29411e-05 54 56 793335
4 117 2 23 213.943 54 1052 0.196314
4 118 1 22 23.8287 54 3470 1.76258
4 118 2 23 65.1784 54 560 0.644385
4 119 2 23 3.86057 54 2 10.8792
4 120 1 22 21.8217 54 1194 1.92469
4 120 2 23 89.8942 54 58 0.467216
4 121 1 22 21.7383 54 1283 1.93207
4 121 2 23 236.859 54 146 0.177321
4 122 1 22 13.39 54 3907 3.13666
4 122 2 23 28.7285 54 33 1.46196
4 123 2 23 0.476909 54 17 88.0671
4 124 1 22 32.8859 54 415 1.27714
4 124 2 23 64.3421 54 113 0.652761
4 125 1 22 76.2441 54 1400 0.550862
4 125 2 23 119.818 54 3577 0.350531
4 126 1 22 33.1016 54 2466 1.26882
4 126 2 23 36.0784 54 67 1.16413
4 127 1 23 2.95012 54 14 14.2367
4 128 1 22 10.3289 54 234 4.06627
4 128 2 23 40.8917 54 36 1.0271
4 129 1 22 16.0441 54 176 2.61779
4 129 2 23 1.10546 54 27 37.9933
4 130 1 22 14.323 54 104 2.93235
4 130 2 23 75.9833 54 257 0.552753
4 131 2 23 10.488 54 9 4.00458
4 132 1 22 5.58547 54 250 7.51951
4 132 2 23 57.6946 54 44 0.727971
4 133 2 23 81.8829 54 436 0.512928
4 134 1 22 19.1776 54 149 2.19005
4 134 2 23 2.12046 54 18 19.807
4 136 1 22 29.0916 54 275 1.44371
4 137 2 23 83.7073 54 98 0.501749
4 138 2 23 11.0322 54 89 3.80704
4 139 2 23 2.05136e-07 54 7 2.04742e+08
4 140 1 22 11.103 54 183 3.78277
4 140 2 23 91.8454 54 22 0.45729
4 141 1 22 34.1966 54 720 1.22819
4 142 1 22 59.2961 54 329 0.70831
4 144 1 22 85.6626 54 399 0.490296
4 145 1 22 51.1966 54 541 0.820368
4 146 1 22 9.12585 54 84 4.60231
4 148 1 22 5.90403 54 150 7.11378
4 152 1 22 9.97354 54 17 4.21114
4 153 1 22 24.8688 54 400 1.68887
4 156 1 22 29.6192 54 330 1.418
4 157 2 23 102.29 54 187 0.410597
4 158 1 22 13.1644 54 208 3.19043
4 158 2 23 88.6126 54 22 0.473973
4 159 1 22 24.0326 54 189 1.74762
4 159 2 23 6.36554 54 5 6.59803
4 160 1 22 16.0094 54 629 2.62347
4 160 2 23 31.435 54 10 1.33609
4 161 2 23 12.6311 54 118 3.32513
4 162 2 23 13.0378 54 70 3.2214
4 163 1 22 24.335 54 175 1.72591
4 163 2 23 16.8752 54 3 2.48886
4 164 2 23 82.5117 54 586 0.509018
4 165 2 23 54.62 54 266 0.768949
4 166 2 23 27.0731 54 161 1.55135
4 167 2 23 6.21736 54 7 6.75528
4 168 2 23 3.01918 54 24 13.9111
4 169 2 23 81.3833 54 96 0.516077
4 170 2 23 94.8126 54 36 0.442979
4 171 2 23 18.7729 54 41 2.23726
4 172 2 23 22.1258 54 16 1.89824
4 173 1 22 6.61621 54 1394 6.34805
4 173 2 23 113.875 54 251 0.368826
4 174 2 23 87.4445 54 89 0.480304
4 175 2 23 7.61049 54 2 5.5187
4 176 1 22 8.71158 54 50 4.82117
4 176 2 23 42.8706 54 59 0.979693
4 177 1 22 9.61081 54 523 4.37008
4 177 2 23 17.7083 54 70 2.37177
4 178 1 22 31.533 54 1018 1.33194
4 178 2 23 8.3043e-05 54 134 505762
4 179 2 23 41.1806 54 48 1.0199
4 180 1 22 35.2265 54 200 1.19228
4 180 2 23 1.23621 54 60 33.9749
4 181 1 22 23.7779 54 827 1.76634
4 181 2 23 50.277 54 76 0.835371
4 182 2 23 76.4395 54 45 0.549454
4 183 2 23 210.435 54 1136 0.199586
4 184 1 22 28.8477 54 291 1.45592
4 184 2 23 0.000230904 54 190 181894
4 185 2 23 110.568 54 267 0.379857
4 186 2 23 0.000211431 54 79 198646
4 187 2 23 7.11391 54 20 5.90393
5 2 5 17 7.95951 54 7 5.27671
5 3 5 17 10.941 54 3 3.83876
5 5 7 17 12.1461 54 5 3.4579
5 6 5 17 18.3134 54 11 2.2934
5 7 5 17 23.6799 54 34 1.77365
5 8 7 17 13.331 54 23 3.15055
5 9 7 17 0.000145701 54 104 288262
5 10 5 17 15.6872 54 39 2.67735
5 11 6 17 11.776 54 11 3.56659
5 12 7 17 18.872 54 108 2.22551
5 13 7 17 5.22233 54 19 8.04239
5 14 7 17 2.21633 54 117 18.9502
5 15 7 17 4.32487 54 5 9.71128
5 16 7 17 20.791 54 45 2.0201
5 17 7 17 28.9943 54 80 1.44856
5 20 7 17 8.68693 54 19 4.83485
5 21 7 17 2.36508 54 1 17.7584
5 23 7 17 4.78923 54 4 8.76968
5 27 7 17 3.55558 54 11 11.8124
5 28 7 17 3.56742 54 9 11.7732
5 29 7 17 0.337184 54 1 124.561
5 33 1 10 10.9616 54 126 3.83156
5 33 3 12 26.4412 54 3957 1.58843
5 34 1 10 4.53215 54 7 9.26712
5 34 3 12 16.5176 54 3375 2.54274
5 35 1 10 2.79628 54 25 15.0199
5 35 3 12 18.6974 54 3445 2.24631
5 36 1 10 9.09555 54 175 4.61764
5 36 3 12 26.6805 54 2391 1.57418
5 37 1 10 6.38789 54 154 6.57494
5 37 3 12 20.1221 54 2556 2.08726
5 38 1 10 7.92939 54 189 5.29675
5 38 3 12 21.0307 54 3614 1.99708
5 39 1 10 11.8297 54 100 3.5504
5 39 3 12 27.4994 54 2543 1.52731
5 40 1 10 8.05063 54 95 5.21698
5 40 3 12 44.3555 54 1540 0.946895
5 41 1 10 67.971 54 235 0.617911
5 41 3 12 45.0951 54 1312 0.931365
5 42 1 10 20.4911 54 411 2.04967
5 42 3 12 112.186 54 2347 0.374377
5 43 1 10 25.2679 54 1102 1.66219
5 43 3 12 160.144 54 1728 0.262264
5 44 1 10 46.9626 54 947 0.894329
5 44 3 12 58.6354 54 3435 0.716291
5 44 6 17 8.29627 54 3 5.06251
5 45 1 10 16.2968 54 724 2.57719
5 45 3 12 41.2708 54 2759 1.01767
5 46 1 10 22.2791 54 362 1.88518
5 46 3 12 62.3123 54 3902 0.674024
5 47 1 10 24.1178 54 162 1.74145
5 47 3 12 112.65 54 2286 0.372836
5 48 1 10 32.6296 54 617 1.28717
5 48 3 12 29.2679 54 1635 1.43502
5 49 1 10 48.4285 54 1413 0.867257
5 49 3 12 50.6932 54 2152 0.828513
5 50 1 10 58.128 54 658 0.722543
5 50 3 12 75.5689 54 1459 0.555784
5 51 1 10 26.486 54 1034 1.58574
5 51 3 12 46.0467 54 1032 0.912118
5 52 1 10 28.0878 54 1493 1.49531
5 52 3 12 56.185 54 1075 0.747531
5 53 1 10 17.2181 54 1218 2.4393
5 53 3 12 31.9842 54 1263 1.31315
5 53 4 13 32.5322 54 1426 1.29103
5 54 1 10 41.0608 54 839 1.02287
5 54 2 11 26.8288 54 2040 1.56548
5 54 3 12 54.1653 54 1046 0.775405
5 54 4 13 29.312 54 738 1.43286
5 55 1 10 43.2809 54 834 0.970404
5 55 2 11 77.9585 54 3208 0.538748
5 55 3 12 76.0338 54 377 0.552386
5 55 4 13 21.6408 54 2659 1.94077
5 56 1 10 33.0192 54 862 1.27199
5 56 2 11 24.2428 54 4235 1.73247
5 56 3 12 24.2752 54 515 1.73016
5 56 4 13 18.931 54 2555 2.21858
5 57 1 10 11.5096 54 4 3.64914
5 57 4 13 4.83603 54 3677 8.68482
5 58 1 10 25.5123 54 815 1.64626
5 58 3 12 12.6618 54 1890 3.31708
5 58 4 13 26.7488 54 9215 1.57017
5 59 1 10 72.5877 54 810 0.578611
5 59 3 12 25.0678 54 1561 1.67546
5 59 4 13 37.9212 54 16489 1.10756
5 60 1 10 82.673 54 1260 0.508025
5 60 3 12 21.6356 54 2826 1.94124
5 60 4 13 31.8114 54 12907 1.32028
5 61 1 10 56.7316 54 877 0.740328
5 61 3 12 19.1689 54 5114 2.19105
5 61 4 13 22.6639 54 13467 1.85316
5 62 1 10 57.2433 54 1116 0.73371
5 62 2 11 200.237 54 3511 0.209751
5 62 3 12 62.3334 54 884 0.673796
5 62 4 13 18.8835 54 19680 2.22417
5 63 1 10 33.1425 54 1310 1.26726
5 63 2 11 131.613 54 4056 0.319117
5 63 3 12 34.3188 54 651 1.22382
5 63 4 13 62.9275 54 16499 0.667435
5 64 1 10 49.5719 54 1700 0.847254
5 64 2 11 78.7165 54 3816 0.53356
5 64 3 12 38.2172 54 467 1.09898
5 64 4 13 46.0036 54 21384 0.912972
5 66 6 15 8.52761 54 161 4.92518
5 67 5 14 25.5593 54 408 1.64324
5 67 6 15 9.26762 54 96 4.53191
5 70 5 14 7.43113 54 111 5.6519
5 71 6 15 20.7347 54 84 2.02559
5 73 4 13 13.9419 54 258 3.0125
5 74 4 13 8.3404 54 619 5.03573
5 75 4 13 2.91431 54 1291 14.4116
5 76 4 13 0.787272 54 1236 53.3488
5 78 5 14 73.915 54 773 0.56822
5 78 6 15 120.367 54 1152 0.348932
5 79 4 13 9.08239 54 755 4.62433
5 80 4 13 3.07741 54 345 13.6478
5 82 3 12 5.96727 54 103 7.0384
5 85 1 10 82.1034 54 14963 0.51155
5 85 3 12 95.5978 54 11961 0.439341
5 86 1 10 52.5506 54 16437 0.79923
5 86 3 12 153.833 54 9969 0.273024
5 87 1 10 62.6953 54 16367 0.669907
5 87 3 12 54.7139 54 10233 0.767629
5 88 1 10 97.6886 54 13579 0.429937
5 88 3 12 283.241 54 7450 0.148284
5 89 1 10 48.0728 54 16615 0.873675
5 89 3 12 66.2996 54 9794 0.633488
5 90 1 10 102.977 54 16805 0.407858
5 90 3 12 65.974 54 8121 0.636614
5 91 1 10 130.398 54 13262 0.322092
5 91 3 12 114.638 54 7580 0.366371
5 92 1 10 46.8118 54 10947 0.89721
5 92 3 12 82.8621 54 7253 0.506866
5 94 5 14 10.6254 54 46.9155 3.95281
5 99 5 14 93.1415 54 905.681 0.450927
5 99 6 15 65.3678 54 500.874 0.642518
5 100 5 14 17.5159 54 441.75 2.39782
5 101 1 10 22.2443 54 1341 1.88812
5 101 3 12 55.7102 54 3829 0.753901
5 101 5 14 14.9685 54 61.4007 2.8059
5 101 6 15 37.1428 54 40.0001 1.13077
5 102 1 10 35.0174 54 1792 1.1994
5 102 3 12 119.012 54 4948 0.352907
5 103 1 10 11.6239 54 2598 3.61326
5 103 3 12 94.2642 54 4751 0.445556
5 104 1 10 14.9193 54 759 2.81515
5 104 3 12 41.022 54 664 1.02384
5 105 1 10 4.98687 54 219 8.42211
5 105 3 12 42.2041 54 1266 0.995163
5 106 1 10 45.1122 54 982 0.931013
5 106 3 12 113.944 54 3552 0.368603
5 107 1 10 28.7526 54 2359 1.46074
5 107 3 12 130.635 54 6106 0.321506
5 108 1 10 19.2183 54 39 2.18542
5 108 3 12 29.4518 54 2329 1.42606
5 109 1 10 78.3738 54 532 0.535893
5 109 3 12 57.1284 54 3491 0.735186
5 109 5 14 4.97572 54 87.9746 8.44098
5 109 6 15 14.3365 54 180 2.92958
5 110 1 10 51.9105 54 132 0.809085
5 110 3 12 38.2371 54 3037 1.09841
5 110 6 15 24.2389 54 336.926 1.73275
5 110 7 17 6.34723e-08 54 1 6.61706e+08
5 111 1 10 22.724 54 53 1.84827
5 111 3 12 42.6177 54 137 0.985507
5 112 1 10 0.320842 54 64 130.906
5 112 3 12 2.48744 54 128 16.8848
5 113 1 10 38.7787 54 674 1.08307
5 113 3 12 94.3905 54 2935 0.44496
5 114 1 10 21.6283 54 574 1.9419
5 114 3 12 156.176 54 3780 0.268927
5 114 5 14 17.6108 54 34 2.3849
5 115 1 10 28.5861 54 858 1.46925
5 115 3 12 42.3409 54 4460 0.991949
5 116 1 10 34.1061 54 468 1.23145
5 116 3 12 69.6573 54 3401 0.602952
5 117 1 10 36.2799 54 575 1.15767
5 117 3 12 34.8891 54 4648 1.20382
5 118 1 10 43.6584 54 302 0.962014
5 118 3 12 64.7842 54 6853 0.648307
5 119 1 10 16.0933 54 505 2.60978
5 119 3 12 131.922 54 5094 0.318371
5 120 1 10 8.74799 54 438 4.8011
5 120 3 12 101.708 54 2824 0.412946
5 121 1 10 7.5723 54 340 5.54653
5 121 3 12 66.0677 54 3576 0.635712
5 122 1 10 10.5779 54 268 3.97055
5 122 3 12 68.6279 54 5519 0.611996
5 123 1 10 14.7345 54 256 2.85046
5 123 3 12 14.1444 54 2935 2.96937
5 124 1 10 31.7095 54 345 1.32453
5 124 3 12 37.3009 54 273 1.12598
5 125 1 10 29.2086 54 203 1.43793
5 125 3 12 11.709 54 1210 3.58698
5 126 1 10 54.6403 54 419 0.768664
5 126 3 12 39.0007 54 2806 1.0769
5 126 5 14 26.5758 54 163.608 1.58039
5 126 6 15 98.3488 54 937.36 0.427051
5 127 1 10 57.8365 54 182 0.726185
5 127 3 12 58.4811 54 2378 0.71818
5 127 6 15 77.6688 54 365 0.540757
5 128 1 10 25.8801 54 85 1.62287
5 128 3 12 71.9315 54 5386 0.583889
5 129 1 10 0.534026 54 105 78.6479
5 129 3 12 86.8641 54 2872 0.483514
5 130 1 10 9.52113 54 5 4.41124
5 130 3 12 99.4192 54 905 0.422454
5 131 3 12 55.2021 54 1011 0.760841
5 131 5 14 39.4914 54 868.264 1.06352
5 132 1 10 9.06945 54 4 4.63093
5 132 3 12 21.1115 54 1148 1.98944
5 133 1 10 96.2015 54 1890 0.436584
5 133 3 12 42.2225 54 5602 0.994731
5 134 1 10 72.4768 54 896 0.579496
5 134 3 12 79.5656 54 6326 0.527866
5 134 5 14 20.3789 54 320.219 2.06096
5 135 1 10 41.2326 54 1290 1.01861
5 135 3 12 161.62 54 7658 0.259869
5 136 1 10 41.6458 54 1324 1.0085
5 136 3 12 49.1956 54 3929 0.853735
5 136 5 14 40.1228 54 49.5678 1.04679
5 136 8 17 6.41052 54 3 6.55174
5 137 1 10 42.6557 54 1465 0.984627
5 137 3 12 139.928 54 3520 0.300154
5 137 5 14 24.53 54 68.2079 1.71219
5 137 8 17 2.76276 54 1 15.2022
5 138 1 10 78.2924 54 1128 0.53645
5 138 3 12 57.7111 54 6594 0.727762
5 138 5 14 18.734 54 539.127 2.24191
5 138 6 15 10.5971 54 73.0001 3.96335
5 139 1 10 32.3609 54 1301 1.29786
5 139 3 12 139.56 54 9029 0.300947
5 140 1 10 116.296 54 1736 0.361147
5 140 3 12 68.1621 54 6788 0.616178
5 141 1 10 74.2452 54 1326 0.565693
5 141 3 12 53.7744 54 5030 0.78104
5 142 1 10 21.193 54 1041 1.98179
5 142 3 12 142.117 54 6059 0.295532
5 142 6 15 22.4029 54 30 1.87476
5 143 1 10 75.7 54 988 0.554822
5 143 3 12 65.2354 54 6914 0.643822
5 144 1 10 112.412 54 1290 0.373625
5 144 3 12 46.8625 54 4145 0.896239
5 144 8 17 0.22171 54 1 189.436
5 145 1 10 56.3917 54 1322 0.744791
5 145 3 12 61.626 54 4153 0.68153
5 145 8 17 2.56046 54 1 16.4033
5 146 1 10 61.1717 54 890 0.686592
5 146 3 12 68.8403 54 6133 0.610108
5 147 1 10 28.6335 54 999 1.46681
5 147 3 12 74.0059 54 6221 0.567523
5 148 1 10 64.8569 54 1010 0.64758
5 148 3 12 55.8641 54 6611 0.751825
5 149 1 10 69.8842 54 2559 0.600994
5 149 3 12 34.5494 54 4645 1.21565
5 150 1 10 157.787 54 1636 0.266182
5 150 3 12 80.6955 54 5894 0.520475
5 151 1 10 63.7006 54 1911 0.659334
5 151 3 12 72.4843 54 1709 0.579436
5 152 1 10 58.3301 54 4312 0.72004
5 152 3 12 30.8808 54 3296 1.36007
5 153 1 10 22.7474 54 2421 1.84637
5 153 2 11 53.5674 54 975 0.784059
5 153 3 12 28.8998 54 2524 1.4533
5 153 4 13 27.1243 54 5606 1.54843
5 153 5 15 128.318 54 62.4888 0.327312
5 153 6 16 2.12328 54 3 19.7807
5 154 1 10 82.5759 54 2489 0.508623
5 154 2 11 63.0091 54 293 0.666571
5 154 3 12 21.1738 54 21104 1.98358
5 154 4 13 46.3644 54 1851 0.905868
5 154 5 14 36.4797 54 1053.48 1.15132
5 155 1 10 55.8702 54 3306 0.751742
5 155 3 12 46.5217 54 31032 0.902804
5 155 4 13 109.153 54 8295 0.384779
5 156 1 10 84.3103 54 3691 0.49816
5 156 2 11 92.3803 54 268 0.454642
5 156 3 12 63.1186 54 34152 0.665414
5 156 4 13 234.945 54 8919 0.178765
5 156 5 14 10.2421 54 85.652 4.10072
5 157 1 10 118.688 54 3345 0.353868
5 157 2 11 56.6526 54 2866 0.74136
5 157 3 12 82.8461 54 22897 0.506964
5 157 4 13 55.6827 54 2502 0.754273
5 158 1 10 116.588 54 4866 0.360242
5 158 2 11 144.498 54 1545 0.290662
5 158 3 12 47.3991 54 37681 0.886092
5 158 4 13 70.4561 54 1621 0.596116
5 159 1 10 72.8753 54 3866 0.576327
5 159 2 11 81.3855 54 1582 0.516062
5 159 3 12 42.6786 54 32308 0.984101
5 159 4 13 25.5357 54 919 1.64475
5 159 7 16 91.4092 54 2799 0.459473
5 160 1 10 54.1565 54 7075 0.775531
5 160 2 11 45.2944 54 5331 0.927268
5 160 3 12 78.2736 54 20662 0.53658
5 160 4 13 34.564 54 4080 1.21514
5 160 6 16 61.0631 54 4812 0.687813
5 161 1 10 51.1982 54 5141 0.820342
5 161 2 11 50.6983 54 1917 0.82843
5 161 3 12 52.7415 54 12789 0.796337
5 161 4 13 170.571 54 5219 0.246232
5 161 7 16 53.5851 54 6269 0.783799
5 161 8 17 9.10129 54 31 4.61473
5 162 1 10 103.979 54 6541 0.403928
5 162 2 11 36.6597 54 558 1.14567
5 162 3 12 40.7302 54 18112 1.03118
5 162 4 13 29.8719 54 186 1.406
5 162 5 14 55.0155 54 591.123 0.763422
5 162 7 16 185.938 54 9903 0.225881
5 162 8 17 2.38298 54 1 17.625
5 163 1 10 43.715 54 12605 0.960769
5 163 2 11 71.5827 54 957 0.586734
5 163 3 12 58.2848 54 20045 0.720599
5 163 4 13 138.262 54 5901 0.303772
5 163 5 15 33.7557 54 154.059 1.24423
5 163 6 16 97.7438 54 10147 0.429695
5 164 1 10 33.0146 54 7879 1.27217
5 164 2 11 191.725 54 2298 0.219064
5 164 3 12 76.8564 54 35381 0.546473
5 164 4 13 138.376 54 1232 0.303522
5 164 5 14 15 54 519.267 2.8
5 164 7 16 217.008 54 10422 0.193541
5 165 1 10 19.3489 54 15651 2.17067
5 165 2 11 79.6845 54 2755 0.527079
5 165 3 12 47.1752 54 61525 0.890299
5 165 4 13 155.087 54 2961 0.270816
5 165 5 15 38.6946 54 39.9999 1.08542
5 165 6 16 179.759 54 9995 0.233646
5 166 1 10 36.4603 54 14364 1.15194
5 166 2 11 99.9024 54 1466 0.42041
5 166 3 12 55.3736 54 76078 0.758485
5 166 4 13 158.099 54 4054 0.265657
5 166 5 14 31.5466 54 1638.07 1.33137
5 166 6 15 64.2143 54 511 0.65406
5 166 7 16 133.523 54 11227 0.314553
5 166 8 17 14.3462 54 6 2.9276
5 167 1 10 31.9906 54 9812 1.31289
5 167 2 11 109.618 54 1039 0.383149
5 167 3 12 105.556 54 32022 0.397893
5 167 4 13 138.914 54 5964 0.302344
5 167 5 15 13.6825 54 139.238 3.06961
5 167 6 16 127.125 54 10684 0.330383
5 167 7 17 9.09589 54 13 4.61747
5 168 1 10 20.3943 54 11604 2.0594
5 168 2 11 63.9307 54 1254 0.656962
5 168 3 12 98.4897 54 93684 0.426441
5 168 4 13 59.6056 54 116 0.704632
5 168 5 16 74.1539 54 11233 0.566389
5 168 6 17 3.18402 54 2 13.1909
5 169 1 10 82.5964 54 2634 0.508497
5 169 2 11 18.8911 54 440 2.22327
5 169 3 12 107.464 54 135502 0.390828
5 169 4 13 87.1999 54 7276 0.481652
5 169 5 14 31.8491 54 1000 1.31872
5 169 6 15 1.33217 54 84.169 31.5276
5 169 7 16 154.644 54 9564 0.271592
5 170 1 10 110.511 54 8805 0.380051
5 170 2 11 20.3737 54 386 2.06148
5 170 3 12 54.0186 54 240907 0.777509
5 170 4 13 98.3889 54 5821 0.426877
5 170 5 14 74.426 54 2000 0.564319
5 170 6 15 64.7889 54 1797.25 0.64826
5 170 7 16 152.932 54 24913 0.274632
5 171 1 10 99.6521 54 13650 0.421466
5 171 2 11 26.9722 54 392 1.55716
5 171 3 12 198.653 54 44365 0.211424
5 171 4 13 114.663 54 4294 0.366291
5 171 6 16 134.775 54 22787 0.311631
5 171 7 17 7.53617 54 2 5.57312
5 172 1 10 49.2227 54 10851 0.853266
5 172 2 11 13.2432 54 331 3.17143
5 172 3 12 243.777 54 106916 0.172289
5 172 4 13 115.533 54 5155 0.363532
5 172 6 16 135.866 54 14841 0.309129
5 173 1 10 39.1474 54 6151 1.07287
5 173 2 11 83.2066 54 427 0.504768
5 173 3 12 46.6637 54 131732 0.900058
5 173 4 13 45.8244 54 182 0.916543
5 173 7 17 7.32166 54 6 5.73641
5 174 1 10 158.6 54 6401 0.264818
5 174 2 11 43.6794 54 1373 0.961552
5 174 3 12 44.9826 54 123184 0.933694
5 174 4 13 98.3658 54 283 0.426978
5 174 5 14 21.6398 54 1278 1.94087
5 174 8 17 29.4228 54 9 1.42747
5 175 1 10 89.9263 54 9603 0.467049
5 175 2 11 70.648 54 3251 0.594497
5 175 3 12 190.022 54 33421 0.221027
5 175 4 13 104.306 54 877 0.402662
5 175 6 17 30.0397 54 27 1.39815
5 176 1 10 168.667 54 1080 0.249012
5 176 2 11 99.9613 54 837 0.420163
5 176 3 12 82.4489 54 58244 0.509406
5 176 4 13 14.6342 54 88 2.86999
5 176 5 14 77.451 54 1000 0.542278
5 176 7 17 7.53796 54 6 5.5718
5 177 1 10 85.4197 54 9584 0.49169
5 177 2 11 43.4443 54 365 0.966754
5 177 3 12 137.741 54 48012 0.304919
5 177 4 13 60.5253 54 2940 0.693925
5 177 6 16 136.378 54 25131 0.307968
5 178 1 10 153.286 54 9259 0.273997
5 178 2 11 23.6217 54 279 1.77803
5 178 3 12 165.428 54 43453 0.253887
5 178 4 13 15.5205 54 53 2.7061
5 178 5 14 56.3625 54 1387.52 0.745177
5 178 7 16 114.76 54 27087 0.365983
5 179 1 10 71.7011 54 9165 0.585765
5 179 2 11 48.8508 54 709 0.85976
5 179 3 12 262.326 54 35704 0.160106
5 179 5 14 7.81304 54 139.708 5.37563
5 179 6 15 78.3822 54 507.621 0.535836
5 179 7 16 139.683 54 23577 0.300682
5 179 8 17 2.39954e-05 54 19 1.75034e+06
5 180 1 10 98.8534 54 9522 0.424872
5 180 2 11 154.16 54 532 0.272444
5 180 3 12 310.871 54 64491 0.135104
5 180 4 13 22.2486 54 441 1.88776
5 180 5 14 77.2355 54 1000 0.543792
5 180 7 16 126.045 54 22120 0.333215
5 180 8 17 13.782 54 17 3.04745
5 181 1 10 215.585 54 8737 0.194819
5 181 2 11 37.8915 54 148 1.10843
5 181 3 12 383.151 54 46894 0.109617
5 181 4 13 119.886 54 3589 0.350333
5 181 5 14 87.1389 54 1276.68 0.481989
5 181 6 15 16.2068 54 501.948 2.5915
5 181 7 16 87.8266 54 22321 0.478215
5 181 8 17 22.4947 54 41 1.86711
5 182 1 10 182.379 54 8898 0.230289
5 182 2 11 40.4998 54 624 1.03704
5 182 3 12 515.175 54 49205 0.0815256
5 182 4 13 128.067 54 5669 0.327954
5 182 5 14 23.491 54 611.789 1.78792
5 182 6 15 56.5031 54 1000 0.743322
5 182 7 16 103.411 54 23832 0.406146
5 182 8 17 7.23009 54 28 5.80905
5 183 1 10 111.44 54 14967 0.376884
5 183 2 11 166.008 54 577 0.253
5 183 3 12 60.274 54 60411 0.696818
5 183 4 13 109.758 54 2636 0.382659
5 183 5 14 19.2984 54 275.066 2.17635
5 183 6 15 38.8702 54 1960 1.08052
5 183 7 16 92.4327 54 22259 0.454385
5 183 8 17 44.5441 54 26 0.942886
5 184 1 10 75.5039 54 13029 0.556263
5 184 2 11 57.289 54 106 0.733125
5 184 3 12 105.382 54 139514 0.398551
5 184 4 13 52.7674 54 2612 0.795946
5 184 5 14 104.556 54 1630.28 0.401699
5 184 6 15 44.1309 54 429.076 0.951714
5 184 7 16 86.2664 54 21839 0.486864
5 185 1 10 120.886 54 10956 0.347435
5 185 2 11 197.88 54 839 0.21225
5 185 3 12 342.934 54 56723 0.122473
5 185 4 13 130.873 54 1054 0.320921
5 185 5 14 94.1855 54 1000 0.445929
5 185 6 15 43.4849 54 219.988 0.965853
5 185 8 17 6.46294 54 4 6.49859
5 186 1 10 204.086 54 9401 0.205796
5 186 2 11 90.9187 54 389 0.461951
5 186 3 12 229.311 54 66287 0.183158
5 186 4 13 77.4479 54 2236 0.5423
5 186 5 14 79.0652 54 1468 0.531207
5 186 6 15 53.4176 54 2529.33 0.786257
5 186 8 17 3.00855 54 2 13.9602
5 187 1 10 150.37 54 17021 0.279311
5 187 2 11 209.85 54 467 0.200143
5 187 3 12 175.671 54 52164 0.239083
5 187 4 13 106.399 54 4321 0.394739
5 187 5 15 14.467 54 105.702 2.90317
5 187 7 17 4.33526 54 1 9.68801
5 188 1 10 212.902 54 16407 0.197274
5 188 2 11 83.8948 54 290 0.500627
5 188 3 12 132.606 54 161620 0.316727
5 188 4 13 73.8451 54 2305 0.568758
5 188 5 14 87.9245 54 1080.52 0.477683
5 188 6 15 23.6327 54 388 1.7772
6 1 1 18 28.4822 54 4932 1.4746
6 1 2 21 3.26393 54 9 12.8679
6 2 1 18 25.1761 54 6171 1.66825
6 2 2 21 0.000673344 54 120 62375.2
6 3 1 18 47.0205 54 5603 0.893227
6 3 2 21 36.1428 54 162 1.16206
6 4 1 18 50.6069 54 1828 0.829926
6 4 4 21 36.6137 54 362 1.14711
6 5 4 21 4.5192 54 4 9.29369
6 6 4 21 21.9013 54 25 1.91769
6 7 2 21 52.5557 54 513 0.799153
6 8 1 18 35.0657 54 1628 1.19775
6 8 4 21 44.285 54 240 0.948402
6 9 1 18 20.559 54 1513 2.0429
6 9 4 21 11.9313 54 24 3.52015
6 10 1 18 23.8378 54 2389 1.76191
6 10 2 21 14.7496 54 6 2.84754
6 11 1 18 21.9256 54 3614 1.91557
6 11 3 21 0.000716461 54 321 58621.5
6 12 1 18 18.1256 54 2312 2.31716
6 12 4 21 3.94497 54 262 10.6465
6 13 1 18 39.1384 54 2156 1.07311
6 13 4 21 9.01894 54 11 4.65687
6 14 1 18 20.1177 54 4554 2.08772
6 14 3 21 33.3688 54 92 1.25866
6 15 1 18 24.8668 54 7052 1.689
6 15 3 21 15.8619 54 65 2.64785
6 16 1 18 59.1174 54 1622 0.710451
6 16 4 21 12.519 54 263 3.35491
6 17 1 18 60.1764 54 8039 0.697948
6 17 4 21 5.08063 54 34 8.26669
6 18 1 18 41.3144 54 11963 1.01659
6 19 1 18 21.2486 54 8039 1.9766
6 19 3 21 63.968 54 106 0.656578
6 20 1 18 31.7072 54 7923 1.32462
6 20 4 21 52.0208 54 149 0.80737
6 21 1 18 27.4418 54 5727 1.53051
6 21 4 21 2.80343 54 2 14.9817
6 22 1 18 21.7318 54 18621 1.93265
6 23 1 18 23.7522 54 42920 1.76826
6 23 4 21 32.7559 54 84 1.28221
6 24 1 18 31.9913 54 11949 1.31286
6 24 4 21 53.9611 54 60 0.778339
6 25 1 18 46.428 54 5651 0.904626
6 26 1 18 34.7959 54 13722 1.20704
6 26 4 21 17.8397 54 32 2.35429
6 27 1 18 99.67 54 19311 0.42139
6 27 3 21 10.329 54 4 4.06622
6 28 1 18 64.2174 54 13526 0.654028
6 28 3 21 4.43861 54 17 9.46243
6 29 1 18 21.533 54 2000 1.95049
6 30 1 18 35.8572 54 17499 1.17131
6 31 1 18 17.3018 54 6000 2.42749
6 32 1 18 28.218 54 6336 1.48841
6 33 1 18 21.1999 54 3998 1.98114
6 34 1 18 66.5227 54 8708 0.631364
6 35 1 18 84.3269 54 6000 0.498061
6 36 1 18 82.955 54 4002 0.506298
6 51 1 18 45.5876 54 1321 0.921303
6 52 1 18 23.84 54 1350 1.76175
6 53 1 18 18.5144 54 945 2.2685
6 54 1 18 30.5588 54 2841 1.3744
6 55 1 18 47.1467 54 3193 0.890837
6 56 1 18 43.1069 54 2011 0.974322
6 58 1 18 69.5235 54 1994 0.604112
6 59 1 18 74.7685 54 422 0.561734
6 61 1 18 74.5642 54 641 0.563273
6 62 1 18 102.711 54 998 0.408916
6 63 1 18 51.8289 54 182 0.810359
6 67 1 18 38.1269 54 608 1.10158
6 68 1 18 36.6263 54 188 1.14672
6 68 2 19 59.1348 54 687 0.710241
6 68 3 20 76.283 54 833 0.550581
6 69 1 18 264.667 54 2401 0.15869
6 69 2 19 42.3607 54 2598 0.991485
6 69 3 20 129.72 54 1680 0.323775
6 70 1 18 111.8 54 755 0.375669
6 70 2 19 32.9761 54 3232 1.27365
6 70 3 20 49.0228 54 1204 0.856744
6 71 1 18 25.1743 54 5056 1.66836
6 71 3 20 38.3013 54 1795 1.09657
6 72 1 18 24.0569 54 596 1.74586
6 72 2 19 10.2016 54 408 4.117
6 72 3 20 11.9875 54 2345 3.50366
6 73 1 18 90.4917 54 6884 0.464131
6 73 2 19 15.8904 54 244 2.64311
6 73 3 20 14.5048 54 187 2.8956
6 74 1 18 108.366 54 8659 0.387574
6 74 2 19 40.1589 54 457 1.04584
6 74 3 20 40.295 54 1056 1.04231
6 75 1 18 64.7905 54 50 0.648243
6 75 2 19 11.8027 54 50 3.55852
6 76 1 18 57.6293 54 2101 0.728796
6 76 3 20 71.8063 54 635 0.584907
6 77 1 18 93.9588 54 9794 0.447004
6 77 2 19 74.7975 54 1534 0.561516
6 77 3 20 84.5719 54 2658 0.496619
6 78 1 18 8.79332 54 4485 4.77635
6 78 2 19 57.8154 54 1193 0.72645
6 78 3 20 45.373 54 1484 0.925661
6 79 1 18 23.1477 54 2523 1.81444
6 80 1 18 47.2168 54 6925 0.889513
6 80 3 20 16.2257 54 72 2.58848
6 81 1 18 70.1207 54 783 0.598967
6 81 2 19 24.2433 54 271 1.73244
6 81 3 20 45.7721 54 226 0.917589
6 82 1 18 54.0825 54 2446 0.776591
6 83 1 18 15.3228 54 99 2.74101
6 84 1 18 43.191 54 1173 0.972425
6 85 2 19 28.6859 54 451 1.46413
6 85 3 20 39.5342 54 152 1.06237
6 87 3 20 44.1676 54 99.9998 0.950924
6 88 2 19 32.7581 54 472.805 1.28213
6 88 3 20 15.8656 54 249.615 2.64723
6 89 2 19 62.2787 54 535.445 0.674388
6 89 3 20 83.5741 54 166.957 0.502548
6 90 1 18 36.6408 54 38 1.14626
6 90 2 19 111.068 54 679.387 0.378147
6 91 1 18 49.0728 54 927 0.855872
6 91 2 19 2.75128 54 66.3381 15.2656
6 92 1 18 65.2035 54 51 0.644138
6 93 1 18 29.6444 54 254 1.41679
6 93 2 19 21.7497 54 620 1.93106
6 93 3 20 9.82594 54 406 4.2744
6 94 1 18 49.0947 54 850 0.855489
6 94 2 19 43.9265 54 2188.42 0.956144
6 94 3 20 32.7252 54 1074 1.28342
6 95 2 19 43.7192 54 1232 0.960676
6 95 3 20 1.4423 54 1211.82 29.1202
6 96 1 18 22.1888 54 1049 1.89285
6 96 2 19 17.2631 54 485.282 2.43293
6 96 3 20 26.5362 54 1096.2 1.58274
6 96 4 21 12.3425 54 6 3.40286
6 97 2 19 18.0574 54 1787.28 2.32592
6 97 3 20 12.1319 54 524 3.46194
6 98 1 18 42.3628 54 3397 0.991437
6 98 2 19 32.1109 54 737.792 1.30797
6 98 3 20 21.2871 54 825.838 1.97303
6 98 4 21 8.51147 54 21 4.93451
6 99 2 19 41.0524 54 1047.07 1.02308
6 99 3 20 28.3887 54 37.7751 1.47946
6 100 1 18 11.8163 54 121 3.55441
6 100 2 19 27.7624 54 1351.26 1.51284
6 101 2 19 26.8416 54 1761.99 1.56474
6 101 3 20 22.3411 54 1603.07 1.87994
6 101 4 21 15.9313 54 5 2.63632
6 102 2 19 39.1316 54 616.063 1.0733
6 103 2 19 41.8885 54 579.289 1.00266
6 104 2 19 24.6763 54 583.834 1.70203
6 104 3 20 11.3371 54 63.454 3.70467
6 104 4 21 5.49041 54 2 7.64971
6 105 2 19 46.1256 54 1073.68 0.910556
6 106 1 18 61.872 54 1470 0.678821
6 106 2 19 69.5234 54 3198.44 0.604113
6 106 3 20 46.6269 54 962.696 0.900767
6 107 1 18 91.5455 54 14620 0.458788
6 107 2 19 64.5385 54 847.895 0.650775
6 108 1 18 41.4682 54 2238 1.01282
6 108 2 19 37.9155 54 322.241 1.10773
6 109 2 19 43.0653 54 790.034 0.975263
6 109 3 20 42.3959 54 508.258 0.990661
6 110 1 18 61.5703 54 13270 0.682147
6 110 2 19 33.0152 54 1586.18 1.27214
6 110 3 20 22.8115 54 58.55 1.84118
6 111 2 19 32.6936 54 1047.24 1.28465
6 111 3 20 16.4781 54 37.0275 2.54883
6 112 1 18 56.185 54 3398 0.747531
6 112 2 19 7.07401 54 69.6155 5.93723
6 112 4 21 6.7284 54 2 6.2422
6 113 1 18 121.007 54 3384 0.347087
6 113 2 19 29.8215 54 2295.88 1.40838
6 113 3 20 33.2595 54 1323.83 1.2628
6 114 1 18 97.5958 54 3013 0.430346
6 114 2 19 50.5462 54 1826.58 0.830923
6 114 3 20 11.6144 54 1024.6 3.61621
6 114 4 21 25.8485 54 29 1.62485
6 115 1 19 17.3627 54 105.274 2.41898
6 115 2 20 13.544 54 327.704 3.10101
6 116 1 19 29.7199 54 122.88 1.41319
6 116 3 21 5.71861 54 2 7.34444
6 117 2 19 45.5206 54 944.658 0.92266
6 117 3 20 53.1859 54 380.999 0.789683
6 118 2 19 81.1642 54 995.299 0.51747
6 118 4 21 12.2352 54 7 3.43273
6 119 2 19 79.5097 54 2139.63 0.528237
6 119 4 21 5.67337 54 6 7.403
6 120 2 19 111.747 54 2379.96 0.375848
6 120 3 20 93.1396 54 2951.55 0.450936
6 120 4 21 8.16075 54 6 5.14658
6 121 1 18 116.782 54 4368 0.359644
6 121 2 19 51.0887 54 3748.78 0.822099
6 121 3 20 27.5853 54 384.839 1.52255
6 121 4 21 5.62523 54 2 7.46637
6 122 1 18 63.874 54 16024 0.657545
6 122 2 19 75.2497 54 3453.88 0.558142
6 122 3 20 25.1396 54 1141.42 1.67067
6 122 4 21 24.3585 54 9 1.72424
6 123 1 18 47.9766 54 7216 0.875426
6 123 2 19 71.2708 54 3000 0.589302
6 123 3 20 18.1257 54 630.412 2.31716
6 123 4 21 23.6865 54 16 1.77316
6 124 1 18 83.3032 54 9210 0.504182
6 124 2 19 115.76 54 4437.27 0.362819
6 124 3 20 45.5502 54 605.348 0.922059
6 124 4 21 84.2694 54 30 0.498402
6 125 1 18 41.735 54 12042 1.00635
6 125 2 19 128.321 54 5283.51 0.327303
6 125 3 20 21.2183 54 2420.23 1.97942
6 125 4 21 1.60028 54 15 26.2455
6 126 1 18 93.8355 54 5489 0.447592
6 126 2 19 152.33 54 2788.3 0.275717
6 126 3 20 105.509 54 2152 0.398071
6 126 4 21 23.8193 54 13 1.76328
6 127 1 18 82.8863 54 20238 0.506718
6 127 2 19 25.4639 54 2174.77 1.64939
6 127 3 20 56.8111 54 199.336 0.739292
6 127 4 21 78.224 54 34 0.53692
6 128 2 19 33.2667 54 1651.18 1.26252
6 128 3 20 43.4821 54 498.421 0.965915
6 128 4 21 7.40397e-05 54 54 567264
6 129 2 19 44.5072 54 4000 0.943669
6 129 3 20 15.1618 54 675.047 2.77012
6 129 4 21 7.89725 54 3 5.3183
6 130 2 19 53.1958 54 3865.4 0.789535
6 130 3 20 4.93987 54 402.887 8.50226
6 130 4 21 22.4082 54 70 1.87431
6 131 2 19 82.1445 54 2947.03 0.511294
6 131 3 20 27.9377 54 819.233 1.50335
6 131 4 21 35.4341 54 43 1.1853
6 132 2 19 54.1091 54 4134.58 0.776209
6 132 3 20 32.0413 54 2486.48 1.31081
6 132 4 21 2.66973 54 6 15.7319
6 133 1 18 38.8121 54 784 1.08214
6 133 2 19 45.1086 54 3579.6 0.931087
6 133 3 20 47.5814 54 2168.15 0.882699
6 133 4 21 1.8975e-08 54 1 2.21343e+09
6 134 2 19 57.6096 54 4000 0.729045
6 134 3 20 42.06 54 704.236 0.998574
6 134 4 21 3.90242 54 3 10.7626
6 135 2 19 104.99 54 3675.5 0.400037
6 135 3 20 56.576 54 2143.76 0.742365
6 135 4 21 40.2274 54 105 1.04406
6 136 2 19 92.0742 54 4516.86 0.456154
6 136 3 20 23.2878 54 2764.69 1.80352
6 136 4 21 28.5153 54 77 1.47289
6 137 2 19 42.5509 54 4954.12 0.987054
6 137 3 20 19.7617 54 2340.49 2.12532
6 137 4 21 1.43296 54 9 29.3099
6 138 2 19 130.769 54 4827.01 0.321178
6 138 3 20 44.11 54 2978.39 0.952165
6 138 4 21 1.85591e-05 54 233 2.26304e+06
6 139 1 18 40.7773 54 3107 1.02998
6 139 2 19 44.3904 54 3000 0.94615
6 139 3 20 34.2866 54 550.041 1.22497
6 139 4 21 13.9191 54 4 3.01743
6 140 2 19 74.8746 54 4128.69 0.560938
6 140 3 20 39.4779 54 2629.92 1.06389
6 140 4 21 61.1687 54 71 0.686625
6 141 2 19 86.7924 54 4231.28 0.483913
6 141 3 20 76.1362 54 3839.53 0.551643
6 141 4 21 25.5922 54 45 1.64113
6 142 2 19 55.239 54 3561.66 0.760332
6 142 3 20 77.7057 54 3205.2 0.540501
6 142 4 21 45.1776 54 22 0.929665
6 143 2 19 61.8472 54 3637.14 0.679093
6 143 3 20 48.9941 54 1043.96 0.857246
6 144 2 19 140.668 54 3262 0.298574
6 144 3 20 75.1734 54 2953.01 0.558708
6 144 4 21 3.39712 54 3 12.3634
6 145 2 19 93.6897 54 3488.12 0.448288
6 145 3 20 47.7632 54 2716.3 0.879339
6 146 2 19 89.8722 54 4653.01 0.467331
6 146 3 20 94.7647 54 3565.18 0.443203
6 146 4 21 9.39202e-05 54 89 447188
6 147 2 19 63.4361 54 3225.09 0.662083
6 147 3 20 11.1067 54 1001.38 3.78149
6 147 4 21 14.3701 54 10 2.92274
6 148 2 19 102.282 54 3999.04 0.410628
6 148 3 20 23.8537 54 3119.29 1.76074
6 148 4 21 16.4343 54 24 2.55564
6 149 2 19 47.9725 54 4967.21 0.875502
6 149 3 20 89.6196 54 2584.74 0.468648
6 149 4 21 15.656 54 26 2.68267
6 150 1 19 62.5551 54 4732.4 0.671409
6 150 2 20 45.5769 54 3480.33 0.92152
6 151 1 19 34.1898 54 3000 1.22844
6 151 2 20 14.1185 54 1745.17 2.97482
6 151 3 21 13.3404 54 22 3.14832
6 152 1 19 66.6564 54 3761.93 0.630097
6 152 2 20 42.0087 54 2943.72 0.999792
6 152 3 21 19.2633 54 63 2.18031
6 153 1 19 83.4638 54 5208.12 0.503212
6 153 2 20 81.1566 54 5732.16 0.517518
6 153 3 21 7.36711 54 7 5.70102
6 154 1 19 96.2871 54 4114.28 0.436195
6 154 2 20 81.852 54 4180.52 0.513121
6 155 1 19 75.5319 54 2513.3 0.556057
6 155 2 20 133.925 54 3979.96 0.313608
6 155 3 21 16.6155 54 27 2.52776
6 156 1 19 227.435 54 5959.58 0.184668
6 156 2 20 266.107 54 5935.76 0.157831
6 156 3 21 12.4128 54 29 3.38361
6 157 2 19 300.491 54 5593.17 0.139771
6 157 3 20 244.867 54 5211.89 0.171522
6 157 4 21 32.8788 54 71 1.27742
6 158 2 19 96.4802 54 5050.8 0.435322
6 158 3 20 86.1787 54 3447.67 0.48736
6 158 4 21 11.1299 54 22 3.77363
6 159 2 19 56.4177 54 3988.31 0.744447
6 159 3 20 66.4213 54 3788.58 0.632328
6 159 4 21 6.57799e-05 54 32 638493
6 160 2 19 287.071 54 6950.19 0.146305
6 160 3 20 185.693 54 6812.19 0.22618
6 160 4 21 9.05896 54 127 4.6363
6 161 2 19 84.1698 54 5346.6 0.498992
6 161 3 20 206.842 54 5294.54 0.203053
6 161 4 21 27.6176 54 16 1.52077
6 162 2 19 113.2 54 5000 0.371025
6 162 3 20 86.2167 54 3641.54 0.487144
6 162 4 21 0.0042935 54 249 9782.22
6 163 2 19 374.97 54 4125.7 0.112009
6 163 3 20 141.709 54 3039.44 0.296381
6 163 4 21 19.8173 54 74 2.11936
6 164 2 19 102.305 54 5858.86 0.410537
6 164 3 20 111.033 54 6910.93 0.378265
6 164 4 21 22.1552 54 48 1.89571
6 165 2 19 220.491 54 5897.44 0.190484
6 165 3 20 82.5859 54 6180.41 0.508561
6 165 4 21 28.2968 54 17 1.48427
6 166 2 19 119.44 54 5175.96 0.351641
6 166 3 20 164.972 54 5347.97 0.254589
6 166 4 21 42.6906 54 38 0.983824
6 167 2 19 136.953 54 3098.1 0.306675
6 167 3 20 131.472 54 4184.01 0.319459
6 167 4 21 21.2095 54 17 1.98025
6 168 2 19 153.333 54 6301.58 0.273914
6 168 3 20 117.269 54 6070.58 0.358151
6 168 4 21 18.2446 54 24 2.30206
6 169 2 19 136.999 54 5502.62 0.306571
6 169 3 20 81.8079 54 4988.62 0.513398
6 169 4 21 6.36629 54 9 6.59725
6 170 1 19 151.752 54 4090.92 0.276767
6 170 2 20 62.4433 54 3892.31 0.67261
6 170 3 21 68.8742 54 106 0.609808
6 171 2 19 124.736 54 4086.56 0.33671
6 171 3 20 91.3764 54 3406.5 0.459637
6 171 4 21 30.1528 54 23 1.3929
6 172 1 19 88.2802 54 5781.62 0.475758
6 172 2 20 69.7612 54 5715.14 0.602054
6 172 3 21 0.802914 54 6 52.3094
6 173 2 19 64.9577 54 4789.42 0.646575
6 173 3 20 103.726 54 4321.26 0.404912
6 173 4 21 4.483 54 11 9.36873
6 174 1 19 77.102 54 3907.32 0.544733
6 174 2 20 52.4286 54 2761.29 0.80109
6 174 3 21 24.0882 54 42 1.74359
6 175 1 19 44.2369 54 4080.87 0.949433
6 175 2 20 75.8769 54 2345.61 0.553528
6 175 3 21 25.9398 54 21 1.61914
6 176 2 19 39.405 54 5326.48 1.06585
6 176 3 20 23.6304 54 3275.48 1.77737
6 176 4 21 37.9858 54 200 1.10568
6 177 2 19 51.5191 54 5323.72 0.815232
6 177 3 20 19.6451 54 4772.61 2.13793
6 177 4 21 34.7692 54 59 1.20797
6 178 2 19 59.3688 54 4460.91 0.707442
6 178 3 20 97.0515 54 6490 0.43276
6 178 4 21 22.9163 54 75 1.83276
6 179 2 19 126.746 54 3658.27 0.331371
6 179 3 20 86.4497 54 3701.89 0.485831
6 179 4 21 42.3475 54 83 0.991795
6 180 2 19 155.231 54 5475.84 0.270565
6 180 3 20 238.188 54 6069.82 0.176331
6 180 4 21 47.2405 54 162 0.889067
6 181 2 19 178.998 54 5102.25 0.234639
6 181 3 20 242.691 54 5343.1 0.17306
6 181 4 21 0.000123007 54 59 341443
6 182 2 19 130.333 54 5054.68 0.32225
6 182 3 20 127.638 54 4633.23 0.329056
6 182 4 21 55.0521 54 226 0.762914
6 183 2 19 96.264 54 3424.97 0.4363
6 183 3 20 99.944 54 3157.2 0.420235
6 183 4 21 27.7278 54 415 1.51472
6 184 2 19 189.38 54 4458.81 0.221776
6 184 3 20 187.605 54 6044.87 0.223875
6 184 4 21 4.4407 54 14 9.45797
6 185 2 19 217.072 54 5101.91 0.193485
6 185 3 20 76.7397 54 5263.77 0.547305
6 185 4 21 0.294205 54 12 142.757
6 186 2 19 140.682 54 3412.66 0.298546
6 186 3 20 105.783 54 2824.51 0.397041
6 186 4 21 23.3042 54 132 1.80225
6 187 2 19 166.373 54 1629.17 0.252445
6 187 3 20 166.188 54 2705.03 0.252726
6 187 4 21 12.4146 54 18 3.3831
6 188 2 19 89.6336 54 2372.39 0.468574
6 188 3 20 148.213 54 2733.06 0.283376
7 1 1 24 19.5993 54 1345 2.14293
7 1 3 27 56.4541 54 322 0.743968
7 2 1 24 6.73123 54 347 6.23957
7 2 2 27 35.5134 54 23 1.18265
7 3 2 27 1.26787 54 24 33.1265
7 4 1 24 15.4244 54 1968 2.72296
7 4 4 27 19.2676 54 80 2.17982
7 5 1 24 50.4053 54 1620 0.833245
7 5 4 27 7.76363 54 34 5.40984
7 6 1 24 21.5914 54 540 1.94522
7 6 4 27 48.2194 54 124 0.871019
7 7 1 24 18.3515 54 1045 2.28864
7 7 2 27 29.239 54 326 1.43644
7 8 1 24 12.9287 54 2775 3.24858
7 8 4 27 78.788 54 630 0.533076
7 9 1 24 37.2825 54 1358 1.12653
7 9 4 27 82.1603 54 207 0.511196
7 10 2 27 27.8585 54 66 1.50762
7 11 1 24 11.7252 54 360 3.58204
7 11 4 27 17.9555 54 84 2.33912
7 12 1 24 10.7545 54 30 3.90536
7 12 4 27 15.1908 54 147 2.76483
7 13 1 24 13.7501 54 230 3.05453
7 13 4 27 17.7602 54 52 2.36484
7 14 4 27 13.7418 54 50 3.05636
7 15 1 24 11.56 54 654 3.6332
7 15 4 27 8.55695 54 23 4.90829
7 16 1 24 17.2474 54 878 2.43515
7 16 4 27 18.0045 54 124 2.33275
7 17 1 24 45.6193 54 1424 0.920663
7 17 4 27 26.3992 54 45 1.59096
7 18 1 24 108.321 54 419 0.387738
7 18 3 27 22.901 54 40 1.83398
7 19 1 24 49.3528 54 492 0.851015
7 19 4 27 21.717 54 13 1.93397
7 20 4 27 18.7863 54 76 2.23567
7 21 1 24 27.4201 54 25 1.53172
7 21 4 27 12.1323 54 8 3.46182
7 22 4 27 8.45325 54 31 4.9685
7 23 4 27 15.5429 54 11 2.70221
7 24 1 24 14.8183 54 3282 2.83434
7 24 4 27 2.96921 54 36 14.1452
7 25 1 24 19.6455 54 3138 2.1379
7 25 4 27 35.859 54 18 1.17125
7 26 1 24 32.1785 54 612 1.30522
7 26 4 27 147.869 54 253 0.284035
7 27 1 24 20.2111 54 2025 2.07806
7 27 4 27 35.2497 54 83 1.1915
7 28 1 24 52.7323 54 4367 0.796476
7 28 4 27 33.4778 54 130 1.25456
7 29 1 24 42.1867 54 2511 0.995574
7 29 4 27 4.7083 54 7 8.92042
7 31 1 24 22.8518 54 626 1.83793
7 31 4 27 11.3428 54 26 3.70277
7 32 1 24 14.8295 54 3601 2.83219
7 32 4 27 21.4938 54 27 1.95405
7 33 1 24 85.3872 54 29 0.491877
7 33 4 27 13.0864 54 4 3.20943
7 34 1 24 68.317 54 1352 0.614781
7 35 1 24 21.6679 54 3995 1.93835
7 35 4 27 20.4654 54 26 2.05224
7 36 1 24 12.5694 54 35 3.34145
7 36 4 27 26.3769 54 83 1.5923
7 37 1 24 3.39697 54 25 12.3639
7 39 4 27 12.9825 54 6 3.23513
7 44 1 24 12.0799 54 27 3.47684
7 49 1 24 11.8976 54 23 3.53013
7 53 1 24 0.957813 54 55 43.8499
7 53 4 27 1.0301 54 1 40.7725
7 55 1 24 9.35673 54 25 4.48875
7 56 1 24 21.7298 54 695 1.93283
7 57 1 24 116.522 54 492 0.360445
7 60 1 24 19.9307 54 205 2.1073
7 61 1 24 98.1211 54 717 0.428042
7 61 4 27 5.50069 54 2 7.6354
7 62 1 24 76.953 54 289 0.545788
7 64 1 24 45.6068 54 190 0.920915
7 65 1 24 26.0132 54 380 1.61457
7 66 1 24 71.0797 54 800 0.590886
7 66 2 25 25.5726 54 271 1.64238
7 66 3 26 54.0697 54 768 0.776776
7 67 1 24 78.8049 54 384 0.532962
7 67 2 25 62.048 54 1560 0.676895
7 67 3 26 152.797 54 2480 0.274874
7 67 4 27 13.0982 54 15 3.20654
7 68 1 24 70.7411 54 1058 0.593714
7 68 2 25 37.6113 54 996 1.11669
7 68 3 26 146.103 54 2119 0.287468
7 68 4 27 17.7148 54 6 2.3709
7 69 1 24 146.636 54 1836 0.286424
7 69 2 25 23.3618 54 994 1.7978
7 69 3 26 65.8457 54 357 0.637855
7 70 1 24 29.1842 54 175 1.43913
7 70 2 25 16.7671 54 896 2.50491
7 70 3 26 32.6637 54 1414 1.28583
7 71 3 26 21.4438 54 429 1.95861
7 72 2 25 27.5872 54 829 1.52244
7 72 3 26 16.1575 54 1567 2.59941
7 73 1 24 29.3338 54 202 1.4318
7 73 2 25 27.9067 54 2993 1.50502
7 73 3 26 19.1314 54 563 2.19534
7 74 1 24 48.3832 54 2088 0.868069
7 74 2 25 45.9947 54 1702 0.91315
7 74 3 26 38.7764 54 301 1.08313
7 75 1 24 33.3222 54 3096 1.26042
7 75 2 25 32.6338 54 493 1.28701
7 75 3 26 14.5939 54 72 2.87791
7 75 4 27 2.17976 54 1 19.2682
7 76 1 24 9.34722 54 6 4.49331
7 76 2 25 34.089 54 648 1.23207
7 76 3 26 45.9067 54 1163 0.9149
7 77 1 24 26.4589 54 1297 1.58736
7 77 2 25 80.3178 54 894 0.522923
7 77 3 26 98.0708 54 3477 0.428262
7 78 1 24 58.6357 54 2500 0.716287
7 78 2 25 41.6452 54 449 1.00852
7 78 3 26 47.0877 54 1040 0.891953
7 79 1 24 93.0643 54 5257 0.451301
7 79 2 25 16.8008 54 1012 2.49988
7 79 3 26 77.0633 54 897 0.545007
7 79 4 27 3.62103 54 1 11.5989
7 80 1 24 44.076 54 243 0.952899
7 80 2 25 8.38157 54 825 5.01099
7 80 3 26 15.6137 54 897 2.68994
7 80 4 27 16.4172 54 4 2.55829
7 81 1 24 81.2083 54 551 0.517189
7 81 2 25 6.47049 54 292 6.49101
7 81 3 26 27.0614 54 769 1.55203
7 82 1 24 24.9273 54 75 1.6849
7 82 4 27 2.23846 54 1 18.7629
7 83 1 24 19.348 54 1962 2.17076
7 83 2 25 65.8623 54 2307 0.637694
7 83 3 26 31.9862 54 2044 1.31307
7 83 4 27 9.01754 54 3 4.65759
7 84 1 24 81.2895 54 799 0.516672
7 84 2 25 28.1214 54 2077 1.49352
7 84 3 26 28.0392 54 1719 1.4979
7 85 1 24 64.3313 54 311 0.652871
7 85 2 25 26.0374 54 708.479 1.61306
7 85 3 26 83.9141 54 745 0.500512
7 86 2 25 22.3817 54 1003.85 1.87654
7 86 3 26 30.2601 54 583.442 1.38797
7 86 4 27 15.9366 54 10 2.63545
7 87 2 25 20.9093 54 255.604 2.00867
7 87 3 26 60.8085 54 438.24 0.690692
7 87 4 27 4.27712 54 2 9.81968
7 88 1 24 4.52418 54 110 9.28345
7 88 2 25 62.2699 54 991.627 0.674483
7 88 3 26 67.3872 54 926.974 0.623264
7 89 1 24 16.0707 54 75 2.61345
7 89 2 25 106.484 54 5108.62 0.394425
7 89 3 26 71.1541 54 497 0.590269
7 89 4 27 1.24218 54 1 33.8116
7 90 2 25 113.787 54 1495 0.369111
7 90 3 26 116.404 54 329.295 0.360813
7 90 4 27 32.4145 54 12 1.29572
7 91 1 24 31.3129 54 442 1.3413
7 91 2 25 11.5833 54 1138.65 3.6259
7 91 3 26 114.122 54 954.628 0.368027
7 91 4 27 62.1253 54 34 0.676053
7 92 1 24 17.4896 54 159 2.40143
7 92 2 25 12.6129 54 2336.89 3.32992
7 92 3 26 22.0624 54 519.123 1.90369
7 92 4 27 8.8855 54 4 4.7268
7 93 1 24 93.5578 54 171 0.448921
7 93 2 25 57.3322 54 1130.4 0.732573
7 93 3 26 0.335582 54 2065.77 125.156
7 94 1 24 200.012 54 101 0.209987
7 94 2 25 60.2695 54 2998.07 0.69687
7 94 3 26 106.809 54 2316.56 0.393225
7 94 4 27 34.9702 54 31 1.20102
7 95 2 25 34.6432 54 1149.92 1.21236
7 95 3 26 55.3667 54 2433 0.758579
7 95 4 27 31.3747 54 36 1.33866
7 96 1 24 8.47343 54 20 4.95667
7 96 2 25 21.5728 54 864.706 1.9469
7 96 3 26 32.8077 54 4132 1.28019
7 96 4 27 31.8551 54 50 1.31847
7 97 1 24 24.2321 54 60 1.73324
7 97 2 25 53.4689 54 5218.62 0.785503
7 97 3 26 57.3574 54 3934.93 0.73225
7 97 4 27 1.58121 54 1 26.562
7 98 1 24 129.163 54 221 0.32517
7 98 2 25 49.0445 54 1769.31 0.856364
7 98 3 26 43.3656 54 1757 0.968509
7 98 4 27 8.01666 54 5 5.23909
7 99 2 25 74.0592 54 2663.19 0.567114
7 99 3 26 42.3359 54 2340.91 0.992066
7 99 4 27 19.6859 54 33 2.13351
7 100 1 24 3.24959 54 20 12.9247
7 100 2 25 55.6986 54 2601.75 0.754059
7 100 3 26 59.7331 54 1157.84 0.703128
7 100 4 27 50.0993 54 93 0.838335
7 101 1 24 40.9095 54 127 1.02666
7 101 2 25 121.932 54 3089.87 0.344454
7 101 3 26 58.9075 54 856.097 0.712982
7 101 4 27 17.087 54 72 2.45801
7 102 2 25 58.8239 54 859.005 0.713995
7 102 3 26 18.9076 54 307.323 2.22133
7 102 4 27 23.5588 54 33 1.78277
7 103 2 25 47.3345 54 319.048 0.887303
7 103 4 27 27.7607 54 18 1.51293
7 104 1 24 23.7263 54 171 1.77019
7 104 2 25 35.8576 54 1388.94 1.1713
7 104 3 26 30.5407 54 32.9999 1.37521
7 104 4 27 1.03438 54 4 40.6039
7 105 2 25 50.9341 54 3564.06 0.824595
7 105 3 26 84.4197 54 1133.86 0.497514
7 105 4 27 0.0456145 54 5 920.759
7 106 2 25 98.5225 54 4105.76 0.426299
7 106 3 26 59.316 54 3370.62 0.708072
7 106 4 27 3.4947e-05 54 50 1.20182e+06
7 107 2 25 106.231 54 1510.7 0.395364
7 107 3 26 109.242 54 972.648 0.384468
7 107 4 27 18.8577 54 20 2.22721
7 108 1 24 10.423 54 25 4.02956
7 108 2 25 102.325 54 2756.1 0.410457
7 108 3 26 76.6626 54 1883.87 0.547855
7 108 4 27 1.40927 54 4 29.8026
7 109 1 24 19.5791 54 1485 2.14515
7 109 2 25 60.7971 54 2861.61 0.690823
7 109 3 26 189.558 54 1320.81 0.221568
7 109 4 27 1.53724 54 2 27.3217
7 110 2 25 53.4414 54 3051.41 0.785908
7 110 3 26 2.48525 54 471.208 16.8997
7 110 4 27 13.6099 54 18 3.08599
7 111 2 25 26.9489 54 3757.86 1.55851
7 111 3 26 25.2266 54 1777.25 1.66491
7 111 4 27 12.576 54 5 3.3397
7 112 1 24 43.1215 54 207 0.973992
7 112 2 25 42.7923 54 1158.59 0.981485
7 112 3 26 3.29486 54 2050.63 12.7471
7 112 4 27 21.7927 54 11 1.92726
7 113 1 24 18.8994 54 2134 2.2223
7 113 2 25 116.182 54 3655.57 0.361501
7 113 3 26 75.1583 54 1898.43 0.55882
7 113 4 27 10.6596 54 6 3.94012
7 114 1 24 20.9297 54 40 2.00672
7 114 2 25 94.8394 54 4208.85 0.442854
7 114 3 26 44.7358 54 1677 0.938846
7 114 4 27 12.1754 54 4 3.44958
7 115 1 25 54.6234 54 1689.01 0.768901
7 115 2 26 67.1028 54 637.029 0.625905
7 115 3 27 35.4853 54 53 1.18359
7 116 2 25 65.5482 54 1798.13 0.64075
7 116 3 26 73.5535 54 1261.62 0.571013
7 116 4 27 24.744 54 12 1.69738
7 117 2 25 103.293 54 2890.21 0.40661
7 117 3 26 145.172 54 2566.56 0.289312
7 117 4 27 24.564 54 19 1.70982
7 118 2 25 105.076 54 3547.26 0.39971
7 118 3 26 133.592 54 3016.77 0.314389
7 119 1 25 44.9946 54 1380.11 0.933446
7 119 2 26 80.0957 54 816.63 0.524373
7 119 3 27 25.1525 54 46 1.66982
7 120 2 25 25.6147 54 1484.91 1.63968
7 120 3 26 82.0307 54 555.694 0.512004
7 120 4 27 44.857 54 36 0.936308
7 121 1 24 7.55008 54 380 5.56285
7 121 2 25 159.137 54 3420.93 0.263924
7 121 3 26 84.2678 54 1572.81 0.498411
7 121 4 27 61.1403 54 33 0.686944
7 122 1 24 7.17145 54 6 5.85655
7 122 2 25 75.0055 54 1507.87 0.559959
7 122 3 26 42.5224 54 1271.79 0.987715
7 122 4 27 0.337233 54 26 124.543
7 123 2 25 69.7427 54 2923.99 0.602214
7 123 3 26 46.6779 54 568.736 0.899783
7 123 4 27 59.7764 54 53 0.702619
7 124 2 25 273.379 54 1603.97 0.153633
7 124 3 26 238.183 54 2764.12 0.176335
7 124 4 27 10.9702 54 52 3.82855
7 125 1 24 74.9293 54 2518 0.560529
7 125 2 25 176.333 54 3374.75 0.238185
7 125 3 26 218.18 54 3329.01 0.192502
7 125 4 27 5.57614e-05 54 290 753210
7 126 1 24 44.2958 54 3466 0.948171
7 126 2 25 94.6858 54 1882.13 0.443573
7 126 3 26 94.9164 54 2313.82 0.442495
7 126 4 27 116.868 54 73 0.359381
7 127 2 25 30.2113 54 2302.67 1.39021
7 127 3 26 49.2861 54 2274.82 0.852167
7 127 4 27 3.08127 54 6 13.6307
7 128 2 25 44.613 54 1389.78 0.941429
7 128 3 26 36.2526 54 532.657 1.15854
7 128 4 27 4.49854 54 40 9.33636
7 129 1 24 40.8611 54 97 1.02787
7 129 2 25 35.3372 54 2737.52 1.18855
7 129 3 26 48.9839 54 1751.46 0.857424
7 129 4 27 16.444 54 44 2.55413
7 130 2 25 52.989 54 3842.75 0.792618
7 130 3 26 39.6375 54 4056.05 1.0596
7 130 4 27 39.5782 54 80 1.06119
7 131 2 25 144.742 54 4673 0.290171
7 131 3 26 93.0979 54 2021 0.451138
7 131 4 27 0.0026879 54 198 15625.6
7 132 2 25 198.951 54 6544.27 0.211108
7 132 3 26 146.412 54 2697.59 0.286861
7 132 4 27 55.974 54 37 0.750349
7 133 1 24 73.7374 54 1263 0.569589
7 133 2 25 93.7367 54 3162.58 0.448063
7 133 3 26 155.047 54 4051.43 0.270885
7 133 4 27 32.2052 54 59 1.30414
7 134 2 25 119.874 54 4969.41 0.350369
7 134 3 26 120.038 54 4078.81 0.34989
7 134 4 27 0.0361589 54 870 1161.54
7 135 2 25 89.578 54 3827.76 0.468865
7 135 3 26 69.7647 54 3762.76 0.602023
7 135 4 27 68.472 54 83 0.613389
7 136 2 25 139.06 54 5107.1 0.302028
7 136 3 26 91.0884 54 1569.72 0.46109
7 136 4 27 48.0488 54 77 0.874112
7 137 2 25 57.22 54 5907.93 0.734009
7 137 3 26 61.7092 54 2378.36 0.680612
7 137 4 27 79.1035 54 73 0.53095
7 138 2 25 129.063 54 6697.24 0.325423
7 138 3 26 109.448 54 4520.66 0.383744
7 138 4 27 0.000173687 54 108 241814
7 139 2 25 63.9303 54 2305.87 0.656965
7 139 3 26 64.7657 54 1398.61 0.648491
7 139 4 27 0.00833288 54 525 5040.28
7 140 1 24 4.12244 54 239 10.1881
7 140 2 25 104.144 54 5389.2 0.403286
7 140 3 26 45.665 54 2125.14 0.919742
7 140 4 27 93.8629 54 169 0.447461
7 141 2 25 104.783 54 9052.2 0.400828
7 141 3 26 44.1698 54 3550.04 0.950877
7 141 4 27 22.0605 54 183 1.90385
7 142 2 25 86.728 54 7702.18 0.484273
7 142 3 26 65.1276 54 4862.3 0.644888
7 142 4 27 0.000245898 54 49 170803
7 143 2 25 51.2472 54 3795.72 0.819557
7 143 3 26 77.1077 54 4844.64 0.544693
7 143 4 27 51.7352 54 88 0.811827
7 144 2 25 172.677 54 8442.57 0.243228
7 144 3 26 242.246 54 5727.26 0.173377
7 144 4 27 62.4594 54 67 0.672437
7 145 2 25 157.8 54 9102.91 0.26616
7 145 3 26 164.467 54 4000.84 0.25537
7 145 4 27 60.7506 54 43 0.691351
7 146 2 25 95.2333 54 6620.91 0.441022
7 146 3 26 66.2268 54 3706.81 0.634184
7 146 4 27 8.03043 54 140 5.2301
7 147 2 25 89.9162 54 6599.04 0.467102
7 147 3 26 34.9335 54 3656.77 1.20228
7 147 4 27 10.2591 54 343 4.09391
7 148 2 25 102.881 54 5961.81 0.408238
7 148 3 26 54.3195 54 2208.36 0.773203
7 148 4 27 59.3893 54 172 0.707198
7 149 2 25 84.6606 54 5444.18 0.496099
7 149 3 26 109.278 54 3733.77 0.38434
7 149 4 27 0.000873746 54 273 48068.9
7 150 2 25 94.1622 54 8675.98 0.446039
7 150 3 26 68.7761 54 7005.29 0.610677
7 150 4 27 21.3787 54 176 1.96457
7 151 2 25 121.819 54 5833.38 0.344774
7 151 3 26 134.182 54 5552.48 0.313008
7 151 4 27 8.28915 54 206 5.06686
7 152 2 25 147.84 54 6578.46 0.284091
7 152 3 26 53.8892 54 1478.57 0.779376
7 152 4 27 0.466629 54 24 90.0073
7 153 2 25 65.1379 54 9791.04 0.644786
7 153 3 26 111.345 54 8227.69 0.377205
7 153 4 27 23.8542 54 69 1.7607
7 154 2 25 35.8089 54 11676.3 1.17289
7 154 3 26 76.0307 54 12449.9 0.552408
7 154 4 27 33.3858 54 18 1.25802
7 155 1 25 12.7889 54 3103.43 3.2841
7 155 2 26 49.4628 54 10147.5 0.849122
7 155 3 27 16.7719 54 122 2.50419
7 156 2 25 104.342 54 14011.2 0.402522
7 156 3 26 72.2287 54 8600.41 0.581487
7 156 4 27 6.60891 54 20 6.35505
7 157 2 25 186.806 54 13918.5 0.224832
7 157 3 26 184.179 54 7651.18 0.228039
7 157 4 27 6.60577 54 5 6.35808
7 158 2 25 91.8676 54 13576.9 0.457179
7 158 3 26 48.8139 54 7490.41 0.86041
7 158 4 27 3.22628 54 10 13.0181
7 159 2 25 25.4959 54 5298.67 1.64733
7 159 3 26 69.9082 54 9867.98 0.600788
7 160 2 25 65.1711 54 12636.1 0.644458
7 160 3 26 52.3044 54 7162.9 0.802992
7 160 4 27 0.00802451 54 393 5233.96
7 161 2 25 295.308 54 10949.2 0.142224
7 161 3 26 143.504 54 7971.38 0.292674
7 161 4 27 32.7331 54 37 1.2831
7 162 2 25 124.466 54 17265 0.337441
7 162 3 26 57.4745 54 9993.42 0.730759
7 162 4 27 0.00382299 54 193 10986.2
7 163 1 25 51.2046 54 6965.7 0.820239
7 163 2 26 117.966 54 5138.19 0.356034
7 163 3 27 0.00448294 54 308 9368.86
7 164 2 25 158.592 54 12145.3 0.264831
7 164 3 26 80.6397 54 7861.46 0.520835
7 164 4 27 3.8655 54 81 10.8653
7 165 2 25 291.533 54 11790 0.144066
7 165 3 26 79.3625 54 11336.1 0.529217
7 165 4 27 70.5707 54 93 0.595148
7 166 2 25 156.081 54 13063.8 0.26909
7 166 3 26 63.1635 54 13092.2 0.664941
7 166 4 27 0.00797241 54 576 5268.17
7 167 2 25 95.8166 54 5407.31 0.438337
7 167 3 26 215.774 54 10068.9 0.194648
7 167 4 27 70.9367 54 25 0.592077
7 168 2 25 118.379 54 10500 0.354792
7 168 3 26 220.906 54 9811.34 0.190126
7 168 4 27 0.0149984 54 376 2800.3
7 169 2 25 203.166 54 11913.1 0.206728
7 169 3 26 85.5596 54 9061.35 0.490886
7 169 4 27 13.3329 54 278 3.15009
7 170 2 25 222.138 54 11921.7 0.189072
7 170 3 26 153.839 54 10182.9 0.273013
7 170 4 27 0.00500525 54 468 8391.2
7 171 2 25 70.2022 54 5593.99 0.598272
7 171 3 26 175.285 54 9733.32 0.23961
7 171 4 27 45.3883 54 298 0.925349
7 172 2 25 240.225 54 9859.74 0.174836
7 172 3 26 176.699 54 7247.14 0.237692
7 172 4 27 0.00128586 54 152 32663.1
7 173 2 25 172.381 54 11593.6 0.243647
7 173 3 26 63.398 54 9966.52 0.662482
7 173 4 27 43.3826 54 55 0.968131
7 174 2 25 171.295 54 9355.71 0.245191
7 174 3 26 199.786 54 9327.86 0.210225
7 174 4 27 49.9116 54 131 0.841488
7 175 1 25 78.5198 54 1355.31 0.534897
7 175 2 26 49.9848 54 8211.84 0.840255
7 175 3 27 19.6562 54 75 2.13673
7 176 2 25 68.5227 54 9262 0.612936
7 176 3 26 300.837 54 10714.3 0.139611
7 176 4 27 42.4642 54 149 0.989068
7 177 2 25 51.9301 54 10649.2 0.80878
7 177 3 26 138.736 54 12268.5 0.302733
7 177 4 27 20.4969 54 18 2.04909
7 178 2 25 97.0307 54 15459.7 0.432853
7 178 3 26 104.743 54 16272.8 0.400982
7 178 4 27 2.43036 54 2 17.2814
7 179 2 25 62.8067 54 3866.55 0.668719
7 179 3 26 88.2082 54 10166 0.476146
7 179 4 27 72.3222 54 138 0.580735
7 180 2 25 229.007 54 12704.7 0.1834
7 180 3 26 141.897 54 13658.2 0.29599
7 180 4 27 50.9227 54 81 0.82478
7 181 2 25 204.161 54 13424.5 0.20572
7 181 3 26 127.881 54 15552.3 0.32843
7 181 4 27 4.44261 54 2 9.4539
7 182 1 25 65.7828 54 15156.1 0.638464
7 182 2 26 45.2986 54 10432.4 0.927181
7 182 3 27 41.695 54 66 1.00732
7 183 1 25 108.594 54 3755.43 0.38676
7 183 2 26 66.5134 54 10780.4 0.631452
7 183 3 27 34.6599 54 297 1.21177
7 184 2 25 161.525 54 11873.6 0.260022
7 184 3 26 172.379 54 7919.02 0.243648
7 184 4 27 0.000136036 54 126 308743
7 185 2 25 221.431 54 13192.4 0.189676
7 185 3 26 135.774 54 13219.4 0.309338
7 185 4 27 0.000387275 54 88 108450
7 186 2 25 167.637 54 12341.9 0.250541
7 186 3 26 80.2027 54 11408.3 0.523673
7 186 4 27 60.0467 54 197 0.699456
7 187 1 25 69.2578 54 3131.97 0.60643
7 187 2 26 65.4844 54 10577.6 0.641374
7 187 3 27 7.84281 54 81 5.35522
7 188 2 25 154.288 54 9478.26 0.272218
7 188 3 26 145.577 54 4923.4 0.288508
7 188 4 27 3.58421 54 61 11.7181
8 1 2 31 10.7627 54 398 3.90237
8 2 2 31 30.7081 54 1517 1.36772
8 3 2 31 0.00950575 54 996 4418.38
8 4 2 31 58.1166 54 125 0.722685
8 5 2 31 0.00135908 54 335 30903.2
8 6 1 31 62.0565 54 694 0.676802
8 7 2 31 0.00916297 54 900 4583.67
8 8 2 31 40.2236 54 485 1.04416
8 9 2 31 49.9495 54 210 0.84085
8 10 1 28 56.3388 54 180 0.74549
8 10 2 31 67.3196 54 1173 0.62389
8 11 2 31 46.4419 54 801 0.904357
8 12 2 31 33.5752 54 77 1.25092
8 13 2 31 15.9325 54 7 2.63612
8 14 2 31 10.6813 54 103 3.93211
8 15 1 28 24.768 54 284 1.69574
8 15 2 31 32.8122 54 78 1.28001
8 17 1 28 34.0421 54 310 1.23377
8 17 2 31 62.1573 54 154 0.675705
8 18 4 31 47.2814 54 319 0.888299
8 19 2 31 39.3304 54 758 1.06788
8 20 2 31 93.7932 54 131 0.447794
8 21 1 28 10.9093 54 30 3.84993
8 21 2 31 26.8149 54 193 1.56629
8 22 2 31 54.0926 54 127 0.776446
8 23 2 31 104.146 54 261 0.403279
8 24 1 28 9.63229 54 3 4.36033
8 24 2 31 70.6021 54 878 0.594883
8 25 1 28 29.5074 54 4714 1.42337
8 25 2 31 186.317 54 1386 0.225422
8 26 1 28 32.7246 54 24364 1.28344
8 26 2 31 53.2977 54 85 0.788027
8 27 1 28 24.2782 54 7520 1.72995
8 27 3 31 4.0096 54 66 10.4749
8 28 1 28 27.2615 54 2236 1.54063
8 28 2 31 41.3369 54 316 1.01604
8 29 1 28 25.1366 54 2885 1.67087
8 29 2 31 52.3041 54 288 0.802997
8 30 2 31 72.6487 54 192 0.578124
8 31 1 28 48.4219 54 1007 0.867377
8 31 2 31 41.4653 54 287 1.0129
8 32 1 28 35.5948 54 1173 1.17995
8 32 2 31 67.1198 54 590 0.625746
8 33 1 28 44.1776 54 1761 0.950709
8 33 2 31 72.9745 54 193 0.575544
8 34 1 28 51.123 54 15382 0.821548
8 35 1 28 6.94855 54 356 6.04442
8 35 2 31 44.5924 54 83 0.941864
8 36 1 28 1.2907 54 56 32.5406
8 36 2 31 36.6514 54 296 1.14593
8 37 2 31 20.6646 54 71 2.03247
8 39 3 31 20.4083 54 103 2.05798
8 40 1 28 43.1297 54 205 0.973806
8 40 4 31 25.7933 54 284 1.62833
8 41 1 28 12.3354 54 8 3.40484
8 41 4 31 23.8418 54 168 1.76161
8 42 4 31 18.05 54 22 2.32686
8 43 4 31 30.6871 54 84 1.36865
8 44 1 28 25.7917 54 40 1.62843
8 44 4 31 30.459 54 524 1.3789
8 45 1 28 5.45477 54 46 7.69969
8 45 4 31 62.9072 54 240 0.667651
8 46 4 31 6.11178 54 11 6.87197
8 47 4 31 24.0649 54 40 1.74528
8 48 1 28 51.9714 54 47 0.808137
8 48 4 31 57.1627 54 979 0.734745
8 49 1 28 3.18099 54 51 13.2034
8 49 4 31 40.7309 54 1037 1.03116
8 50 4 31 18.9735 54 5 2.21361
8 51 4 31 27.4872 54 33 1.52799
8 52 1 28 23.5298 54 34 1.78497
8 52 4 31 50.0988 54 181 0.838344
8 53 4 31 56.6541 54 168 0.741341
8 54 4 31 35.3875 54 23 1.18686
8 55 4 31 37.299 54 110 1.12603
8 56 1 28 10.9294 54 205 3.84283
8 56 4 31 97.5359 54 104 0.430611
8 57 4 31 85.775 54 968 0.489653
8 58 4 31 4.03888 54 5 10.3989
8 59 4 31 71.5919 54 152 0.586659
8 60 1 28 44.8183 54 476 0.937116
8 60 4 31 64.9029 54 158 0.647121
8 61 1 28 31.8672 54 141 1.31797
8 61 4 31 61.6327 54 73 0.681456
8 62 1 28 16.5436 54 137 2.53875
8 62 4 31 87.7159 54 53 0.478819
8 63 4 31 11.9139 54 15 3.52529
8 64 4 31 36.8255 54 21 1.14051
8 65 4 31 48.8004 54 215 0.860649
8 66 1 28 20.4859 54 371 2.05019
8 66 2 29 34.0922 54 324 1.23195
8 66 3 30 27.346 54 186 1.53587
8 67 4 31 26.4438 54 37 1.58828
8 68 1 28 8.44357 54 157 4.9742
8 68 4 31 33.9483 54 143 1.23717
8 69 4 31 31.0369 54 351 1.35323
8 70 4 31 17.1362 54 16 2.45096
8 71 4 31 26.2497 54 25 1.60002
8 72 1 28 26.5302 54 137 1.5831
8 72 2 29 6.48373 54 241 6.47776
8 72 3 30 18.156 54 150 2.31328
8 72 4 31 43.6639 54 183 0.961892
8 73 2 29 39.4034 54 1796 1.0659
8 73 3 30 50.5725 54 1849 0.830492
8 73 4 31 28.0989 54 24 1.49472
8 74 2 29 35.2403 54 168 1.19182
8 74 3 30 56.7373 54 1652 0.740254
8 74 4 31 25.5302 54 19 1.64511
8 75 2 29 40.2302 54 1943 1.04399
8 75 3 30 45.9269 54 5116 0.914496
8 75 4 31 10.5105 54 5 3.99601
8 76 1 28 95.0142 54 921 0.442039
8 76 2 29 43.3212 54 1096 0.969502
8 76 3 30 133.869 54 6260 0.313739
8 76 4 31 137.487 54 137 0.305484
8 77 1 28 19.2244 54 8 2.18472
8 77 3 30 36.3524 54 82.5 1.15536
8 77 4 31 71.5577 54 793 0.586939
8 78 2 29 16.4306 54 50 2.55621
8 78 3 30 55.9243 54 2631 0.751015
8 79 1 28 31.7282 54 9065 1.32374
8 79 2 29 30.3055 54 86 1.38589
8 79 3 30 50.4354 54 4541 0.832749
8 79 4 31 25.7778 54 26 1.62931
8 80 1 28 32.1042 54 346 1.30824
8 80 2 29 34.1586 54 629 1.22956
8 80 3 30 40.3109 54 3988 1.0419
8 80 4 31 82.2876 54 127 0.510405
8 81 1 28 16.523 54 3535 2.54191
8 81 2 29 45.9351 54 3240 0.914334
8 81 3 30 43.4994 54 2855 0.965529
8 81 4 31 16.8566 54 19 2.49161
8 82 1 28 15.7302 54 2879 2.67002
8 82 2 29 40.942 54 2631 1.02584
8 82 3 30 28.9392 54 3579 1.45132
8 82 4 31 10.1014 54 9 4.15786
8 83 1 28 11.786 54 655 3.56354
8 83 2 29 51.3682 54 1114 0.817627
8 83 3 30 33.7639 54 1269 1.24393
8 83 4 31 1.65764e-06 54 15 2.53372e+07
8 84 1 28 16.6969 54 100 2.51543
8 84 2 29 29.1881 54 1250 1.43894
8 84 3 30 41.2468 54 900 1.01826
8 84 4 31 21.0023 54 111 1.99978
8 85 2 29 26.1586 54 3006 1.60559
8 85 3 30 33.2112 54 1366 1.26464
8 85 4 31 23.2863 54 71 1.80363
8 86 2 29 21.842 54 1527 1.9229
8 86 3 30 64.6935 54 4683 0.649216
8 86 4 31 13.9702 54 11 3.00641
8 87 2 29 20.5114 54 3075 2.04764
8 87 3 30 35.5803 54 4635 1.18043
8 87 4 31 55.8193 54 26 0.752428
8 88 1 28 6.09108 54 60 6.89533
8 88 2 29 50.9141 54 1370 0.824919
8 88 3 30 24.3479 54 2638 1.72499
8 88 4 31 7.09563 54 60 5.91914
8 89 1 28 54.2462 54 297 0.774248
8 89 2 29 54.082 54 3325.79 0.776599
8 89 3 30 61.6684 54 1912 0.681062
8 89 4 31 9.17638 54 8 4.57697
8 90 1 28 46.1714 54 257 0.909655
8 90 2 29 32.1301 54 764 1.30719
8 90 3 30 61.715 54 4179 0.680548
8 91 2 29 46.0037 54 582 0.91297
8 91 3 30 66.9212 54 4010 0.627603
8 92 1 28 61.1874 54 553 0.686416
8 92 2 29 33.2358 54 1623 1.2637
8 92 3 30 136.196 54 5898 0.308378
8 92 4 31 69.8241 54 167 0.601512
8 93 1 28 141.709 54 656 0.296383
8 93 2 29 62.393 54 668 0.673153
8 93 3 30 98.2711 54 2243 0.427389
8 93 4 31 20.0471 54 155 2.09507
8 94 1 28 59.8198 54 413 0.702109
8 94 3 31 28.6903 54 20 1.46391
8 95 1 28 29.4438 54 51 1.42644
8 95 2 29 17.3605 54 70 2.41929
8 95 3 30 29.241 54 150 1.43634
8 95 4 31 2.67173 54 1 15.7201
8 96 1 28 15.6271 54 180 2.68764
8 96 2 29 16.8838 54 82 2.48759
8 96 4 31 11.3528 54 6 3.69954
8 97 2 29 26.5098 54 1686 1.58432
8 97 3 30 20.2622 54 385 2.07282
8 97 4 31 1.08948 54 1 38.5507
8 98 1 28 50.2783 54 845 0.83535
8 98 2 29 51.402 54 1135 0.817088
8 98 3 30 51.3273 54 2655 0.818278
8 98 4 31 30.025 54 32 1.39884
8 99 1 28 88.9763 54 271 0.472036
8 99 2 29 32.8346 54 1757 1.27914
8 99 3 30 65.9492 54 3614 0.636854
8 99 4 31 2.92642 54 58 14.352
8 100 1 28 24.6401 54 300 1.70454
8 100 2 29 44.6507 54 3307 0.940635
8 100 4 31 24.9178 54 27 1.68554
8 101 2 29 51.1178 54 3248 0.821632
8 101 3 30 9.69279 54 55 4.33312
8 101 4 31 5.80122 54 2 7.23986
8 102 2 29 32.9832 54 5388 1.27337
8 102 3 30 20.801 54 1577 2.01913
8 102 4 31 27.554 54 7 1.52428
8 103 2 29 18.7155 54 1750 2.24413
8 103 3 30 39.6609 54 3660 1.05898
8 103 4 31 25.9776 54 41 1.61678
8 104 2 29 32.131 54 1670.94 1.30715
8 104 3 30 18.5462 54 175 2.26462
8 104 4 31 2.32655 54 4 18.0525
8 105 2 29 49.0789 54 6393 0.855766
8 105 3 30 16.991 54 219.685 2.47189
8 106 2 29 31.1221 54 5246.55 1.34953
8 106 3 30 67.0464 54 788.062 0.626432
8 106 4 31 4.56443 54 5 9.2016
8 107 2 29 50.9606 54 6318.22 0.824166
8 107 3 30 46.0002 54 5854.41 0.913039
8 107 4 31 5.69613 54 4 7.37343
8 108 1 28 13.6585 54 50 3.07501
8 108 2 29 55.5027 54 6036.8 0.75672
8 108 3 30 63.8738 54 2544 0.657547
8 108 4 31 13.6664 54 110 3.07322
8 109 1 28 45.0476 54 548 0.932348
8 109 2 29 55.1227 54 5739.48 0.761936
8 109 3 30 17.9696 54 69 2.33729
8 109 4 31 12.562 54 107 3.34342
8 110 2 29 30.4774 54 8470.21 1.37807
8 110 4 31 174.157 54 87 0.241162
8 111 2 29 25.356 54 8208.14 1.65641
8 111 4 31 15.9135 54 49 2.63927
8 112 1 28 29.2905 54 765 1.43391
8 112 2 29 26.8344 54 5583.05 1.56515
8 112 3 30 3.64521 54 280.802 11.522
8 112 4 31 23.0643 54 9 1.82099
8 113 2 29 115.687 54 8509.18 0.363048
8 113 3 30 42.9463 54 443.825 0.977966
8 113 4 31 22.1382 54 14 1.89717
8 114 2 29 35.4645 54 8426.35 1.18428
8 114 3 30 30.2166 54 335 1.38996
8 114 4 31 33.1926 54 30 1.26534
8 115 2 29 84.1659 54 8858.42 0.499014
8 115 3 30 43.6667 54 2637.78 0.961831
8 115 4 31 28.8504 54 65 1.45579
8 116 1 28 41.891 54 58 1.0026
8 116 2 29 70.1206 54 5049.14 0.598968
8 116 3 30 25.021 54 945.806 1.67859
8 116 4 31 25.7965 54 63 1.62813
8 117 2 29 42.8747 54 4125.88 0.979599
8 117 3 30 12.1535 54 67 3.4558
8 117 4 31 36.9291 54 69 1.13731
8 118 2 29 74.1665 54 4883.05 0.566293
8 118 3 30 133.439 54 3155.87 0.314751
8 118 4 31 101.901 54 94 0.412163
8 119 2 29 89.3495 54 6853.64 0.470064
8 119 3 30 148.566 54 3676.13 0.282702
8 119 4 31 27.9416 54 229 1.50314
8 120 1 28 8.57061 54 54 4.90047
8 120 2 29 167.51 54 5362.6 0.250731
8 120 3 30 60.0837 54 752 0.699025
8 120 4 31 36.4032 54 65 1.15374
8 121 2 29 169.939 54 6169.53 0.247147
8 121 3 30 35.3701 54 3125.3 1.18744
8 121 4 31 0.000800764 54 509 52449.9
8 122 2 29 64.1407 54 4266.49 0.654811
8 122 3 30 37.8284 54 5594.71 1.11028
8 122 4 31 0.0865846 54 1998 485.075
8 123 2 29 102.476 54 1392.32 0.40985
8 123 3 30 40.8217 54 5295.14 1.02886
8 123 4 31 105.429 54 3617 0.398372
8 124 1 28 32.9385 54 75 1.27511
8 124 2 29 160.174 54 1048.08 0.262216
8 124 3 30 68.5929 54 5271.49 0.612308
8 124 4 31 0.00559895 54 2075 7501.4
8 125 4 31 173.297 54 1166 0.242358
8 126 3 31 148.765 54 2107 0.282325
8 127 1 29 36.7754 54 1271.68 1.14207
8 127 3 31 366.94 54 2298 0.11446
8 128 2 29 67.0268 54 4164.44 0.626615
8 128 3 30 31.3943 54 1317 1.33782
8 128 4 31 119.518 54 649 0.351412
8 129 2 29 80.8435 54 3050.49 0.519522
8 129 3 30 31.5427 54 635.023 1.33153
8 129 4 31 0.0278553 54 1197 1507.79
8 130 2 29 45.7072 54 4267.5 0.918892
8 130 3 30 15.7274 54 2716.11 2.67051
8 130 4 31 0.0187895 54 1108 2235.29
8 131 1 29 84.4372 54 3217.4 0.497411
8 131 2 30 107.764 54 1275 0.389739
8 131 3 31 0.0347964 54 3233 1207.02
8 132 2 29 49.6045 54 1848.44 0.846698
8 132 3 30 52.7905 54 463 0.795597
8 132 4 31 0.00721432 54 673 5821.76
8 133 2 29 9.74689 54 2144.41 4.30907
8 133 3 30 50.131 54 671 0.837806
8 133 4 31 114 54 359 0.368421
8 134 2 29 93.8536 54 2022.88 0.447506
8 134 3 30 95.34 54 2165.67 0.440529
8 134 4 31 0.0698201 54 2521 601.546
8 135 1 29 66.0351 54 2197.53 0.636025
8 135 2 30 195.139 54 3693.73 0.215231
8 135 3 31 248.983 54 1422 0.168686
8 136 2 29 23.1183 54 1783.28 1.81674
8 136 3 30 153.703 54 5401.5 0.273255
8 136 4 31 72.9748 54 1021 0.575541
8 137 2 29 32.9747 54 309 1.2737
8 137 3 30 24.0247 54 52 1.7482
8 137 4 31 0.0108205 54 900 3881.51
8 138 2 29 125.808 54 3620.86 0.333843
8 138 4 31 194.339 54 2822 0.216117
8 139 1 29 78.3187 54 5414.93 0.536271
8 139 2 30 137.15 54 2610.71 0.306235
8 139 3 31 134.208 54 3927 0.312948
8 140 1 29 138.82 54 7444.51 0.302551
8 140 2 30 72.9177 54 1096.2 0.575992
8 140 3 31 0.00104881 54 647 40045.5
8 141 2 29 25.0527 54 1865.35 1.67647
8 141 3 30 15.1421 54 129.083 2.77372
8 141 4 31 174.829 54 710 0.240235
8 142 2 29 116.565 54 6310.57 0.360314
8 142 3 30 45.1315 54 2010.38 0.930614
8 142 4 31 73.3706 54 1524 0.572436
8 143 1 29 86.1561 54 6610.51 0.487487
8 143 2 30 131.503 54 4502 0.319386
8 143 3 31 144.962 54 955 0.289732
8 144 2 29 89.9536 54 4550 0.466907
8 144 3 30 55.279 54 3884 0.759783
8 144 4 31 179.859 54 777 0.233517
8 145 2 29 116.173 54 2809.96 0.361531
8 145 3 30 43.5944 54 1107.47 0.963427
8 145 4 31 149.327 54 499 0.281262
8 146 1 29 72.8302 54 8413.96 0.576684
8 146 2 30 80.5669 54 3773.08 0.521306
8 146 3 31 44.5242 54 872 0.943306
8 147 1 29 60.2402 54 3661.7 0.697209
8 147 2 30 104.395 54 3284.95 0.40232
8 147 3 31 22.395 54 1447 1.87542
8 148 2 29 185.562 54 6341.68 0.226339
8 148 3 30 66.4283 54 3233.36 0.632261
8 148 4 31 51.5554 54 746 0.814658
8 149 2 29 126.614 54 5725.53 0.331718
8 149 3 30 40.5635 54 489.906 1.03541
8 149 4 31 59.0287 54 378 0.711519
8 150 2 29 96.2335 54 8816.42 0.436438
8 150 3 30 40.8386 54 2988.54 1.02844
8 150 4 31 112.067 54 2057 0.374775
8 151 2 29 88.966 54 7706.29 0.47209
8 151 3 30 538.798 54 9967.38 0.0779513
8 151 4 31 0.21788 54 3591 192.767
8 152 2 29 201.576 54 9598.51 0.208358
8 152 3 30 295.254 54 5869.61 0.14225
8 152 4 31 134.746 54 2042 0.311698
8 153 2 29 201.248 54 15411 0.208697
8 153 3 30 104.592 54 9741.19 0.40156
8 153 4 31 88.097 54 855 0.476747
8 154 1 29 180.498 54 8803.33 0.23269
8 154 2 30 8.17934 54 8242.96 5.13489
8 154 3 31 199.458 54 2502 0.21057
8 155 2 30 57.1696 54 8077.36 0.734656
8 155 3 31 243.632 54 2370 0.172391
8 156 2 29 123.137 54 10095.4 0.341085
8 156 3 30 74.8319 54 6163 0.561258
8 156 4 31 157.99 54 2465 0.265839
8 157 2 29 242.648 54 12535.8 0.17309
8 157 3 30 45.3943 54 465 0.925227
8 157 4 31 81.1363 54 2603 0.517647
8 158 2 29 105.077 54 22550.9 0.399707
8 158 3 30 15.9154 54 397.087 2.63895
8 158 4 31 0.011084 54 2155 3789.25
8 159 1 29 18.1791 54 308.068 2.31035
8 159 2 30 27.7089 54 2315.69 1.51576
8 159 3 31 205.293 54 1349 0.204585
8 160 2 29 37.6853 54 13473.2 1.11449
8 160 3 30 27.8394 54 7541.16 1.50865
8 160 4 31 25.8552 54 780 1.62443
8 161 2 29 76.6957 54 13969.8 0.547618
8 161 3 30 88.1186 54 9822.73 0.47663
8 161 4 31 70.7119 54 317 0.593959
8 162 1 29 89.4056 54 18282.1 0.469769
8 162 2 30 104.662 54 11579.5 0.401292
8 162 3 31 61.1413 54 420 0.686934
8 163 1 29 43.6487 54 3267.9 0.962228
8 163 2 30 77.4405 54 15021 0.542352
8 163 3 31 147.599 54 453 0.284556
8 164 2 29 191.901 54 14673.8 0.218863
8 164 3 30 218.845 54 7390.17 0.191917
8 164 4 31 0.0768168 54 2244 546.755
8 165 2 29 64.7018 54 15849.6 0.649132
8 165 3 30 121.414 54 1634.68 0.345923
8 165 4 31 0.000449105 54 681 93519.3
8 166 2 29 161.935 54 11372.6 0.259363
8 166 3 30 158.546 54 5219.65 0.264907
8 166 4 31 284.094 54 1424 0.147838
8 167 2 29 61.367 54 2653.12 0.684407
8 167 3 30 32.4203 54 12221.4 1.29548
8 167 4 31 103.334 54 1076 0.406451
8 168 2 29 55.239 54 17007.1 0.760332
8 168 3 30 164.917 54 10654.8 0.254673
8 168 4 31 202.496 54 1082 0.207412
8 169 2 29 103.406 54 20371.6 0.406165
8 169 3 30 136.601 54 9879.64 0.307464
8 169 4 31 125.809 54 291 0.333839
8 170 2 29 173.029 54 20714.6 0.242733
8 170 3 30 200.725 54 10414.4 0.209241
8 170 4 31 0.00333788 54 1074 12582.8
8 171 2 29 128.69 54 6015.41 0.326367
8 171 3 30 110.501 54 17709 0.380087
8 171 4 31 0.0480543 54 3535 874.012
8 172 2 29 152.892 54 16758.6 0.274703
8 172 3 30 98.0115 54 18353.5 0.428521
8 172 4 31 80.2477 54 1205 0.523379
8 173 2 29 158.024 54 21563.7 0.265782
8 173 3 30 27.6121 54 14876.8 1.52107
8 173 4 31 59.4224 54 496 0.706804
8 174 2 29 207.34 54 19494.1 0.202565
8 174 3 30 56.3642 54 15075.7 0.745153
8 174 4 31 185.025 54 2648 0.226996
8 175 1 29 113.238 54 8391.33 0.3709
8 175 2 30 241.541 54 20375 0.173883
8 175 3 31 76.6708 54 999 0.547797
8 176 2 29 99.3157 54 22358.5 0.422894
8 176 3 30 73.0482 54 20914.7 0.574963
8 176 4 31 0.0471829 54 2715 890.152
8 177 2 29 77.0298 54 19338.8 0.545243
8 177 3 30 95.6836 54 11623.9 0.438947
8 177 4 31 54.1217 54 1175 0.776028
8 178 1 29 239.186 54 23115.1 0.175596
8 178 2 30 77.5888 54 12713 0.541315
8 178 3 31 205.634 54 1780 0.204246
8 179 1 29 121.127 54 4536.64 0.346745
8 179 2 30 57.2174 54 11720.5 0.734043
8 179 3 31 0.0103704 54 1905 4049.98
8 180 2 29 346.586 54 23938.1 0.121182
8 180 3 30 74.845 54 7359.08 0.56116
8 180 4 31 1.4053e-05 54 1392 2.98869e+06
8 181 2 29 145.507 54 23157.7 0.288646
8 181 3 30 129.649 54 4587 0.323951
8 181 4 31 4.29054e-05 54 406 978897
8 182 1 29 246.706 54 20944 0.170243
8 182 2 30 45.2133 54 8286.79 0.928931
8 182 3 31 131.493 54 1159 0.319408
8 183 1 29 109.451 54 9289.17 0.383733
8 183 2 30 94.7319 54 9372.63 0.443357
8 183 3 31 57.1618 54 1528 0.734757
8 184 2 29 125.712 54 15218.2 0.334097
8 184 3 30 81.5702 54 6362.4 0.514894
8 184 4 31 0.00624978 54 1029 6720.23
8 185 2 29 118.167 54 20837.9 0.355431
8 185 3 30 58.4428 54 5508.26 0.718651
8 185 4 31 257.604 54 1170 0.163041
8 186 2 29 200.576 54 19978.4 0.209397
8 186 3 30 51.175 54 8434.86 0.820713
8 186 4 31 41.2467 54 1132 1.01826
8 187 1 29 62.642 54 6973.46 0.670477
8 187 2 30 22.6372 54 13774.6 1.85535
8 187 3 31 0.0759205 54 1665 553.21
8 188 1 29 149.606 54 25815.1 0.280737
8 188 2 30 194.892 54 9103.48 0.215504
8 188 3 31 0.108066 54 1957 388.651
