247507 247507 0.000198008 0.00209694 0.0197552 0.025061 0.0175133 0.0131834 0.0118783 0.0115833 0.0115886 0.0116377 0.0116404 0.0115874 0.0115041 0.0114179 0.0113495 0.0113225  4.83041e+07 2.94315e+07 5.37185e+06 1.92887e+06 740806 327480 111630 93373.8 74293.4 47090.3 20219.3 15125.9 11055.1 6838.97 3033.24 648.4
6.86956e+06 6.86956e+06 0.00319576 0.0332464 0.268158 0.326442 0.243509 0.190334 0.173512 0.169648 0.169668 0.170214 0.170113 0.169268 0.16804 0.166801 0.165835 0.165456  7.65331e+06 2.67785e+07 1.58738e+07 3.20128e+06 1.42871e+06 768727 412453 152673 123571 98504.8 63240.3 27870.4 20325.7 14602.5 8994.28 5187.42
2.05659e+06 2.05659e+06 0.00287123 0.0299215 0.244888 0.299089 0.221746 0.172734 0.157308 0.153781 0.153817 0.154337 0.154265 0.153509 0.152399 0.151274 0.150396 0.150051  1.99829e+06 1.38867e+06 4.72131e+06 2.17767e+06 449008 254755 162656 94451 36257.6 28518.1 22327.3 14162.2 6183.77 4381.39 3088.89 2992.5
544760 544760 0.00123088 0.0129548 0.11549 0.144312 0.103269 0.0787932 0.0712892 0.0695835 0.0696077 0.0698783 0.0698745 0.069546 0.0690445 0.0685296 0.0681241 0.0679644  7.37363e+06 1.05798e+06 749672 2.02265e+06 946764 242702 153692 100707 57857 21613.9 16426.2 12389 7575.98 3204.68 2216.34 3022.24
326109 326109 0.000467667 0.00494474 0.0459171 0.0580206 0.0408017 0.0308237 0.0278039 0.0271206 0.0271324 0.0272449 0.0272491 0.0271238 0.0269286 0.0267269 0.0265674 0.0265045  4.16082e+07 1.06538e+07 2.84203e+06 594079 1.2063e+06 664706 221058 167227 127205 80665 35676.5 27036.7 19933.8 12463 5594.1 9087.76
6.14212e+06 6.14212e+06 0.00418585 0.043303 0.333309 0.40122 0.304979 0.241005 0.220427 0.215651 0.215626 0.216235 0.216043 0.214938 0.213371 0.211805 0.210592 0.210117  7.8931e+07 2.73068e+07 8.5907e+06 2.52259e+06 534585 1.10557e+06 665400 249302 193302 151012 98154.5 44659.1 32816.6 23586.8 14658 17340.8
2.45992e+06 2.45992e+06 0.00348458 0.0361528 0.285248 0.344547 0.259087 0.203711 0.186164 0.182208 0.182312 0.182938 0.182852 0.181959 0.180651 0.179328 0.178297 0.177892  2.42543e+06 1.30546e+07 4.8517e+06 1.13828e+06 335546 92668 217645 139220 54273.9 41351 31767.9 20323.2 9107.75 6490.82 4566.87 6147.02
598465 598465 0.000570075 0.00602451 0.0556886 0.0702979 0.0495362 0.0374585 0.0337938 0.0329613 0.0329728 0.0331069 0.0331104 0.0329572 0.0327198 0.0324747 0.0322811 0.0322047  5.33697e+07 1.28268e+06 6.97042e+06 1.88546e+06 437431 166364 52439 127402 80832.1 30680.8 22581.1 16705.8 10300 4470.85 3109.74 5040.55
174587 174587 0.000182231 0.00193056 0.018244 0.023179 0.0161798 0.0121682 0.0109589 0.0106844 0.010688 0.0107325 0.0107345 0.0106852 0.0106082 0.0105285 0.0104655 0.0104406  1.7125e+07 2.01236e+07 578130 3.63191e+06 1.3991e+06 601665 294359 73216.5 146920 94478.1 40843.3 30535.2 22422.4 13995.7 6284.46 11396
8.82891e+06 8.82891e+06 0.00653641 0.0666765 0.458917 0.537574 0.426274 0.345827 0.319001 0.31272 0.312639 0.313322 0.312884 0.311211 0.308942 0.306713 0.305004 0.304339  3.32628e+07 1.16758e+07 1.17714e+07 438787 2.86175e+06 1.34975e+06 720571 375560 90283.3 169996 109783 48999.2 35773.6 25693.8 15931.3 20181.4
1.4925e+06 1.4925e+06 0.00394469 0.0408039 0.314123 0.376884 0.286114 0.226321 0.207259 0.202979 0.203114 0.203798 0.20369 0.20269 0.201236 0.199769 0.198627 0.198179  4.36352e+06 5.59294e+06 2.00607e+06 1.09006e+06 44216.3 376220 225735 137562 73244.3 17118.7 30818.3 19486.6 8605.26 6105.05 4296.33 5997.96
847482 847482 0.00175465 0.0184158 0.160158 0.198953 0.1439 0.110426 0.100063 0.0976853 0.0976967 0.098049 0.0980235 0.097552 0.0968452 0.0961239 0.0955579 0.0953353  4.48303e+07 2.30591e+06 2.96417e+06 729413 385592 20704.6 204067 127278 77032.2 39934.8 9013.09 15619.2 9515.28 4069.11 2817.28 4664.56
192189 192189 0.000319836 0.00338611 0.031805 0.0403559 0.0282479 0.021273 0.0191647 0.0186842 0.0186885 0.0187644 0.0187666 0.0186797 0.0185449 0.0184055 0.0182954 0.0182519  1.66654e+07 1.5018e+07 1.1832e+06 1.3006e+06 715702 527642 42502.4 307889 170427 118512 64711 14056.7 22604.4 13834.9 6157.06 11327.8
6.13097e+06 6.13097e+06 0.00565127 0.0579748 0.416982 0.493987 0.385504 0.309475 0.284419 0.278521 0.27841 0.27905 0.278692 0.277212 0.275183 0.27318 0.27164 0.27104  4.56379e+07 1.11109e+07 8.78872e+06 1.01442e+06 1.00999e+06 774983 605688 59476.7 372549 202497 147484 80116.8 16920.2 26027.6 15784.4 20057.5
1.53647e+06 1.53647e+06 0.00409489 0.0423417 0.324849 0.389856 0.296474 0.234611 0.214796 0.210288 0.210367 0.211032 0.210891 0.20984 0.208327 0.206805 0.205623 0.20516  9.51061e+06 7.74672e+06 1.9589e+06 943441 125250 144946 145286 118294 12609.9 73330.7 38726.1 28118.4 14877.3 3047.67 4561.11 6236.05
767433 767433 0.00104661 0.0110342 0.0998237 0.125412 0.0892236 0.0677967 0.0612319 0.0597217 0.0597237 0.0599478 0.0599405 0.059656 0.0592236 0.05878 0.058431 0.0582935  1.5425e+08 5.02563e+06 4.10198e+06 705764 330878 58405.3 78372.7 81615 65946.8 6840.08 38392.4 19510.1 13645.5 6990.65 1397.47 4861.41
217990 217990 0.000209016 0.00221403 0.0208976 0.0265432 0.0185381 0.0139452 0.0125596 0.0122447 0.0122485 0.0122992 0.0123013 0.0122448 0.0121566 0.0120652 0.011993 0.0119644  6.5988e+07 3.99933e+07 2.63597e+06 1.46392e+06 537140 343078 110607 100743 124893 93762.2 11676.9 57136.2 27798.8 20152.8 10505.4 9270.32
1.69883e+07 1.69883e+07 0.0101419 0.100857 0.577988 0.645936 0.543181 0.460299 0.431875 0.425901 0.42653 0.427597 0.427027 0.424823 0.421861 0.41897 0.416766 0.415912  3.2032e+07 3.01927e+07 1.8975e+07 2.10602e+06 1.05983e+06 538843 393618 154197 118052 155334 111968 14908.6 66736.1 31650.1 22955.8 22435.7
3.74816e+06 3.74816e+06 0.00683026 0.0692919 0.458384 0.52818 0.423527 0.347499 0.32243 0.317062 0.317539 0.318564 0.318324 0.316754 0.31453 0.312312 0.310599 0.309931  7.34336e+07 5.75642e+06 4.69693e+06 1.00587e+06 134023 95004.4 68918.1 58372.5 25597.4 17403.3 23330.4 16059.5 2158.76 9163.41 4248.32 6083.77
955722 955722 0.00111128 0.0117097 0.105442 0.132254 0.0942632 0.0717058 0.0647806 0.0631864 0.0631901 0.0634283 0.0634214 0.0631211 0.0626644 0.0621958 0.061827 0.0616817  1.74219e+07 3.86154e+07 2.90612e+06 1.10767e+06 206833 43070.4 38968.7 30354.2 25767.5 11010.1 7214.84 9289.32 6149.78 799.629 3310.55 3664.59
417963 417963 0.000278857 0.00295312 0.0278101 0.035316 0.0246929 0.0185827 0.0167363 0.016315 0.0163183 0.0163846 0.0163865 0.0163106 0.0161929 0.0160711 0.0159749 0.0159369  1.27589e+07 8.63146e+06 1.1081e+07 1.36624e+06 766609 329723 153596 82326.6 66014.2 55242.2 27067.5 15999.5 21033.3 13549.8 1962.22 15868.3
1.04809e+07 1.04809e+07 0.00968899 0.096903 0.576812 0.653067 0.543928 0.456338 0.425914 0.4189 0.418927 0.419647 0.418888 0.416595 0.413601 0.410708 0.408513 0.407665  6.29267e+07 8.65004e+06 6.35885e+06 6.01161e+06 1.20869e+06 784441 401530 218645 110502 85840.9 71569.3 35670.2 19747.9 25618 16136.1 21274
1.447e+06 1.447e+06 0.0035875 0.037241 0.294946 0.357508 0.26866 0.21085 0.192405 0.188129 0.188119 0.188689 0.188554 0.187606 0.186242 0.184871 0.183805 0.183388  7.9702e+07 1.06339e+07 1.45194e+06 481780 313960 135964 111423 63238.7 37296.9 18053.9 13496 11021.7 5431.98 2854.8 3655.6 5269.61
1.58542e+06 1.58542e+06 0.00124832 0.0131464 0.117774 0.147609 0.105462 0.0803175 0.0725832 0.0707971 0.0707933 0.0710515 0.0710375 0.0706974 0.0701841 0.0696588 0.0692459 0.0690834  1.82754e+08 4.21593e+07 5.68607e+06 570182 188647 158240 77867.1 65792.6 36957.2 21193 9901.66 7124.14 5605.46 2675.36 1372.18 4212.26
1.62338e+06 1.62338e+06 0.000796813 0.00841189 0.0770178 0.0970412 0.06868 0.0520455 0.0469767 0.0458181 0.045826 0.0460045 0.0460035 0.0457875 0.0454563 0.0451157 0.0448471 0.0447412  1.86188e+07 4.55779e+07 1.23025e+07 2.06925e+06 468869 293960 215622 150896 112387 62501.1 39336.1 17707.2 12449.9 9639.3 4644.07 9619.6
1.78309e+07 1.78309e+07 0.00876383 0.0883034 0.553768 0.636269 0.521689 0.4321 0.401071 0.393579 0.393253 0.393784 0.392996 0.390782 0.387915 0.385151 0.383056 0.382247  9.45586e+06 9.40076e+06 2.06426e+07 6.40181e+06 1.43687e+06 486374 363212 250887 202441 141603 76944.4 49187.5 21456.9 14557.5 11067.8 16268.7
2.4185e+06 2.4185e+06 0.00773436 0.078436 0.515902 0.599517 0.483641 0.396107 0.366147 0.358859 0.358499 0.359031 0.358358 0.356354 0.353728 0.351183 0.349247 0.348498  4.11728e+07 1.63744e+06 1.51493e+06 1.38468e+06 408174 162335 76236.2 63611.9 42447 36206.8 24010.9 12558.8 7917.19 3336.47 2207.64 4101.26
2.15054e+06 2.15054e+06 0.00442683 0.0457295 0.347824 0.417422 0.318741 0.252532 0.231097 0.226088 0.226042 0.226662 0.22645 0.225287 0.223646 0.222009 0.220741 0.220246  1.26302e+08 2.16571e+07 826234 351734 286638 133947 67644.9 33808.3 28057.5 18136.7 14849.4 9432.08 4736.78 2885.75 1185.62 2199.99
1.16912e+06 1.16912e+06 0.00102496 0.0108085 0.0979766 0.123189 0.0875767 0.0665124 0.0600637 0.0585799 0.0585802 0.0587988 0.0587908 0.0585111 0.0580865 0.0576511 0.0573085 0.0571736  5.35015e+07 3.4294e+07 6.13675e+06 515562 269326 300423 238229 120295 71143.4 56528.1 35029.9 32299.9 19735.8 9898.81 6186.34 7143.75
1.60312e+07 1.60312e+07 0.0101213 0.101304 0.605104 0.689747 0.575382 0.481427 0.447979 0.439587 0.438904 0.439181 0.438084 0.435507 0.432279 0.429211 0.426906 0.42602  3.5555e+07 2.52011e+07 1.64542e+07 3.24334e+06 526432 288267 342815 299751 153831 93414.9 72290.7 42694.9 39958.8 23498.9 11589.3 15532.9
1.92839e+06 1.92839e+06 0.0035949 0.0372884 0.293532 0.354666 0.267013 0.209969 0.19181 0.187663 0.187722 0.188334 0.188226 0.187296 0.185944 0.184581 0.183519 0.183103  2.69254e+07 5.9822e+06 3.95095e+06 966827 190689 68197.5 41926.4 53692.6 49258.5 25206.1 15067.9 11291.8 6358.94 5910.11 3379.56 3852.28
1.02387e+06 1.02387e+06 0.00135464 0.014258 0.127091 0.159093 0.113915 0.0868541 0.0785109 0.0765789 0.0765702 0.0768449 0.0768265 0.076457 0.0759014 0.0753335 0.0748875 0.074712  8.10945e+07 1.4239e+07 3.19234e+06 1.52615e+06 369574 94319.5 38512.8 24472 31059.2 27726.4 13700.2 7884.52 5693.54 3105.25 2816.66 3385.16
558467 558467 0.000505544 0.00534615 0.0497071 0.062891 0.0442152 0.0333804 0.0300944 0.0293446 0.0293508 0.0294683 0.0294702 0.0293331 0.0291213 0.0289027 0.0287301 0.028662  5.16962e+07 2.66926e+07 5.17661e+06 1.15794e+06 765228 343234 164301 102357 46844.6 51171.5 49988 24115.2 14522 10144.6 5377.53 11086.7
1.57871e+07 1.57871e+07 0.0107081 0.106538 0.611224 0.687835 0.580011 0.490356 0.458617 0.451117 0.450951 0.451515 0.450553 0.448016 0.444779 0.441681 0.439346 0.438446  2.2359e+07 2.70395e+07 1.48074e+07 3.39845e+06 850718 676994 372870 217850 145809 61399.4 63455.9 62198.6 29094.4 17432.1 11835.1 18970.4
1.47214e+06 1.47214e+06 0.00286936 0.0298598 0.241728 0.29347 0.218301 0.170659 0.155726 0.152407 0.152549 0.153132 0.153102 0.152378 0.151291 0.150184 0.149315 0.148974  869463 3.87071e+06 4.176e+06 850402 201364 83072.1 86672.6 54972 35823.1 24280.9 9512.44 9360.49 9014.7 4100.74 2418.36 4207.66
857839 857839 0.00159698 0.0167811 0.147457 0.183793 0.132381 0.101303 0.0916902 0.0894705 0.0894677 0.0897871 0.0897631 0.0893306 0.0886821 0.0880202 0.0875007 0.0872964  9.34165e+07 460128 2.08213e+06 1.73752e+06 354132 105208 48857.7 52547.1 33053.8 20992 13759.7 5195.57 4930.25 4600.53 2042.86 3240.53
529567 529567 0.000904674 0.0095444 0.0868862 0.109303 0.077549 0.0588482 0.053139 0.0518329 0.051841 0.052041 0.0520383 0.0517932 0.0514184 0.0510333 0.0507299 0.0506103  1.19021e+07 2.56412e+07 237137 1.16675e+06 956137 430855 184910 86964.2 78991.5 54076.5 38684.2 26087.5 9787.07 8588.4 8223.34 9232.24
6.78874e+06 6.78874e+06 0.00583964 0.0592171 0.392004 0.446271 0.356015 0.29327 0.273639 0.270304 0.271585 0.273053 0.273225 0.272101 0.270308 0.268453 0.266991 0.266415  1.78098e+07 8.04825e+06 1.33444e+07 180132 973140 820165 495751 242790 114623 96891.5 66221.7 48022.5 31815.3 11676.4 9869.19 19905.9
1.26761e+06 1.26761e+06 0.00423753 0.0437878 0.334095 0.400564 0.305314 0.241877 0.221485 0.216817 0.216871 0.217534 0.217374 0.216282 0.214719 0.213152 0.211934 0.211458  2.28271e+07 3.46432e+06 1.37422e+06 1.13489e+06 15797.8 123151 120294 87577 45851.5 21537.6 17302.5 11567.4 8272.41 5344.55 1913.7 4788.9
991990 991990 0.00189357 0.0198608 0.171725 0.213077 0.154506 0.118703 0.107576 0.105006 0.105003 0.105371 0.105336 0.104825 0.104064 0.103289 0.102682 0.102443  1.30595e+08 1.20606e+07 1.83143e+06 487734 391143 7284 66025.7 67033.2 48420.6 24658.8 11176.3 8637.98 5561.81 3850.98 2427.79 2987.51
484067 484067 0.000523062 0.00553063 0.0513592 0.0649539 0.0456884 0.0345036 0.0311105 0.0303366 0.0303434 0.030465 0.030467 0.0303254 0.0301064 0.0298805 0.0297022 0.0296318  2.16293e+07 3.34985e+07 3.47576e+06 985143 436819 349320 17125.5 135195 95703.5 79067.3 42058.7 19701.8 13913.7 9182.52 6340.5 9016.15
1.17205e+07 1.17205e+07 0.00781073 0.0790375 0.511965 0.590912 0.478616 0.393847 0.365091 0.358396 0.358356 0.359071 0.358509 0.356573 0.353988 0.351466 0.34954 0.348793  2.96193e+07 1.54693e+07 1.60516e+07 1.87873e+06 872990 467900 399742 24174.3 178072 112195 97678.1 52206.7 23982.4 16160.7 10546.5 17533.9
2.21664e+06 2.21664e+06 0.00538011 0.055321 0.405103 0.48271 0.374336 0.299043 0.27421 0.268255 0.268042 0.268618 0.268254 0.266816 0.264851 0.262913 0.261424 0.260844  3.80961e+06 5.9269e+06 2.77216e+06 1.23531e+06 134395 112983 76798.2 71221.4 4587.83 32703.9 18984.5 16640.6 8722.65 3902.98 2547.68 4387.97
839872 839872 0.00182671 0.019169 0.166442 0.206798 0.149698 0.114881 0.104067 0.101565 0.101558 0.101912 0.101878 0.101384 0.100648 0.0998977 0.0993096 0.0990785  1.29619e+07 2.01065e+06 3.09559e+06 878595 374174 57101.1 57009.5 40418.7 37133.5 2320.53 15921.9 8875.28 7483.2 3794.99 1656.42 2889.16
236311 236311 0.000425455 0.00450107 0.0420077 0.0531963 0.0373364 0.0281621 0.0253834 0.0247501 0.0247562 0.0248565 0.024859 0.0247439 0.0245653 0.0243809 0.0242353 0.0241778  2.72606e+07 1.00546e+07 1.32701e+06 1.59732e+06 561784 292686 73875.5 99655.8 73820.9 59581.4 4450.05 29361.7 14673.2 13045.6 6707.2 8017.7
8.0517e+06 8.0517e+06 0.0079931 0.080863 0.52257 0.60381 0.489787 0.403043 0.373414 0.36637 0.366174 0.366796 0.366151 0.364133 0.361473 0.358889 0.356922 0.35616  2.23389e+07 1.98154e+07 8.14302e+06 1.23759e+06 1.46875e+06 603520 334913 94918 133777 97474.4 76192.9 5875.76 36390.8 17277.4 15388.5 17290.2
1.56842e+06 1.56842e+06 0.00357606 0.0370497 0.289097 0.347568 0.262328 0.206914 0.189371 0.185481 0.185662 0.186343 0.186282 0.185389 0.184068 0.182728 0.181681 0.18127  4.92546e+06 4.13195e+06 3.53411e+06 745653 118032 192801 100115 59285 17336.1 24379.3 17237.6 12976.2 979.674 5867.61 2689.78 5068.18
997769 997769 0.00181556 0.0190547 0.165642 0.205902 0.148987 0.114301 0.103532 0.101038 0.101028 0.101379 0.101345 0.100852 0.100119 0.0993727 0.0987875 0.0985575  1.30751e+08 2.60375e+06 2.19841e+06 1.33265e+06 274936 56734.4 106597 57453.5 33798.7 9630.5 13088.2 8913.38 6467.31 472.942 2764.66 3588.02
235403 235403 0.000253469 0.00268235 0.0251142 0.0317757 0.0222593 0.016787 0.0151381 0.0147681 0.0147779 0.0148421 0.0148464 0.0147793 0.0146735 0.0145637 0.0144767 0.0144423  2.2036e+07 4.19597e+07 1.33808e+06 1.60397e+06 842549 401003 105646 170593 85214.6 49617.4 15890 22098 14936.2 10439.4 795.303 10329.7
1.46314e+07 1.46314e+07 0.00813979 0.081678 0.499455 0.562566 0.462259 0.386831 0.362073 0.357359 0.358428 0.359803 0.359645 0.35796 0.355526 0.353087 0.351199 0.350462  1.44152e+07 1.46843e+07 2.25398e+07 1.08161e+06 1.46822e+06 901296 524693 150743 229251 111176 63590.2 20365 27514.5 18064.5 12341.7 13012
1.5514e+06 1.5514e+06 0.00338688 0.0350667 0.272469 0.325974 0.246106 0.194569 0.178426 0.175004 0.175339 0.176089 0.176099 0.175296 0.174069 0.172812 0.171825 0.171437  7.13553e+07 2.44973e+06 2.32268e+06 1.47603e+06 81585.9 158427 135072 89621.8 26950 39479.9 18547.2 10248.8 3199.14 4209.73 2702.92 3736.23
1.20279e+06 1.20279e+06 0.00157011 0.0164822 0.143677 0.178216 0.128684 0.0987574 0.0895412 0.0874632 0.0875145 0.0878601 0.0878571 0.0874462 0.0868188 0.0861746 0.0856676 0.0854679  9.17503e+07 3.77097e+07 1.30109e+06 865434 531450 38365.8 86184.9 76611.3 50653.6 14872.4 21083 9547.75 5087.72 1538.69 1976.41 2968.64
1.44092e+06 1.44092e+06 0.000968273 0.010209 0.0924344 0.116044 0.0825072 0.0627069 0.0566611 0.0552846 0.0553003 0.0555168 0.0555156 0.0552553 0.0548564 0.0544462 0.0541229 0.0539955  1.837e+07 2.32759e+07 1.04083e+07 951467 555434 587532 80435 160511 121151 87361.6 26008.7 36111.4 15906.8 8421.54 2598.7 8258.7
8.57078e+06 8.57078e+06 0.00645378 0.0649457 0.407171 0.454907 0.368613 0.308058 0.28952 0.287016 0.288904 0.290755 0.29111 0.290027 0.288195 0.28627 0.284742 0.284138  3.56548e+07 9.78352e+06 1.11446e+07 5.1128e+06 766876 509184 680371 113030 207918 157073 112811 33113.9 44208.2 18889.3 9857.6 12551.1
1.14522e+06 1.14522e+06 0.0036339 0.0375608 0.287877 0.343091 0.260382 0.206547 0.189634 0.186065 0.186435 0.18723 0.187237 0.186382 0.18508 0.183747 0.182701 0.18229  3.08751e+06 6.00654e+06 1.67036e+06 805338 300135 76760.6 70037.4 113430 20630.8 36464.9 27298.8 19145.9 5464.53 7066.2 2950.71 3450.74
786554 786554 0.00134696 0.0141572 0.124763 0.155172 0.111523 0.0853657 0.0773398 0.0755345 0.0755837 0.07589 0.0758934 0.0755416 0.0750005 0.0744437 0.0740047 0.0738317  1.60389e+08 1.63099e+06 3.17684e+06 599588 276701 136619 40760.7 38884.4 62803.7 11154 19074.8 13763.1 9306.96 2573.42 3248.1 2890.12
393487 393487 0.000392101 0.00414523 0.0384637 0.0485247 0.03412 0.0257923 0.0232787 0.0227162 0.0227331 0.0228321 0.0228387 0.0227355 0.0225729 0.0224043 0.0222707 0.022218  4.82739e+07 4.75146e+07 1.78457e+06 1.44607e+06 517139 332922 177114 83361.2 65630.5 111879 20864.1 33954.9 24237.8 16344 4411.04 10520.1
1.48062e+07 1.48062e+07 0.00623642 0.0633393 0.423241 0.486503 0.388014 0.318177 0.295695 0.291259 0.292072 0.293277 0.293223 0.291873 0.28987 0.287843 0.286264 0.285645  7.59759e+07 2.80797e+07 2.57342e+07 1.40143e+06 1.20696e+06 607419 420843 210582 101193 80282.5 141157 26730.5 41065.2 28894.3 19153 17238.8
2.156e+06 2.156e+06 0.00275475 0.0286599 0.231663 0.28056 0.20868 0.163319 0.149187 0.146119 0.14633 0.146938 0.14694 0.146263 0.14523 0.144171 0.143339 0.143011  5.1271e+06 1.26388e+07 4.56018e+06 2.2406e+06 111796 160246 109067 79963.6 38139.2 17973.2 14214.7 24943.8 4636.86 6862.6 4744.94 5890.23
1.05703e+06 1.05703e+06 0.000967747 0.0101994 0.0920545 0.115359 0.0821059 0.0624658 0.0564721 0.0551159 0.0551418 0.0553643 0.0553674 0.0551104 0.0547142 0.0543059 0.0539839 0.0538569  9.45044e+07 2.71295e+06 6.79386e+06 1.88928e+06 923740 57841.3 93575.4 65807.9 47930.9 22304.1 10172 7757.37 13130.6 2365.36 3417.52 5201.69
431350 431350 0.000424196 0.00448654 0.0417795 0.0528403 0.0371152 0.0280182 0.0252666 0.0246435 0.0246536 0.0247557 0.0247596 0.0246457 0.0244683 0.0242849 0.0241399 0.0240827  3.54175e+07 2.72283e+07 1.2888e+06 2.93737e+06 1.26489e+06 847798 120014 169204 118864 78285.4 32165.3 15096.1 11473.6 19985.7 3651.36 13062.6
5.79703e+06 5.79703e+06 0.00325423 0.0337288 0.264323 0.317083 0.238648 0.188284 0.172548 0.169206 0.169517 0.170237 0.170244 0.169465 0.168275 0.167057 0.1661 0.165723  2.39761e+07 1.78678e+07 1.42026e+07 917277 2.34995e+06 1.15297e+06 964983 148674 228773 159716 100686 38754.4 17669.8 13270.2 23039.3 19162.4
1.72777e+06 1.72777e+06 0.00316871 0.0329034 0.261621 0.315906 0.236633 0.185861 0.169921 0.166418 0.166608 0.16725 0.167218 0.166428 0.165245 0.164039 0.163095 0.162724  3.11605e+06 4.01263e+06 3.03322e+06 1.84308e+06 124110 424458 226046 214886 33171.3 52665.5 35990 21796.5 7982.71 3532.8 2612.73 8251.82
646124 646124 0.00129639 0.0136364 0.120965 0.150885 0.108186 0.0826572 0.0748279 0.073055 0.0730873 0.0733741 0.0733715 0.0730275 0.0725018 0.0719618 0.0715366 0.071369  4.2874e+07 1.64812e+06 2.14683e+06 1.20301e+06 722322 62152.8 241990 133423 125985 18959.7 29108.3 19168.9 11193.5 3971.63 1715.68 5176.4
248924 248924 0.000342973 0.00362413 0.0335039 0.0421475 0.0296668 0.022461 0.0202936 0.0198166 0.0198396 0.0199313 0.0199403 0.0198521 0.0197113 0.0195646 0.0194481 0.0194021  2.53178e+07 2.1249e+07 1.28691e+06 1.67287e+06 643252 631919 81695.5 317592 146743 154924 25279.8 40905.5 25995.1 14575 4972.28 8781.73
6.77836e+06 6.77836e+06 0.00427775 0.0440658 0.32843 0.389138 0.298657 0.23843 0.219328 0.215267 0.215644 0.216494 0.21645 0.215435 0.213921 0.212383 0.21118 0.210709  1.92589e+07 1.55628e+07 1.41241e+07 1.14702e+06 1.40215e+06 551852 728524 102927 402301 165798 186124 29708.7 48665.3 29966.6 16382.8 15220
1.51789e+06 1.51789e+06 0.00295609 0.0307026 0.244765 0.295077 0.220622 0.173303 0.158551 0.155388 0.155649 0.15631 0.156319 0.155604 0.154509 0.153387 0.152504 0.152157  4.50705e+07 3.40454e+06 2.64123e+06 1.6618e+06 153667 215416 99997.3 156023 22214.1 86312 33059 37230.5 5743.16 9276.12 5582.95 5778.85
933944 933944 0.00135994 0.0142743 0.124429 0.153855 0.110983 0.0852685 0.0774165 0.0757006 0.0758018 0.0761394 0.0761612 0.0758194 0.075283 0.0747278 0.0742888 0.0741156  7.08388e+07 2.38379e+07 1.82239e+06 1.05462e+06 653192 76848 122674 59047.7 91649.1 12736.4 47895.2 17688.4 19214.1 2872.12 4528.52 5448.95
752746 752746 0.000598659 0.00632444 0.0582907 0.0734946 0.0518486 0.0392427 0.0354198 0.0345552 0.0345707 0.034713 0.0347174 0.0345574 0.0343088 0.034052 0.0338492 0.0337691  2.52892e+07 2.49532e+07 6.90854e+06 1.29379e+06 662841 622822 156009 167797 64601.2 128200 18558.5 66980.9 22471.5 25641.8 3807.15 13412.4
3.43297e+06 3.43297e+06 0.00150281 0.0157574 0.136127 0.167846 0.121519 0.0935901 0.0850578 0.0832053 0.0833263 0.0836991 0.0837229 0.0833474 0.0827584 0.082149 0.0816674 0.0814774  1.03729e+08 1.5471e+07 1.52284e+07 3.74879e+06 1.15675e+06 631677 718878 223108 205571 74956.7 162152 23282.9 80482.8 25615.8 29431.1 19579.9
1.92307e+06 1.92307e+06 0.00244285 0.0255014 0.211929 0.259385 0.190997 0.148332 0.135038 0.132059 0.132153 0.132652 0.132626 0.131996 0.13105 0.130084 0.129327 0.129029  4.61961e+06 1.73673e+07 2.7083e+06 2.56523e+06 638974 248149 145950 179840 59166.8 50802.2 17895.2 38893.2 5411.28 18163.6 5602.9 10647
904576 904576 0.000700642 0.00739771 0.0678428 0.0854322 0.0604022 0.0457697 0.0413233 0.0403156 0.0403319 0.0404958 0.0404994 0.0403118 0.0400216 0.0397222 0.0394858 0.0393925  5.50395e+07 2.44671e+06 9.41536e+06 1.20738e+06 1.16611e+06 355077 152818 92163.8 112451 36044 29933.2 10165.2 21309.5 2873.07 9414.52 8267.93
372887 372887 0.000419827 0.0044402 0.0413385 0.0522723 0.0367185 0.0277217 0.0250011 0.0243858 0.0243966 0.0244981 0.0245022 0.0243897 0.0242142 0.0240328 0.0238893 0.0238327  3.66618e+07 1.81586e+07 1.0579e+06 3.11839e+06 797989 777986 236798 179009 96306.4 128034 48288.5 35693.3 11325.5 24905.6 3436.42 20220
3.89905e+06 3.89905e+06 0.00238205 0.0248132 0.202821 0.245795 0.181872 0.142083 0.129821 0.127234 0.127492 0.128077 0.128115 0.127545 0.126654 0.125733 0.125005 0.124719  1.27866e+08 2.19977e+07 1.07766e+07 758395 1.99669e+06 704151 781594 239000 213915 110166 150270 58659 40506.4 12386.8 27401.4 25747.9
3.60956e+06 3.60956e+06 0.0048413 0.0497864 0.365644 0.433196 0.334769 0.267855 0.246277 0.241475 0.241678 0.242466 0.242309 0.241111 0.239388 0.237658 0.236315 0.23579  2.50622e+07 2.11334e+07 4.07926e+06 1.58369e+06 115776 354175 143755 175700 53906 49320.9 24446.9 32976 12697.4 8404.32 2506.14 10684.6
1.09869e+06 1.09869e+06 0.000740416 0.00781673 0.0716031 0.0901644 0.0637842 0.0483398 0.0436405 0.0425721 0.042586 0.0427568 0.0427591 0.0425602 0.0422535 0.0419372 0.0416877 0.0415892  4.86332e+07 1.32248e+07 1.10385e+07 1.30229e+06 476384 48475.9 176823 75319.5 91661 27382.7 24176.4 11526.4 14971 5580.27 3603.86 5547.18
769928 769928 0.000598154 0.00631859 0.0581979 0.0733493 0.0517576 0.0391826 0.0353698 0.0345087 0.0345257 0.0346687 0.0346737 0.0345142 0.0342661 0.0340098 0.0338073 0.0337273  3.23295e+07 2.05184e+07 4.6847e+06 3.68476e+06 826292 429207 65566.4 152342 86780.2 105628 32806.5 33934.8 15296.4 20316 7845.49 12471.7
5.89508e+06 5.89508e+06 0.00305806 0.0317961 0.255496 0.309781 0.231187 0.181051 0.165307 0.1618 0.161936 0.162534 0.162486 0.161708 0.160551 0.159375 0.158454 0.158093  1.07399e+08 2.06463e+07 1.21476e+07 3.06241e+06 2.29852e+06 819699 480158 84320.1 164160 97128.2 123188 38106.1 40008.3 17513.2 23012.5 22944.8
1.4445e+06 1.4445e+06 0.00186509 0.0195076 0.164985 0.202154 0.147614 0.114289 0.104054 0.10184 0.101998 0.102452 0.102477 0.102017 0.101298 0.100555 0.0999681 0.0997368  5.75122e+06 1.77577e+07 3.64043e+06 1.63596e+06 453894 400003 178820 109908 19945.4 36187.3 20997.2 26580.5 8012.57 8268.11 3529.07 9180.87
786174 786174 0.000601851 0.006357 0.0585026 0.0737026 0.0520224 0.0393929 0.0355637 0.0346999 0.0347182 0.0348628 0.0348683 0.0347083 0.034459 0.0342014 0.0339977 0.0339173  1.16895e+07 3.04713e+06 9.67173e+06 1.69776e+06 779814 259212 251354 115229 70254 12445.1 21873.6 12249.8 14968.3 4374.36 4407.44 6648.83
400279 400279 0.000460941 0.00487533 0.0454042 0.0574606 0.0403664 0.0304656 0.0274669 0.0267844 0.0267918 0.0269003 0.0269028 0.0267781 0.0265849 0.0263854 0.0262278 0.0261656  5.78994e+07 7.36732e+06 1.50242e+06 3.2516e+06 1.11023e+06 620044 230870 192169 114918 75812.7 15764.6 23026.6 13487 16634.9 4941.53 12875.6
3.96721e+06 3.96721e+06 0.00325954 0.0337932 0.265383 0.318735 0.239749 0.189016 0.173142 0.169743 0.170028 0.170734 0.17073 0.169943 0.168746 0.167522 0.166562 0.166184  8.19612e+07 2.85477e+07 5.28905e+06 1.22638e+06 2.06753e+06 1.05342e+06 641055 273963 200807 134039 88854.4 19195.5 25607.5 14748.6 18161.5 19569.8
1.861e+06 1.861e+06 0.0026625 0.0277465 0.227299 0.276909 0.205033 0.159829 0.145715 0.142576 0.142704 0.143252 0.143226 0.142549 0.141531 0.140492 0.139677 0.139357  3.96635e+06 1.37869e+07 4.85479e+06 717079 179231 337020 214211 137482 61884.9 42700.6 28885.3 18654.4 3962.76 5045.18 2850.52 7253.82
798599 798599 0.000729082 0.00769936 0.0707041 0.0891419 0.0630044 0.0477114 0.0430565 0.0419938 0.0420026 0.0421682 0.0421687 0.0419715 0.0416683 0.041356 0.0411097 0.0410126  3.34488e+07 2.09978e+06 7.44237e+06 2.0842e+06 310594 96250.1 202345 132306 84177.3 36927 24644 16070.2 10009.4 2060.37 2560.72 5032.66
193928 193928 0.000227125 0.00240379 0.0225265 0.0285044 0.0199591 0.01505 0.013572 0.013241 0.0132503 0.0133082 0.0133124 0.0132524 0.0131576 0.0130591 0.0129811 0.0129502  3.54881e+07 1.96373e+07 848519 2.95457e+06 1.08519e+06 333624 121838 163094 152100 97794.7 44845.3 27548.8 19075.3 12002.9 2610.45 9079.95
6.07826e+06 6.07826e+06 0.00374188 0.0383899 0.278298 0.32271 0.248905 0.200976 0.186432 0.184003 0.184999 0.186167 0.186407 0.1857 0.18449 0.183211 0.18219 0.181786  1.36614e+08 2.36689e+07 1.25983e+07 616160 2.22766e+06 926515 389719 159281 170942 179846 114467 53767.4 30927.8 21439.3 13344.8 12949
2.86462e+06 2.86462e+06 0.00397729 0.0411581 0.317795 0.38207 0.289844 0.229005 0.209547 0.205114 0.205185 0.205835 0.2057 0.204676 0.203198 0.201713 0.200558 0.200105  5.88802e+06 2.24232e+07 3.94766e+06 1.29014e+06 66207.2 319766 155458 77032.3 33194.1 32578.3 35079 21745.3 10066.4 5559.95 3811.62 4618.1
832133 832133 0.000559451 0.00591059 0.0545131 0.0687157 0.0484558 0.0366715 0.0330999 0.0322938 0.0323108 0.0324459 0.0324514 0.0323027 0.0320708 0.031831 0.0316414 0.0315666  5.31789e+07 3.11198e+06 1.18966e+07 1.4473e+06 462446 31343 174848 88199 43356.3 18178.1 17221.1 17845 10656.4 4776.79 2574.66 3833.65
120136 120136 0.000109124 0.00115607 0.0109291 0.0138723 0.00967872 0.00728083 0.00655973 0.0063974 0.00640103 0.00642872 0.00643058 0.00640148 0.00635557 0.00630791 0.00627015 0.00625522  4.4754e+07 2.04737e+07 1.33224e+06 4.23926e+06 1.09475e+06 556229 48503.6 240928 101001 62505.1 27512.8 21564.3 24608.7 14661.3 6695.36 8862.68
4.10005e+06 4.10005e+06 0.00225975 0.0235963 0.196654 0.240421 0.176719 0.137244 0.125024 0.122341 0.122485 0.122987 0.122988 0.122419 0.121548 0.120656 0.119953 0.119677  3.00521e+07 2.64768e+07 1.19914e+07 992046 2.83926e+06 1.04853e+06 633403 67527.4 313074 119177 78895.4 34860.5 24929.6 28629.8 16817.8 17835.8
1.751e+06 1.751e+06 0.00226884 0.0237158 0.199267 0.244735 0.179434 0.138957 0.126369 0.123534 0.123607 0.124071 0.124045 0.123455 0.122568 0.121663 0.120952 0.120673  1.45443e+07 5.46395e+06 4.92857e+06 1.78194e+06 164471 525645 228416 149113 16945.1 76203 27389.8 18054.2 7786.56 5312.77 6028.41 7203.74
595685 595685 0.000682472 0.00720447 0.0659716 0.0829826 0.0586949 0.0445031 0.0401958 0.0392254 0.0392475 0.039411 0.0394169 0.0392359 0.0389543 0.0386633 0.0384333 0.0383426  1.12122e+08 7.70576e+06 2.97179e+06 2.26101e+06 840112 93770.4 329927 146659 94726.6 10485.8 45610 15805.9 10050 4200.55 2797.98 6844.76
1.18097e+06 1.18097e+06 0.00107158 0.011286 0.101248 0.126653 0.0903751 0.0688675 0.0622996 0.0608174 0.0608489 0.0610939 0.0610964 0.0608123 0.0603751 0.059925 0.0595701 0.0594301  7.20982e+07 3.66622e+07 2.76163e+06 1.72289e+06 1.1789e+06 612661 98612.2 243239 148520 107493 13427.3 54931 17496.7 11593.7 4890.2 10832.4
4.76177e+06 4.76177e+06 0.00175972 0.0184475 0.15895 0.196454 0.14253 0.109728 0.0996197 0.097358 0.0974293 0.0978157 0.0978115 0.0973538 0.0966561 0.0959403 0.0953773 0.0951555  1.01524e+07 3.686e+07 2.07076e+07 1.64514e+06 1.36667e+06 1.07351e+06 608727 122206 242430 164998 123589 16318.8 62688.4 19014.2 12655 16968.1
2.26703e+06 2.26703e+06 0.00221547 0.023144 0.193584 0.23698 0.173951 0.134953 0.122874 0.120208 0.120337 0.120826 0.120824 0.120263 0.119407 0.118529 0.117839 0.117567  1.44795e+06 1.7468e+06 6.48512e+06 3.40207e+06 289864 291849 258498 148429 31458.6 57550.8 39334.7 29055 3789.49 14073.9 4145.23 6397.98
1.0823e+06 1.0823e+06 0.00146719 0.0154089 0.134884 0.167441 0.120683 0.0925442 0.0839069 0.0819715 0.0820297 0.082361 0.0823627 0.0819799 0.0813926 0.0807886 0.0803129 0.0801254  1.36545e+08 766980 948591 2.93956e+06 1.57308e+06 162608 180995 164425 93564.6 19336 34236.1 22569.3 16084.8 2033.29 7372.57 5423.08
683132 683132 0.00091929 0.00970048 0.0884413 0.11138 0.0789884 0.0599066 0.0540766 0.0527365 0.0527374 0.052936 0.0529301 0.0526789 0.0522967 0.0519044 0.0515955 0.0514739  3.99586e+07 3.46825e+07 490893 608578 1.35597e+06 933055 138805 173668 153632 94494.3 23043.6 33645.6 24094.3 17411.4 2324.98 13914.4
7.67661e+06 7.67661e+06 0.00427981 0.0441236 0.330889 0.393333 0.30136 0.240102 0.220599 0.216362 0.216649 0.217447 0.217368 0.216327 0.214794 0.213243 0.212033 0.211559  3.5765e+07 2.32509e+07 1.671e+07 424426 499852 1.15096e+06 932060 161727 201471 180135 108766 28066.8 36908.5 26594.7 19062.9 17778.9
2.22741e+06 2.22741e+06 0.00349537 0.0361759 0.280144 0.335066 0.253362 0.200438 0.183826 0.180288 0.18061 0.181362 0.181359 0.180524 0.179257 0.177961 0.176945 0.176545  4.56986e+06 6.65779e+06 4.27927e+06 1.90886e+06 55887.6 78215.4 212992 190714 34642 42035.4 37122.8 21625.3 5527.56 6907.78 4916.63 6749.64
1.10734e+06 1.10734e+06 0.00125733 0.013242 0.118678 0.148796 0.106303 0.0809482 0.0731501 0.071348 0.0713414 0.0715992 0.0715834 0.0712396 0.0707217 0.0701921 0.0697759 0.0696121  2.55556e+08 2.41489e+06 3.53274e+06 1.58012e+06 680634 26131 42375.4 120343 107358 19034.9 22345 19018.8 10682.5 2645.32 3226.82 5351.48
1.25274e+06 1.25274e+06 0.00102609 0.0108156 0.097691 0.122585 0.0872531 0.0663479 0.0599563 0.058498 0.0585116 0.058738 0.0587349 0.0584585 0.058036 0.057602 0.0572602 0.0571254  1.02181e+08 6.4931e+07 1.22835e+06 1.61276e+06 806874 450428 46793.6 58666.8 132141 123873 26388.7 29847.5 24870.2 13923.2 3685.49 11239.3
1.08693e+07 1.08693e+07 0.00345874 0.0357387 0.273427 0.32478 0.246408 0.195763 0.180016 0.176832 0.177317 0.178159 0.17822 0.177438 0.176215 0.174954 0.17396 0.173568  3.65859e+07 4.77294e+07 2.95963e+07 937986 1.25796e+06 762619 462119 64350.9 68718.6 147748 142841 31766.4 34427.4 28090.8 15385.6 16514.3
2.36746e+06 2.36746e+06 0.00196191 0.0205371 0.174755 0.215149 0.156872 0.121147 0.110103 0.107637 0.107725 0.108153 0.108148 0.107643 0.106873 0.106084 0.105463 0.105219  9.14759e+06 6.12609e+06 8.0256e+06 3.41672e+06 127605 213636 156279 99148.6 14809.1 14681.3 30703.1 29473.9 6479.38 6790.82 5437.82 6086.24
1.01329e+06 1.01329e+06 0.000882457 0.00930842 0.0846269 0.106346 0.075476 0.0573069 0.0517667 0.0505065 0.0505224 0.0507225 0.0507232 0.0504863 0.0501222 0.0497473 0.0494517 0.0493352  1.48858e+08 4.84806e+06 3.34366e+06 3.80363e+06 1.67303e+06 74552.8 136531 102021 64048.2 9323.83 8945.73 18045.9 16715.7 3561.83 3644.72 6075.71
1.19112e+06 1.19112e+06 0.00107315 0.011309 0.101924 0.127832 0.0910756 0.0692908 0.0626257 0.0611041 0.0611172 0.061352 0.0613476 0.0610581 0.0606166 0.0601633 0.0598064 0.0596658  3.03248e+07 4.59075e+07 2.25737e+06 1.43643e+06 1.54873e+06 788403 86299.6 138974 110812 73021.5 13130.6 11107.6 20725.8 19498.4 4460.09 11750.2
5.21875e+06 5.21875e+06 0.0018789 0.0196637 0.167086 0.205296 0.149699 0.115721 0.105266 0.102974 0.1031 0.103537 0.103548 0.103074 0.102342 0.101589 0.100995 0.100761  1.1002e+08 1.88192e+07 2.34807e+07 1.4786e+06 987087 1.17186e+06 671519 111604 167197 135187 87404.6 16382.7 12801.8 22907.5 21405.3 17919
2.17298e+06 2.17298e+06 0.00235651 0.0245962 0.204223 0.249517 0.183703 0.14277 0.130064 0.127259 0.127394 0.127906 0.1279 0.127304 0.126398 0.125469 0.12474 0.124453  7.5463e+06 1.81242e+07 3.28354e+06 3.5771e+06 249698 196793 260857 157690 28804.8 41499.1 32963.2 20637.5 3792.92 2846.42 4965.95 8445.96
1.19693e+06 1.19693e+06 0.000854395 0.00901391 0.0820715 0.103177 0.0731802 0.0555443 0.0501697 0.0489477 0.0489635 0.049158 0.049159 0.0489296 0.0485767 0.0482134 0.0479268 0.0478138  6.48477e+07 3.99643e+06 9.82136e+06 1.46013e+06 1.61548e+06 137839 120593 164158 98369.4 17519.8 24425.4 18710.3 11301 2012.92 1474.77 6822.28
1.12497e+06 1.12497e+06 0.00118397 0.0124745 0.112204 0.140807 0.100441 0.0764246 0.0690528 0.0673535 0.0673504 0.0675965 0.0675833 0.0672596 0.0667708 0.0662705 0.0658773 0.0657225  2.81416e+07 2.16014e+07 1.33743e+06 3.47094e+06 799355 881001 123063 98600.5 130045 83231.7 21060.8 27178.1 20940 12628.1 2364.1 9182.3
5.86633e+06 5.86633e+06 0.00423952 0.0433405 0.305587 0.351717 0.273969 0.222704 0.207109 0.204586 0.20574 0.207043 0.207307 0.206523 0.205185 0.203772 0.202645 0.202199  7.14734e+07 1.69497e+07 1.1536e+07 776891 2.14237e+06 690890 812565 143191 107272 140082 91350.6 25433.3 31148.8 23530.4 13931.2 12641.6
1.30689e+06 1.30689e+06 0.00242512 0.0253363 0.211884 0.260155 0.191167 0.148156 0.13472 0.131662 0.131707 0.132177 0.132135 0.131497 0.130548 0.129582 0.128826 0.128529  8.87298e+06 1.1769e+07 2.81729e+06 1.09699e+06 74536 271708 116065 150920 28878.8 20845.9 26758.8 17180.8 4795.8 5665.75 4195.93 4670.91
1.26369e+06 1.26369e+06 0.00114214 0.0120326 0.108164 0.135604 0.0967272 0.0736248 0.0665413 0.0649172 0.0649249 0.0651699 0.0651624 0.0648533 0.0643838 0.0639023 0.0635233 0.0633741  2.30684e+08 4.70058e+06 6.39312e+06 1.27692e+06 510659 42185.4 169599 74094.7 95268.3 17747.3 12385.5 15323.9 9488.85 2566.56 2959.98 4550.26
2.52303e+06 2.52303e+06 0.0020076 0.0210536 0.181724 0.225654 0.163818 0.125877 0.114062 0.111312 0.111283 0.111651 0.111599 0.11105 0.110239 0.109416 0.108772 0.108519  1.04719e+08 5.96055e+07 1.78499e+06 2.23053e+06 753115 404234 51312.8 170880 88531.8 108660 24031.4 15272 18357.4 11481 3405.28 9610.51
1.19268e+07 1.19268e+07 0.00395374 0.0408529 0.311913 0.372637 0.283584 0.224938 0.206333 0.202264 0.202508 0.203256 0.203187 0.202215 0.200778 0.199323 0.198186 0.197741  8.87002e+07 4.68796e+07 2.73814e+07 1.06964e+06 1.30589e+06 662960 415041 64274.4 189108 103810 125982 28693.1 17258.3 20207.2 12498.8 14289.3
3.86563e+06 3.86563e+06 0.00331467 0.0344185 0.273479 0.330786 0.248007 0.194697 0.177858 0.174078 0.174196 0.174813 0.174745 0.173899 0.172651 0.171387 0.1704 0.170012  6.00714e+06 1.45803e+07 7.89359e+06 3.17081e+06 139114 211516 133776 89498.1 14630.9 40603.2 22211.2 26303.7 5882.08 3410.29 3907.61 5127.71
1.61301e+06 1.61301e+06 0.00127141 0.0133748 0.118737 0.148116 0.106159 0.0810962 0.0734134 0.0716755 0.0717095 0.071993 0.0719918 0.0716551 0.0711396 0.0706099 0.0701926 0.0700282  1.60627e+07 3.17745e+06 7.80095e+06 3.12569e+06 1.24568e+06 69972.2 120971 79072.8 52471.2 8353.97 22402.7 11804.2 13474.8 2918.84 1651.72 4297.48
656790 656790 0.000790735 0.00834087 0.0758578 0.0952116 0.067536 0.0512977 0.046363 0.0452539 0.045282 0.0454708 0.0454775 0.0452686 0.044944 0.0446086 0.0443437 0.0442392  3.49431e+07 1.08976e+07 2.23283e+06 2.42466e+06 1.222e+06 683532 85611.1 118780 96528.9 64921.1 11713.9 28086.3 15436.4 17150.4 3873.26 7605.81
4.23782e+06 4.23782e+06 0.00340686 0.0352989 0.275758 0.330954 0.249508 0.196914 0.180402 0.176842 0.177112 0.177824 0.177805 0.176976 0.175726 0.174451 0.173452 0.173059  5.97142e+07 1.81501e+07 7.39664e+06 1.72279e+06 1.49193e+06 987421 663904 112579 139718 119845 79876.1 14781.2 33065.8 18043.7 19618.7 13073.9
1.50955e+06 1.50955e+06 0.00286016 0.0297127 0.237359 0.286072 0.213655 0.167792 0.153534 0.150504 0.150786 0.151447 0.15147 0.150785 0.149729 0.148643 0.147787 0.147451  7.39123e+06 9.92548e+06 3.19174e+06 954022 239014 246753 198902 144622 26359.6 31097.3 26486.8 17149.2 3110.88 6690.16 3588.41 6409.95
982546 982546 0.00129192 0.0135942 0.120942 0.151091 0.108225 0.0826051 0.074738 0.0729436 0.0729627 0.0732414 0.0732342 0.072888 0.0723617 0.0718218 0.071397 0.0712297  9.44422e+06 3.90935e+06 5.31564e+06 1.28127e+06 376772 119777 140732 117669 85151.5 15155.3 17309.7 14219.2 8881.24 1561.27 3277.82 4809.06
574988 574988 0.000939464 0.00990616 0.0897737 0.112711 0.0801016 0.0608683 0.0549992 0.0536649 0.0536823 0.0538943 0.0538944 0.0536423 0.0532554 0.0528573 0.0525434 0.0524197  6.32663e+07 7.01935e+06 1.5018e+06 1.77388e+06 735782 353247 167908 116870 111955 90889.4 20372 21202.1 17858.7 11082.7 2045.1 10044.7
2.49764e+06 2.49764e+06 0.00232736 0.0243251 0.20418 0.250846 0.184029 0.142529 0.129605 0.126681 0.126741 0.127204 0.12717 0.12656 0.125648 0.124719 0.123991 0.123705  2.67151e+07 2.98493e+07 5.00986e+06 950981 1.11976e+06 732996 398656 216907 128883 129098 106428 24931.2 24421.3 20242.3 12371.6 13396
1.91133e+06 1.91133e+06 0.0028665 0.0298507 0.24296 0.295819 0.21969 0.171453 0.156312 0.152904 0.152998 0.153551 0.153502 0.152763 0.151666 0.150551 0.149679 0.149336  4.56421e+07 4.56897e+06 5.25015e+06 779612 156239 215766 174475 97180.1 54486.4 30482.9 30197.2 24322.1 5596.95 5287.14 4297.96 5393.57
1.22852e+06 1.22852e+06 0.00144382 0.0151784 0.133929 0.166934 0.119987 0.0917675 0.0830806 0.0810985 0.0811195 0.0814259 0.081415 0.0810289 0.0804436 0.0798441 0.0793727 0.0791871  5.77204e+07 2.41595e+07 2.46207e+06 2.21617e+06 331591 83001.6 128505 106903 58990.4 32212.1 17420.9 16629.5 12914.8 2879.34 2655.03 4779.72
1.10354e+06 1.10354e+06 0.000919446 0.00969721 0.0880456 0.110624 0.0785608 0.059665 0.0538987 0.0525851 0.0525994 0.0528058 0.0528052 0.0525577 0.0521783 0.051788 0.0514803 0.0513591  3.68367e+07 2.26938e+07 6.90034e+06 1.09318e+06 1.02106e+06 269302 78201.4 96375 123448 67959.2 40356.2 19093.6 18581.6 14601.9 3423.73 8559.21
5.27042e+06 5.27042e+06 0.00288138 0.0299823 0.242541 0.294396 0.219065 0.171318 0.156379 0.153074 0.153226 0.153814 0.153784 0.153056 0.151964 0.150851 0.149979 0.149636  2.74013e+07 1.88208e+07 1.28766e+07 3.48526e+06 876677 912567 296661 93844.3 101369 150459 80083.5 47624.6 21251.2 20350.2 15776.6 12929.1
1.85658e+06 1.85658e+06 0.00312043 0.0324783 0.263015 0.320532 0.238711 0.186384 0.169832 0.166022 0.166035 0.166571 0.166475 0.165649 0.164447 0.163234 0.162288 0.161917  2.67147e+07 4.6545e+06 3.23534e+06 1.74039e+06 483184 172370 200666 69183.2 22375.4 22763.6 34598.3 17713.8 10276.3 4413.48 4147.16 5778.15
1.5949e+06 1.5949e+06 0.00221693 0.023194 0.196308 0.241883 0.176887 0.136677 0.124152 0.121295 0.121329 0.121764 0.121727 0.12114 0.120264 0.119373 0.118675 0.1184  1.10051e+08 1.414e+07 2.50513e+06 1.348e+06 732227 255620 102344 122431 41759 13137.9 12908.8 18894.2 9323.7 5239.34 2196.26 4849.95
1.13257e+06 1.13257e+06 0.001264 0.0133091 0.119044 0.149104 0.106599 0.0812297 0.0734347 0.0716419 0.0716438 0.0719074 0.0718942 0.0715504 0.0710313 0.0704998 0.0700821 0.0699176  2.75892e+07 2.85429e+07 4.02076e+06 711991 537566 458407 156498 121297 129604 47704.3 16250.1 13838.9 22899.3 11012.8 6220.32 8246.9
5.04166e+06 5.04166e+06 0.00296816 0.0307293 0.239042 0.284489 0.214277 0.169691 0.155985 0.153291 0.153796 0.154597 0.154698 0.154046 0.152996 0.151904 0.151038 0.150696  4.88963e+07 2.19035e+07 1.38343e+07 2.01866e+06 454705 448549 466594 162561 156092 157627 57686.4 19714.2 15642.4 26020.9 12229.2 15907.3
2.21352e+06 2.21352e+06 0.00329326 0.0342736 0.277138 0.338307 0.252278 0.196906 0.179281 0.17514 0.175066 0.175571 0.175431 0.174538 0.17326 0.171976 0.170979 0.170589  2.74178e+06 8.60671e+06 4.27655e+06 1.73983e+06 249192 76658.6 88829.5 101634 35932.3 36004.5 35049.2 12448.1 4150.39 3162.65 5201.93 5530.58
1.37139e+06 1.37139e+06 0.00187048 0.0196215 0.169873 0.210856 0.152819 0.117379 0.106377 0.10384 0.10384 0.104204 0.10417 0.103665 0.102913 0.102146 0.101545 0.101309  1.58872e+07 1.45128e+06 4.63142e+06 1.77524e+06 732136 132242 45618.9 54226.9 61289.8 21055.2 20360.4 19077.2 6528.4 2108.04 1567.73 5225.8
779558 779558 0.00122238 0.0128742 0.11542 0.14466 0.103321 0.0786854 0.0711197 0.069379 0.0693803 0.0696362 0.0696239 0.0692914 0.0687886 0.0682738 0.0678691 0.0677097  3.39594e+07 1.76177e+07 679942 1.77307e+06 1.18514e+06 373685 92553.7 38698 53753.1 71348 23648.5 26873 23795 8100.77 2669.8 8319.71
4.99424e+06 4.99424e+06 0.00318548 0.0331233 0.26617 0.323319 0.241439 0.188961 0.172395 0.168635 0.168702 0.169274 0.169192 0.168363 0.167148 0.165919 0.16496 0.164583  2.69729e+07 2.15467e+07 1.25056e+07 514716 1.29997e+06 1.34144e+06 371331 102481 45227 63074.4 85900.2 27911.8 32086.4 27299.9 9149.24 12260.6
1.19373e+06 1.19373e+06 0.0018769 0.0196953 0.17095 0.212517 0.153902 0.118108 0.106987 0.104406 0.104387 0.104742 0.1047 0.104188 0.103429 0.102656 0.102052 0.101814  7.81827e+06 4.51966e+06 3.70986e+06 1.70471e+06 81800.2 244268 315775 85677.7 23965.6 10481.1 14221.6 18996.7 5978.06 6742.46 5591.2 4317.8
748357 748357 0.00120865 0.0127304 0.114194 0.143138 0.102208 0.077828 0.0703426 0.0686211 0.0686232 0.068877 0.0688654 0.0685368 0.0680396 0.0675304 0.0671301 0.0669724  1.47361e+07 4.14658e+06 2.48211e+06 1.85088e+06 897762 50531.1 162702 213306 57056.2 15523.8 6563.38 8585.39 11062.3 3373.75 3714.87 5365.45
367544 367544 0.000626835 0.00662441 0.0612241 0.0773468 0.0545222 0.0412209 0.0371789 0.0362553 0.0362615 0.0364045 0.0364051 0.0362349 0.0359729 0.035703 0.03549 0.0354061  1.4672e+07 1.47472e+07 1.48583e+06 926881 926339 663940 55378.7 137904 246648 54461.7 16565.3 7162.76 9452.31 12375 3723.32 10162
3.07507e+06 3.07507e+06 0.00227823 0.0237953 0.198692 0.243231 0.178693 0.138675 0.126266 0.123519 0.12364 0.124132 0.124124 0.123544 0.122662 0.12176 0.121051 0.120771  1.48667e+07 9.07153e+06 1.09457e+07 1.00494e+06 670417 810724 711570 73832.5 159426 313519 64349.7 19651.8 8323.58 10691.4 13816.5 15393.1
778484 778484 0.00185862 0.0195011 0.169113 0.210072 0.152162 0.116819 0.105849 0.103316 0.10331 0.103668 0.103632 0.103128 0.102379 0.101615 0.101017 0.100782  2.51015e+06 2.59188e+06 1.6209e+06 1.69056e+06 168233 131253 178459 170045 18632.8 38019.3 75025.1 14698.2 4368.59 1800.19 2260.95 6094.98
577963 577963 0.00136974 0.0143986 0.12702 0.158125 0.113624 0.0869418 0.0787527 0.0769045 0.0769459 0.077251 0.0772498 0.0768888 0.0763364 0.0757687 0.0753216 0.0751455  7.91422e+07 1.33125e+06 1.42296e+06 806782 886708 103561 87198.2 120311 113061 12053.5 23780.5 45243.5 8550.63 2463.04 990.9 4513.32
563289 563289 0.000997855 0.0105206 0.0952255 0.11958 0.0850426 0.0646301 0.0583905 0.056965 0.0569762 0.0571958 0.0571925 0.056923 0.0565114 0.0560886 0.0557555 0.0556243  5.05807e+07 2.35971e+07 933544 615503 403861 623209 88938 68939.5 103186 114181 14057.5 24236.1 48973.1 8782.83 2578.24 5763.9
3.98262e+06 3.98262e+06 0.00298197 0.0303851 0.210281 0.235959 0.183543 0.150849 0.141757 0.141115 0.142675 0.144095 0.14461 0.144262 0.143436 0.142499 0.141726 0.141415  4.70621e+07 2.52112e+07 1.21972e+07 779988 492600 386418 692918 111368 79460.3 117100 134877 17274.2 27593.1 55289.2 9667.84 9120.1
1.69198e+06 1.69198e+06 0.00289429 0.0301475 0.245807 0.299692 0.222472 0.173488 0.158074 0.154567 0.154627 0.155165 0.155102 0.154348 0.153235 0.152106 0.151224 0.150878  4.76418e+06 7.82874e+06 4.19455e+06 1.12016e+06 78205.5 64127.8 64714.2 130911 22322 15369 22235.8 25458.7 3220.91 4945.04 9757.17 3259.74
865949 865949 0.00109845 0.0115588 0.102946 0.128308 0.0917849 0.070096 0.0634763 0.0619993 0.062052 0.0623148 0.0623256 0.062041 0.0615983 0.0611411 0.0607799 0.0606374  1.0333e+08 2.52202e+06 4.2213e+06 1.77903e+06 480214 41823.1 38376.3 39789.1 79676.1 13225.1 8799.67 12265.7 13539.6 1659.52 2486.97 6439.56
545592 545592 0.00071084 0.00750896 0.0691296 0.087256 0.0616131 0.0466217 0.0420573 0.0410115 0.0410161 0.0411756 0.0411748 0.0409814 0.0406848 0.0403796 0.0401389 0.040044  4.24499e+07 3.0286e+07 1.0344e+06 1.5742e+06 779181 346082 73604.5 50070.4 53396.6 109312 18881.9 11494.4 15738.1 17602.9 2262.62 11538.6
3.36263e+06 3.36263e+06 0.00181979 0.0190482 0.162101 0.199163 0.145114 0.11215 0.102022 0.0998108 0.099943 0.100374 0.100391 0.0999341 0.099226 0.0984961 0.0979205 0.0976935  1.96231e+07 2.00102e+07 1.52283e+07 736163 1.13358e+06 695746 395149 107031 67749.2 70320.5 140407 24252.2 14023.7 18436.2 20321.2 15808
1.24143e+06 1.24143e+06 0.00190012 0.0198827 0.168719 0.207212 0.151172 0.116889 0.106327 0.104007 0.104132 0.104573 0.104585 0.104106 0.103368 0.102607 0.102008 0.101772  1.02784e+07 3.2949e+06 3.49392e+06 2.32303e+06 128849 227964 160829 98824.3 27862 16979.5 17193.6 33270.7 5583.16 3116.5 4001.04 7736.28
705809 705809 0.00119395 0.0125725 0.112564 0.140914 0.100676 0.0767158 0.0693674 0.0676876 0.067701 0.0679588 0.067952 0.0676305 0.0671416 0.0666399 0.0662452 0.0660897  4.92158e+07 5.44659e+06 1.79659e+06 1.64379e+06 1.12299e+06 74444 144481 104323 63512.5 17466.6 10307.1 10070.8 18807.8 3059.52 1667.49 6164.87
444638 444638 0.000852373 0.00899567 0.0821369 0.10342 0.0732814 0.055567 0.0501626 0.0489255 0.0489326 0.0491217 0.0491197 0.0488885 0.0485348 0.0481711 0.0478845 0.0477716  2.67436e+07 1.36319e+07 1.77903e+06 599089 593871 509017 61407.3 106194 87259.2 64910.2 20511.4 11155 10926.3 19998.6 3299.31 8155.7
3.42563e+06 3.42563e+06 0.00466647 0.0468419 0.290615 0.316354 0.254643 0.214878 0.204244 0.204288 0.206949 0.209178 0.210016 0.209582 0.208447 0.20714 0.206056 0.205619  2.54702e+07 1.25372e+07 6.88496e+06 1.05944e+06 397821 451970 446142 74539.5 117745 99214.7 76916.3 24756.4 12891.3 12207.1 21773.2 12358.5
1.66537e+06 1.66537e+06 0.00659157 0.0671229 0.456275 0.531437 0.422796 0.3442 0.318038 0.31206 0.312165 0.31297 0.312612 0.310993 0.308759 0.306551 0.304852 0.304191  1.639e+07 4.25824e+06 2.00662e+06 475235 66463.6 37246.3 57435 66771.3 12903.5 19657.3 16588.7 12773.7 4032.8 2029.72 1883.43 5186.12
1.12291e+06 1.12291e+06 0.00279114 0.029125 0.240898 0.295568 0.218307 0.169458 0.154004 0.150382 0.150338 0.150808 0.150717 0.149966 0.148874 0.14777 0.14691 0.146573  5.49632e+07 8.62822e+06 2.17049e+06 513317 109280 23221.7 16251.6 26631.8 30874.9 5799.45 8505.12 6889.42 5100.71 1557.49 764.523 2612.21
631443 631443 0.000994296 0.0104765 0.0943461 0.118131 0.0841502 0.064056 0.0579186 0.0565301 0.0565581 0.0567873 0.0567912 0.0565281 0.0561221 0.0557038 0.0553737 0.0552435  4.39122e+07 1.80107e+07 2.95634e+06 677447 237221 125176 46699.4 26443.2 36677.5 47216.8 11179.3 14976.3 12362.7 9445.06 2943.02 6235.68
3.49499e+06 3.49499e+06 0.00255562 0.0266568 0.22002 0.268723 0.198405 0.154353 0.140608 0.137535 0.13764 0.138161 0.138134 0.137478 0.136494 0.135489 0.134702 0.134393  2.85869e+07 2.28584e+07 9.73969e+06 1.77485e+06 479778 234681 161985 66990.2 35985.7 47144.8 60304.6 14622.7 18652.8 14895.7 11208.8 10779.1
1.27043e+06 1.27043e+06 0.00211363 0.0221114 0.187105 0.230161 0.168233 0.130051 0.118191 0.115517 0.115588 0.116031 0.116014 0.115466 0.114638 0.113792 0.113127 0.112865  1.12073e+07 4.87162e+06 3.94122e+06 1.40535e+06 280428 94378.8 54370 40469.4 16955.6 8800.96 11151.3 13892.9 3289.1 4053.25 3168.75 4609.42
781543 781543 0.00122585 0.0128997 0.114846 0.143388 0.102648 0.0783504 0.0709005 0.0692106 0.0692401 0.0695132 0.0695123 0.0691872 0.0686895 0.0681778 0.0677747 0.0676159  3.48111e+07 5.93888e+06 2.65493e+06 1.84136e+06 677142 162183 59845.2 35214.8 25923.7 10580.8 5313.28 6492.11 7803.22 1790.46 2154.13 4059.25
306446 306446 0.000533086 0.00563742 0.0524106 0.0663365 0.0466446 0.0352092 0.0317367 0.0309411 0.0309445 0.0310664 0.0310671 0.0309219 0.0306982 0.0304676 0.0302857 0.0302139  3.77773e+07 1.20067e+07 1.86664e+06 940036 766868 374773 141605 51745.9 35137.2 29603.1 12813.6 6215 7343.83 8884.43 2074.89 7083.52
3.85807e+06 3.85807e+06 0.00422968 0.0435309 0.322325 0.380347 0.292369 0.233952 0.21553 0.211735 0.212231 0.213148 0.213156 0.212187 0.210714 0.209208 0.208028 0.207564  1.13416e+07 1.70268e+07 6.61115e+06 1.12705e+06 687926 639945 373600 174113 62020.6 43048.3 36796.8 15828.8 7409.09 8411.76 9991.28 10242.5
1.54711e+06 1.54711e+06 0.00440957 0.0455819 0.348486 0.419271 0.31966 0.252864 0.231211 0.226098 0.225991 0.226573 0.226336 0.225159 0.22351 0.221868 0.220598 0.220103  8.80521e+06 1.90153e+06 2.85293e+06 715167 125155 105064 115613 75463.3 37398 12932.6 8828.22 7368.29 3076.27 1393.91 1545.08 3665.74
776079 776079 0.00219567 0.0229784 0.19496 0.240469 0.175689 0.135636 0.123141 0.120272 0.120291 0.120715 0.120676 0.120092 0.119223 0.118339 0.117646 0.117374  6.90451e+07 4.65307e+06 1.00625e+06 1.01857e+06 250046 58532.3 56922.9 64892.2 41927.5 20179 6726.07 4414.26 3546.95 1433.42 633.727 2324.63
641038 641038 0.00127161 0.01339 0.119816 0.150122 0.107313 0.0817526 0.0738895 0.0720743 0.0720706 0.072333 0.0723181 0.0719715 0.0714489 0.0709142 0.0704939 0.0703285  6.405e+07 1.86881e+07 1.53811e+06 326583 363354 197044 61665.3 59072.3 65521.1 49457.1 27805.1 8911.39 5891.09 4775.56 1933.07 3949.2
3.68072e+06 3.68072e+06 0.00323907 0.0331252 0.235069 0.267906 0.207295 0.168862 0.157705 0.156368 0.157697 0.159011 0.159418 0.158937 0.157971 0.15691 0.156047 0.155703  4.2485e+07 2.88449e+07 9.16608e+06 910683 237901 297294 216544 78430.5 72048.9 76587.5 59502.8 34064.4 10563.5 6783.51 5409.51 6580.91
1.37307e+06 1.37307e+06 0.00213376 0.0222532 0.183771 0.223141 0.164369 0.128087 0.116927 0.114572 0.114814 0.115359 0.115408 0.114903 0.114103 0.113274 0.112618 0.112359  4.16488e+07 7.68821e+06 4.75715e+06 901782 90033.1 33747.3 49770.5 41666.5 16202.3 14572.2 15024.9 11585.7 6506.41 1957.28 1230.59 2143.36
1.10954e+06 1.10954e+06 0.00118562 0.0124849 0.111786 0.139925 0.099958 0.0761602 0.0688537 0.06718 0.0671922 0.0674485 0.0674426 0.0671242 0.0666393 0.0661417 0.0657501 0.0655958  2.26321e+07 2.2049e+07 4.15723e+06 2.08444e+06 395601 48384.3 20261.1 30826.2 25662 9751.31 8499.82 8459.99 6297.1 3428.42 1007.03 1704.29
469839 469839 0.000443658 0.00469414 0.0438443 0.0555627 0.0389898 0.0293977 0.0264893 0.0258234 0.0258267 0.0259293 0.0259307 0.0258099 0.0256233 0.0254308 0.0252788 0.0252188  2.51577e+07 1.00254e+07 6.34435e+06 1.53724e+06 860668 300502 67857.5 28255.3 33451.2 34592 13935.2 11612.2 10965.5 8355.5 4565.8 3592.34
4.51757e+06 4.51757e+06 0.00409225 0.0420191 0.306041 0.357397 0.275786 0.222002 0.205334 0.202223 0.203016 0.204095 0.204229 0.203379 0.202011 0.200591 0.199469 0.199026  2.22477e+07 1.23502e+07 6.6996e+06 3.45331e+06 1.20675e+06 734057 345546 92439.4 38261.1 40660.5 43264.5 17573.1 14017.3 12714.9 9568.5 9294.36
1.56345e+06 1.56345e+06 0.00485238 0.0499548 0.369826 0.440064 0.339334 0.270756 0.248502 0.243401 0.243456 0.244161 0.243949 0.24271 0.240956 0.239205 0.237849 0.237319  6.27511e+06 3.68466e+06 2.11216e+06 768783 341885 183861 131211 71355.2 19947.7 8113.69 8183.14 8564.08 3406.38 2629.62 2323.54 3409.44
816310 816310 0.00224583 0.0235128 0.200093 0.247392 0.180621 0.139273 0.126338 0.123329 0.123304 0.12371 0.123651 0.123041 0.122145 0.121236 0.120525 0.120246  3.98567e+07 3.3124e+06 1.92998e+06 689762 239182 147005 93599.8 69811.5 37712.9 10252.1 4021.01 3899.1 3928.28 1512.34 1139.07 2438.13
286727 286727 0.000737173 0.00778632 0.0716142 0.0903797 0.0638473 0.0483206 0.0435893 0.0425036 0.0425068 0.0426708 0.0426693 0.0424685 0.0421609 0.0418446 0.0415952 0.0414969  1.43277e+07 1.14823e+07 1.19796e+06 565517 322563 252266 127138 100728 77532 53474.7 15511.6 5937.69 5317.56 5559.58 2188.83 5075.06
2.66238e+06 2.66238e+06 0.00376281 0.0386298 0.281357 0.327129 0.252014 0.203155 0.188251 0.185677 0.186608 0.18774 0.187954 0.187225 0.185995 0.1847 0.183668 0.18326  2.53911e+07 8.27809e+06 5.94096e+06 794995 388059 322965 320443 151626 127743 95738.4 68398.7 19676.7 7313.67 6227.7 6437.93 8342.2
1.12403e+06 1.12403e+06 0.00470653 0.0485931 0.367743 0.441845 0.338354 0.268177 0.24526 0.23977 0.239578 0.240132 0.239839 0.238568 0.236811 0.23507 0.233727 0.233203  2.54366e+06 4.20854e+06 1.43884e+06 631593 87349.7 55621.1 60703.9 67002.5 31384.3 26625.3 19390.1 13667.5 3818.06 1377.01 1140.92 2675.02
844951 844951 0.00291728 0.03043 0.250838 0.307759 0.227705 0.176871 0.160757 0.156962 0.156889 0.157356 0.157244 0.156451 0.155306 0.154153 0.153256 0.152904  4.72181e+06 1.34385e+06 2.22053e+06 499647 214061 40068 29702.3 33600.2 36687.4 16675.4 13626.4 9535.7 6468.7 1748.83 615.345 1673.24
190837 190837 0.000675717 0.00714009 0.0659072 0.0832666 0.0587316 0.0444056 0.0400417 0.0390385 0.0390402 0.0391911 0.03919 0.0390058 0.0387233 0.0384327 0.0382035 0.0381132  1.06029e+07 6.92208e+06 616673 729084 265171 173543 54493 30820.8 41413.2 50267 21955.5 18469.1 12982.9 9072.54 2425.79 3141.72
2.69006e+06 2.69006e+06 0.00461445 0.0474368 0.347787 0.410407 0.316946 0.253993 0.233913 0.229637 0.230031 0.230917 0.230853 0.229764 0.228149 0.226514 0.225237 0.224736  9.02803e+06 7.69622e+06 5.02477e+06 439154 518422 276567 212831 74722.6 39032.9 52791.9 63280.5 26650 21926.3 14991.6 10336.1 6262.55
649461 649461 0.00309754 0.0322829 0.264166 0.323655 0.240223 0.18689 0.169919 0.165898 0.165799 0.166271 0.166138 0.165292 0.16408 0.162862 0.161915 0.161544  2.48147e+06 1.75772e+06 1.35595e+06 537803 49137.6 74967.8 53528.4 45378.4 16274.3 8142.1 10784.2 12539.4 5085.53 4071.6 2720.01 2971.64
603423 603423 0.00285813 0.0298177 0.246148 0.301984 0.223262 0.173378 0.157585 0.153876 0.15382 0.154289 0.154188 0.153415 0.152295 0.151165 0.150285 0.14994  2.66307e+07 1.31397e+06 949229 580857 235518 26811.4 45520.9 33236.3 27799.5 9684.64 4676.08 5961.9 6680.11 2623.97 2050.36 2815.3
274685 274685 0.00089354 0.00942978 0.0860584 0.108395 0.0768326 0.0582517 0.0525706 0.0512622 0.0512623 0.051456 0.0514512 0.0512076 0.0508364 0.0504552 0.050155 0.0500367  2.0057e+07 8.68899e+06 776261 459546 442926 235234 35171.3 43697.6 41087.5 37883 13633.6 6127.64 7800.14 8697.41 3366.32 6257.88
1.51712e+06 1.51712e+06 0.00193065 0.0202178 0.172594 0.212768 0.154954 0.119558 0.108616 0.106165 0.106241 0.106658 0.10665 0.106149 0.105389 0.104609 0.103997 0.103756  1.49594e+07 1.21552e+07 5.30053e+06 702260 404762 493876 272956 46893.6 51405.6 52215.6 48136.1 17031.3 7347.22 9059.32 9879.6 10778.3
899379 899379 0.00260695 0.0272014 0.225057 0.275442 0.203254 0.157938 0.143736 0.140506 0.140561 0.141062 0.141014 0.140334 0.139323 0.138295 0.13749 0.137174  1.5898e+06 2.61702e+06 2.22707e+06 890680 136941 87921.5 122386 68354.8 12176.1 12612.3 12839 11541.4 3954.73 1649.84 1989.83 4464.33
616900 616900 0.00185878 0.0195086 0.169584 0.210936 0.152663 0.117095 0.106033 0.103457 0.103431 0.10378 0.103738 0.10323 0.102477 0.101712 0.101113 0.100877  3.31114e+07 841945 1.41714e+06 981556 400265 75618.9 53874.8 76844.4 42459 7363.29 7373.11 7233.32 6270.28 2081.8 847.792 3254.98
452320 452320 0.00140322 0.0147621 0.131034 0.163767 0.117456 0.089667 0.0811046 0.0791326 0.0791336 0.0794217 0.0794047 0.0790241 0.0784507 0.0778644 0.0774039 0.0772226  2.16884e+07 1.15629e+07 403219 580430 492413 236172 71566.5 50506.5 94177.1 49398.4 9074.73 8114.23 8311.47 7206.56 2368.16 4590.71
2.73208e+06 2.73208e+06 0.00386098 0.0392889 0.268438 0.302721 0.237264 0.195071 0.182867 0.181578 0.183214 0.18477 0.185257 0.18471 0.183601 0.182382 0.181391 0.180995  8.97299e+06 1.01708e+07 7.09182e+06 308684 419671 451794 247711 89361.8 59402.1 116570 58617.4 10858 9133.24 9281.3 7910.57 7531.07
996523 996523 0.00421992 0.043669 0.336863 0.406159 0.308558 0.243545 0.222514 0.217545 0.217442 0.218016 0.2178 0.216673 0.215088 0.213506 0.212282 0.211804  2.88936e+06 1.60696e+06 1.67914e+06 699920 31151.5 52386.6 74289.4 46101.3 17796.7 11451.8 22530.6 10922.4 1983.34 1604.68 1606.86 2635.65
779464 779464 0.00395272 0.04095 0.318934 0.385085 0.291331 0.229483 0.209579 0.204918 0.20487 0.205455 0.205283 0.204239 0.202752 0.201262 0.200106 0.199654  2.63647e+07 1.52727e+06 852665 614286 252076 14862 28797.5 42229.5 25928.3 9721.17 6030.8 11409.7 5325.87 936.205 739.097 1918.25
303142 303142 0.000892311 0.00941404 0.0857089 0.107807 0.0764769 0.0580293 0.0523932 0.0511022 0.0511101 0.0513082 0.0513064 0.0510653 0.0506963 0.0503168 0.0500177 0.0498998  1.95871e+07 1.05974e+07 1.31137e+06 308839 230787 213080 24388.3 36161.1 54490.3 32544.6 13894 8379.02 16642.8 7527.67 1331.79 3676.97
3.66761e+06 3.66761e+06 0.00397725 0.0410397 0.310123 0.368598 0.28136 0.223884 0.205715 0.201849 0.20221 0.20303 0.203007 0.202065 0.200647 0.199203 0.198072 0.197628  2.96531e+07 1.71195e+07 6.91636e+06 1.25752e+06 280218 231058 272843 35385.5 46767.7 70579.9 41688.2 17774.3 10296.6 20051.6 8853.51 5827.88
779566 779566 0.0014721 0.0154704 0.136113 0.169454 0.121927 0.0933208 0.0845076 0.0824991 0.0825254 0.0828404 0.0828315 0.0824401 0.0818458 0.0812366 0.0807574 0.0805688  3.11699e+07 5.09519e+06 3.42647e+06 874173 181641 49956.5 47169.2 61211.7 8157.74 10235.3 15164.4 8715.55 3617.16 2026.01 3868.58 2785.67
765683 765683 0.00103254 0.0108775 0.0977904 0.122399 0.0872563 0.0664462 0.0600856 0.0586453 0.058673 0.0589093 0.0589122 0.0586388 0.0582174 0.0577834 0.0574411 0.0573062  3.58995e+07 1.65364e+07 2.80817e+06 1.76892e+06 477748 114709 33813.9 32356.4 41428.5 5376.57 6528.17 9331.05 5175.75 2082.35 1138.83 3676.4
