1 2 1 1 13.5923 54 3970 3.08998
1 3 1 1 27.0172 54 859 1.55457
1 5 1 1 5.57212 54 194 7.53752
1 6 1 1 10.6995 54 5686 3.92543
1 7 1 1 51.3015 54 751 0.81869
1 10 1 1 56.2788 54 9560 0.746285
1 11 1 1 5.67157 54 828 7.40536
1 14 1 1 33.8615 54 5977 1.24035
1 15 1 1 4.72747 54 266 8.88425
1 18 1 1 41.1715 54 2823 1.02012
1 19 1 1 37.6316 54 666 1.11608
1 22 1 1 18.9676 54 3124 2.2143
1 23 1 1 6.68759 54 50 6.28029
1 26 1 1 53.3331 54 1955 0.787503
1 27 1 1 10.638 54 145 3.94811
1 30 1 1 25.5485 54 2521 1.64393
1 31 1 1 15.958 54 311 2.63191
1 34 1 1 17.8768 54 2694 2.34942
1 35 1 1 20.0439 54 170 2.0954
1 38 1 1 64.9798 54 1064 0.646354
1 39 1 1 12.7705 54 60 3.28882
1 42 1 1 28.9028 54 2576 1.45315
1 43 1 1 6.55412 54 5 6.40818
1 44 3 3 3.26952 54 1 12.8459
1 46 1 1 10.473 54 3633 4.0103
1 47 1 1 5.61066 54 5 7.48575
1 50 1 1 59.483 54 6266 0.706084
1 51 1 1 18.0045 54 68 2.33275
1 53 1 1 10.2601 54 276 4.09351
1 54 1 1 108.369 54 2185 0.387563
1 58 1 1 21.014 54 7160 1.99867
1 62 1 1 18.7361 54 2846 2.24166
1 66 1 1 25.7079 54 1159 1.63374
1 70 1 1 26.4722 54 194 1.58657
1 71 1 1 6.45252 54 15 6.50909
1 74 1 1 10.8068 54 1758 3.88645
1 76 1 1 32.9142 54 139 1.27604
1 78 1 1 17.6659 54 5394 2.37747
1 78 3 3 2.39694 54 1 17.5224
1 79 1 1 12.2565 54 284 3.42674
1 82 1 1 45.2337 54 4172 0.928512
1 83 1 1 33.621 54 734 1.24922
1 83 2 2 51.3369 54 100 0.818124
1 84 1 1 0.961865 54 3 43.6652
1 85 3 3 0.0970183 54 2 432.908
1 86 1 1 26.2748 54 1680 1.59849
1 86 2 2 24.1886 54 158 1.73635
1 86 3 3 0.357522 54 1 117.475
1 87 1 1 8.59856 54 40 4.88454
1 90 1 1 12.373 54 2030 3.39449
1 90 2 2 9.73266 54 100 4.31537
1 91 1 1 35.549 54 569 1.18147
1 94 1 1 26.7309 54 2326 1.57121
1 94 3 3 3.80291 54 1 11.0442
1 95 1 1 17.9167 54 20 2.34419
1 98 1 1 38.5912 54 5174 1.08833
1 99 1 1 103.854 54 3563 0.404412
1 102 1 1 49.1914 54 17275 0.853807
1 103 1 1 80.5668 54 3730 0.521307
1 106 1 1 52.6326 54 5314 0.797985
1 107 1 1 44.7384 54 32 0.93879
1 110 1 1 66.9152 54 4552 0.62766
1 111 1 1 60.2636 54 692 0.696938
1 113 1 1 8.26257 54 4 5.08316
1 114 1 1 35.4943 54 21772 1.18329
1 114 2 2 70.4778 54 418 0.595932
1 114 3 3 2.63888 54 7 15.9158
1 115 1 1 49.9071 54 3886 0.841563
1 118 1 1 45.4338 54 26023 0.924422
1 118 2 2 33.8476 54 207 1.24086
1 119 1 1 126.546 54 1429 0.331894
1 120 3 3 0.796307 54 3 52.7435
1 122 1 1 44.0125 54 4936 0.954275
1 123 1 1 81.6623 54 4866 0.514313
1 124 1 1 93.1886 54 1139 0.450699
1 124 3 3 0.116547 54 5 360.369
1 125 3 3 38.1265 54 115 1.1016
1 126 1 1 55.3173 54 6555 0.759256
1 126 2 2 27.1287 54 614 1.54818
1 127 1 1 18.4821 54 1194 2.27247
1 128 1 1 15.1237 54 1407 2.7771
1 129 1 1 8.9838 54 100 4.67508
1 129 3 3 0.216333 54 2 194.145
1 130 1 1 43.8073 54 8511 0.958745
1 130 2 2 87.0274 54 606 0.482607
1 131 1 1 14.4599 54 3350 2.90459
1 132 1 1 5.05731 54 1359 8.30481
1 133 1 1 14.8995 54 65 2.81889
1 134 1 1 68.4894 54 8222 0.613233
1 134 2 2 56.7728 54 1170 0.73979
1 135 1 1 277.425 54 5277 0.151392
1 136 1 1 75.6009 54 1455 0.555549
1 137 1 1 2.2823 54 30 18.4025
1 138 1 1 245.655 54 4376 0.170972
1 138 2 2 84.2953 54 1146 0.498249
1 139 1 1 21.8133 54 2091 1.92543
1 140 1 1 3.54087 54 137 11.8615
1 141 1 1 10.6701 54 84 3.93623
1 142 1 1 74.0257 54 2700 0.56737
1 142 2 2 62.3194 54 508 0.673947
1 143 1 1 73.6487 54 3778 0.570275
1 144 1 1 3.88592 54 85 10.8083
1 146 1 1 33.6006 54 3632 1.24998
1 146 2 2 27.8334 54 300 1.50898
1 147 1 1 125.413 54 2217 0.334893
1 147 2 2 31.204 54 224 1.34598
1 148 1 1 16.4583 54 1017 2.55191
1 149 1 1 24.4607 54 41 1.71704
1 150 1 1 69.4056 54 7919 0.605138
1 150 2 2 46.764 54 3414 0.898127
1 151 1 1 138.244 54 6313 0.303811
1 152 1 1 25.6454 54 3476 1.63772
1 153 1 1 20.8557 54 173 2.01384
1 154 1 1 27.6518 54 17818 1.51889
1 155 1 1 154.597 54 14497 0.271674
1 156 1 1 17.6488 54 3079 2.37976
1 157 1 1 26.4703 54 912 1.58668
1 158 1 1 26.6694 54 12114 1.57484
1 159 1 1 37.2607 54 9998 1.12719
1 160 1 1 11.6161 54 4899 3.61566
1 161 1 1 7.25012 54 67 5.793
1 162 1 1 23.5422 54 14243 1.78403
1 163 1 1 56.8385 54 16847 0.738936
1 164 1 1 16.8216 54 3786 2.4968
1 165 1 1 22.0002 54 659 1.90907
1 166 1 1 35.9125 54 21464 1.16951
1 167 1 1 47.7271 54 12396 0.880003
1 167 3 3 6.89271 54 3 6.09339
1 168 1 1 28.7793 54 8206 1.45938
1 169 1 1 13.0889 54 16 3.20883
1 170 1 1 53.0311 54 14156 0.791988
1 171 1 1 114.007 54 10871 0.368398
1 172 1 1 23.968 54 3499 1.75233
1 173 3 3 2.26041 54 1 18.5807
1 174 1 1 65.25 54 2813 0.643678
1 175 1 1 6.32093 54 25 6.64459
1 176 1 1 20.7866 54 45 2.02053
1 176 3 3 5.26455 54 2 7.97788
1 178 1 1 26.2817 54 6216 1.59807
1 179 1 1 50.4665 54 6464 0.832236
1 180 1 1 55.6161 54 874 0.755178
1 182 1 1 70.1484 54 13509 0.59873
1 183 1 1 19.8814 54 3065 2.11253
1 184 1 1 40.7751 54 760 1.03004
1 185 1 1 15.3728 54 89 2.7321
1 186 1 1 38.9821 54 7777 1.07742
1 187 1 1 21.7832 54 3087 1.92809
1 188 1 1 106.514 54 2704 0.394314
2 2 1 4 19.697 54 2480 2.1323
2 3 1 4 61.774 54 5296 0.679898
2 4 1 4 17.3842 54 499 2.41598
2 6 1 4 12.1472 54 4563 3.4576
2 7 1 4 46.1133 54 5642 0.9108
2 8 1 4 40.7323 54 1425 1.03112
2 10 1 4 25.382 54 5149 1.65472
2 11 1 4 43.2694 54 4944 0.970662
2 12 1 4 17.9395 54 1010 2.34121
2 12 3 6 0.906211 54 1 46.3468
2 14 1 4 26.8789 54 3782 1.56257
2 15 1 4 27.8826 54 2376 1.50632
2 16 1 4 34.7471 54 450 1.20873
2 16 3 6 14.8096 54 13 2.83601
2 17 2 6 14.8485 54 12 2.82858
2 18 1 4 27.0334 54 192 1.55364
2 19 1 4 34.4945 54 4612 1.21759
2 20 1 4 9.28888 54 326 4.52154
2 20 3 6 0.889456 54 2 47.2199
2 22 1 4 19.9352 54 1749 2.10683
2 23 1 4 30.9116 54 3446 1.35871
2 24 1 4 60.2807 54 1207 0.696741
2 24 3 6 8.33657 54 7 5.03804
2 25 3 6 2.946 54 1 14.2566
2 26 1 4 34.9614 54 3571 1.20133
2 27 1 4 45.669 54 5790 0.919661
2 27 3 6 2.06543 54 6 20.3348
2 28 1 4 19.8488 54 1494 2.11599
2 29 2 6 16.3127 54 5 2.57469
2 30 1 4 39.5455 54 1000 1.06207
2 31 1 4 45.8628 54 2944 0.915775
2 32 1 4 12.4165 54 580 3.38259
2 34 1 4 15.1896 54 2396 2.76505
2 35 1 4 39.3737 54 4728 1.0667
2 36 1 4 20.3504 54 948 2.06384
2 38 1 4 63.441 54 2378 0.662033
2 39 1 4 59.2333 54 4288 0.70906
2 40 1 4 32.4232 54 1850 1.29537
2 42 1 4 25.8727 54 2909 1.62333
2 43 1 4 38.563 54 12716 1.08913
2 44 1 4 23.706 54 1285 1.7717
2 46 1 4 27.3368 54 8558 1.53639
2 47 1 4 30.3577 54 13450 1.3835
2 48 1 4 34.959 54 2416 1.20141
2 50 1 4 46.4641 54 7592 0.903924
2 51 1 4 44.8935 54 20669 0.935547
2 52 1 4 19.1779 54 2348 2.19002
2 52 3 6 9.17838 54 11 4.57597
2 54 1 4 40.5153 54 4523 1.03665
2 55 1 4 29.3899 54 11310 1.42906
2 56 1 4 23.4626 54 1729 1.79008
2 56 3 6 32.6214 54 21 1.2875
2 58 1 4 28.7553 54 5222 1.4606
2 59 1 4 48.0946 54 10215 0.873279
2 60 1 4 20.0824 54 2244 2.09138
2 60 3 6 2.46076 54 2 17.0679
2 62 1 4 31.7604 54 6600 1.3224
2 63 1 4 25.4941 54 9644 1.64744
2 63 3 6 4.45353 54 4 9.43072
2 64 1 4 25.6016 54 2075 1.64052
2 66 1 4 34.7029 54 2300 1.21028
2 67 1 4 27.4202 54 7980 1.53172
2 67 3 6 1.82439 54 2 23.0214
2 68 1 4 22.287 54 962 1.88451
2 68 3 6 0.00023741 54 22 176909
2 70 1 4 28.8241 54 3297 1.45711
2 71 1 4 62.5057 54 8678 0.671939
2 72 1 4 21.7311 54 3388 1.93272
2 74 1 4 69.7583 54 5464 0.602079
2 75 1 4 49.4157 54 5910 0.849932
2 76 1 4 44.7774 54 1646 0.937972
2 78 1 4 22.6389 54 7811 1.85522
2 79 1 4 33.8703 54 14481 1.24002
2 79 3 6 12.2695 54 7 3.42311
2 80 1 4 16.9683 54 3615 2.4752
2 80 3 6 2.38892 54 7 17.5812
2 82 1 4 31.189 54 5030 1.34663
2 83 1 4 34.9752 54 20094 1.20085
2 83 2 5 52.2459 54 974 0.80389
2 84 1 4 25.6994 54 5041 1.63428
2 84 3 6 22.7035 54 18 1.84993
2 86 1 4 38.7508 54 9675 1.08385
2 86 2 5 22.5135 54 118 1.86555
2 87 1 4 37.6926 54 15213 1.11428
2 87 2 5 25.608 54 1107 1.64011
2 88 1 4 18.4695 54 3968 2.27402
2 88 3 6 22.6223 54 27 1.85658
2 90 1 4 47.8902 54 8618 0.877006
2 90 2 5 40.9104 54 239 1.02663
2 91 1 4 41.651 54 13488 1.00838
2 91 2 5 74.657 54 1047 0.562573
2 92 1 4 79.8498 54 6403 0.525988
2 92 2 5 21.1703 54 120 1.98391
2 94 1 4 71.4297 54 8642 0.587991
2 95 1 4 50.883 54 30146 0.825423
2 96 1 4 18.309 54 6166 2.29395
2 96 3 6 9.74483 54 3 4.30998
2 98 1 4 32.5991 54 1864 1.28838
2 99 1 4 52.61 54 32928 0.798327
2 99 3 6 0.844925 54 2 49.7085
2 100 1 4 63.3568 54 4554 0.662913
2 100 3 6 18.9384 54 5 2.21772
2 102 1 4 57.7114 54 7520 0.727759
2 103 1 4 48.9599 54 29963 0.857845
2 103 3 6 35.0133 54 25 1.19955
2 104 1 4 20.0645 54 13466 2.09324
2 104 3 6 34.8155 54 60 1.20636
2 106 1 4 80.1814 54 10129 0.523812
2 107 1 4 55.4515 54 28715 0.757419
2 107 3 6 11.6856 54 8 3.59415
2 108 1 4 161.792 54 10069 0.259593
2 108 3 6 0.101877 54 5 412.263
2 110 1 4 43.2834 54 6215 0.970349
2 110 3 6 1.64714 54 1 25.4988
2 111 1 4 120.177 54 25165 0.349484
2 111 3 6 0.0997174 54 2 421.19
2 112 1 4 102.632 54 4621 0.409227
2 112 3 6 11.543 54 6 3.63857
2 114 1 4 54.4722 54 17686 0.771035
2 114 2 5 41.5063 54 2112 1.0119
2 115 1 4 66.4826 54 15945 0.631745
2 115 3 6 4.71426 54 2 8.90914
2 116 1 4 18.5895 54 7007 2.25934
2 116 3 6 2.92354 54 1 14.3661
2 118 1 4 137.924 54 19854 0.304515
2 118 2 5 151.549 54 2679 0.277138
2 119 1 4 58.6366 54 41459 0.716276
2 119 2 5 59.9333 54 5527 0.700779
2 119 3 6 25.8243 54 24 1.62637
2 120 1 4 23.8363 54 17917 1.76202
2 120 2 5 58.227 54 105 0.721315
2 120 3 6 25.194 54 41 1.66706
2 122 1 4 85.9918 54 15179 0.488419
2 122 2 5 41.3108 54 2582 1.01668
2 123 1 4 114.989 54 52821 0.365252
2 123 2 5 43.4761 54 6051 0.966049
2 123 3 6 2.08018 54 1 20.1906
2 124 1 4 53.5348 54 11162 0.784537
2 124 3 6 1.22963 54 1 34.1566
2 126 1 4 77.1366 54 21947 0.544488
2 126 2 5 64.1466 54 2165 0.654751
2 127 1 4 52.9222 54 44291 0.793618
2 127 2 5 72.982 54 7199 0.575485
2 128 1 4 23.3595 54 23050 1.79798
2 128 2 5 24.3525 54 421 1.72467
2 130 1 4 93.9262 54 7949 0.447159
2 130 2 5 43.0769 54 742 0.974999
2 131 1 4 97.766 54 35127 0.429597
2 131 2 5 91.9832 54 812 0.456605
2 131 3 6 6.85785 54 11 6.12437
2 132 1 4 55.5685 54 20085 0.755824
2 132 3 6 13.2289 54 7 3.17487
2 134 1 4 98.1534 54 12097 0.427902
2 134 2 5 81.9767 54 3287 0.512341
2 135 1 4 71.5557 54 42867 0.586955
2 135 2 5 54.7314 54 5968 0.767384
2 136 1 4 25.7233 54 28832 1.63276
2 136 2 5 32.1074 54 224 1.30811
2 138 1 4 86.4102 54 1117 0.486054
2 138 2 5 70.3263 54 5721 0.597217
2 139 1 4 90.6212 54 35555 0.463468
2 139 2 5 73.9627 54 7736 0.567854
2 139 3 6 3.44538 54 3 12.1902
2 140 1 4 19.6841 54 13854 2.1337
2 140 3 6 11.5625 54 12 3.63242
2 142 1 4 90.2801 54 3483 0.465219
2 142 2 5 28.1746 54 1783 1.4907
2 143 1 4 116.335 54 30624 0.361028
2 143 2 5 35.6129 54 1533 1.17935
2 144 1 4 45.836 54 11235 0.916311
2 146 1 4 60.0001 54 3611 0.699998
2 146 2 5 34.3515 54 9855 1.22266
2 147 1 4 65.8556 54 31822 0.637759
2 147 2 5 48.4341 54 5176 0.867158
2 148 1 4 26.691 54 11552 1.57356
2 150 1 4 99.8688 54 1384 0.420552
2 150 2 5 37.5605 54 1940 1.1182
2 151 1 4 32.7896 54 28929 1.28089
2 151 2 5 89.6475 54 2378 0.468502
2 152 1 4 29.8961 54 11518 1.40487
2 154 1 4 34.6508 54 7225 1.21209
2 154 2 5 36.7732 54 101 1.14214
2 155 1 4 73.0904 54 32680 0.574631
2 155 2 5 14.7842 54 399 2.84087
2 156 1 4 33.6471 54 23992 1.24825
2 157 2 6 4.36947 54 2 9.61216
2 158 1 4 44.2748 54 781 0.948622
2 159 1 4 73.0885 54 25078 0.574646
2 159 2 5 80.2192 54 524 0.523565
2 159 3 6 19.4244 54 4 2.16223
2 160 1 4 22.2927 54 19973 1.88402
2 162 1 4 27.4333 54 712 1.53099
2 163 1 4 41.5208 54 29289 1.01154
2 163 3 6 3.56909 54 2 11.7677
2 164 1 4 33.0754 54 16654 1.26982
2 164 3 6 8.38804 54 3 5.00713
2 166 1 4 93.3015 54 3589 0.450153
2 167 1 4 62.4114 54 31787 0.672954
2 167 3 6 41.3556 54 25 1.01558
2 168 1 4 37.5845 54 11536 1.11748
2 168 3 6 7.61211 54 2 5.51752
2 169 2 6 2.75015 54 5 15.2719
2 170 1 4 103.539 54 2375 0.405643
2 170 2 5 53.2631 54 951 0.788539
2 171 1 4 154.367 54 25077 0.272079
2 171 2 5 91.0912 54 1933 0.461076
2 171 3 6 19.9685 54 17 2.10331
2 172 1 4 76.3871 54 4010 0.549831
2 172 3 6 66.268 54 57 0.63379
2 173 2 6 7.86666 54 2 5.33899
2 174 1 4 23.1447 54 9212 1.81467
2 174 2 5 15.0823 54 105 2.78471
2 174 3 6 2.19338 54 4 19.1485
2 175 1 4 130.019 54 27674 0.323029
2 175 3 6 25.6955 54 62 1.63453
2 176 1 4 99.0931 54 4015 0.423844
2 176 3 6 0.00271326 54 172 15479.6
2 177 2 6 35.7257 54 18 1.17563
2 178 1 4 39.6965 54 7007 1.05803
2 179 1 4 100.841 54 30797 0.416497
2 179 3 6 18.0775 54 34 2.32333
2 180 1 4 50.5943 54 11795 0.830134
2 180 3 6 52.1428 54 108 0.805481
2 182 1 4 73.0561 54 3167 0.5749
2 182 3 6 0.334213 54 1 125.668
2 183 1 4 74.8756 54 30403 0.560931
2 183 3 6 9.32494 54 11 4.50405
2 184 1 4 17.7464 54 5468 2.36667
2 184 3 6 3.00431 54 76 13.9799
2 186 1 4 67.4741 54 6616 0.622461
2 187 1 4 48.7908 54 33982 0.860818
2 187 3 6 17.1727 54 8 2.44574
2 188 1 4 26.2082 54 10140 1.60255
2 188 3 6 22.5025 54 12 1.86646
3 1 1 7 34.5949 54 4462 1.21405
3 2 1 7 103.688 54 12381 0.405061
3 3 1 7 84.2135 54 7817 0.498733
3 4 1 7 33.9227 54 2502 1.23811
3 4 2 9 3.32593 54 2 12.628
3 5 1 7 35.3827 54 1239 1.18702
3 6 1 7 67.4524 54 3891 0.622661
3 7 1 7 73.7964 54 4667 0.569133
3 7 2 9 8.38638 54 9 5.00812
3 8 1 7 35.2524 54 1744 1.19141
3 8 3 9 12.6809 54 4 3.31207
3 9 1 7 40.4554 54 1802 1.03818
3 9 2 9 5.37468 54 7 7.81442
3 10 1 7 75.5121 54 4405 0.556202
3 10 3 9 3.89331 54 5 10.7877
3 11 1 7 44.4922 54 2573 0.943986
3 12 1 7 10.9752 54 6734 3.82683
3 12 2 9 10.1151 54 72 4.15221
3 13 1 7 25.6802 54 1308 1.6355
3 14 1 7 53.5899 54 3073 0.78373
3 15 1 7 33.7363 54 930 1.24495
3 16 1 7 21.741 54 1072 1.93183
3 17 1 7 33.1435 54 944 1.26722
3 18 1 7 47.0788 54 1000 0.892121
3 19 1 7 14.292 54 514 2.93871
3 20 1 7 10.3824 54 67 4.04532
3 20 3 9 9.66796 54 4 4.34425
3 21 1 7 25.6197 54 66 1.63936
3 22 1 7 29.9721 54 548 1.4013
3 23 1 7 21.7153 54 110 1.93412
3 24 1 7 38.7164 54 150 1.08481
3 25 1 7 2.02664 54 10 20.724
3 26 1 7 15.6857 54 263 2.67761
3 27 1 7 23.9007 54 53 1.75727
3 27 2 9 0.478291 54 1 87.8126
3 28 1 7 12.0927 54 255 3.47316
3 28 2 9 2.24472 54 5 18.7106
3 29 1 7 25.3514 54 3576 1.65671
3 30 1 7 60.8671 54 2229 0.690028
3 31 1 7 39.8327 54 1069 1.05441
3 32 1 7 28.175 54 111 1.49069
3 33 1 7 48.8395 54 411 0.859959
3 34 1 7 22.7983 54 100 1.84224
3 35 1 7 8.05587 54 5 5.21359
3 36 1 7 18.2129 54 113 2.30605
3 37 1 7 26.7809 54 272 1.56828
3 38 1 7 32.1802 54 888 1.30515
3 39 1 7 30.4426 54 145 1.37965
3 40 1 7 23.3497 54 160 1.79874
3 41 1 7 39.7835 54 183 1.05571
3 42 1 7 17.4043 54 562 2.41319
3 43 1 7 42.2176 54 35 0.994846
3 44 1 7 29.8174 54 331 1.40858
3 45 1 7 36.0157 54 405 1.16616
3 46 1 7 21.2479 54 600 1.97666
3 47 1 7 28.0899 54 70 1.4952
3 48 1 7 23.3713 54 191 1.79707
3 48 3 9 0.349418 54 1 120.2
3 49 1 7 58.8303 54 497 0.713918
3 50 1 7 23.3857 54 132 1.79597
3 50 3 9 0.582389 54 3 72.1168
3 51 1 7 11.4596 54 5 3.66506
3 52 1 7 36.4576 54 132 1.15202
3 53 1 7 32.2348 54 205 1.30294
3 54 1 7 46.0228 54 1094 0.91259
3 54 3 9 8.19695 54 2 5.12386
3 55 1 7 30.5084 54 275 1.37667
3 55 3 9 3.40017 54 1 12.3523
3 56 1 7 11.7471 54 100 3.57536
3 57 1 7 14.9404 54 188 2.81116
3 58 1 7 85.8776 54 407 0.489068
3 60 1 7 109.196 54 225 0.38463
3 61 1 7 29.9331 54 518 1.40313
3 62 1 7 9.24892 54 128 4.54107
3 63 1 7 21.2357 54 48 1.9778
3 64 1 7 48.0162 54 150 0.874705
3 65 1 7 40.4685 54 223 1.03784
3 66 1 7 35.437 54 659 1.1852
3 67 1 7 12.8088 54 86 3.279
3 68 1 7 28.835 54 154 1.45656
3 69 1 7 18.9357 54 738 2.21804
3 70 1 7 59.6552 54 1502 0.704046
3 71 1 7 11.8271 54 25 3.55117
3 71 3 9 2.93684 54 2 14.3011
3 72 1 7 51.9794 54 364 0.808013
3 72 3 9 10.1316 54 6 4.14546
3 73 1 7 74.709 54 293 0.562182
3 74 1 7 79.8834 54 422 0.525766
3 74 3 9 13.4465 54 4 3.12348
3 75 1 7 38.9466 54 435 1.0784
3 76 1 7 11.7138 54 160 3.58552
3 77 1 7 14.7202 54 139 2.85323
3 78 1 7 31.8784 54 192 1.31751
3 78 2 8 20.6343 54 72 2.03544
3 78 3 9 2.21688 54 2 18.9455
3 79 1 7 23.2213 54 15 1.80869
3 79 3 9 2.87961 54 1 14.5853
3 80 1 7 49.318 54 298 0.851616
3 80 3 9 4.36477 54 1 9.62251
3 81 1 7 12.4886 54 92 3.36306
3 81 3 9 23.1134 54 4 1.81713
3 82 1 7 54.1164 54 898 0.776105
3 82 3 9 20.7158 54 11 2.02744
3 83 1 7 9.03944 54 5 4.64631
3 83 3 9 0.863483 54 3 48.6402
3 84 1 7 62.1475 54 175 0.675812
3 84 3 9 2.70357 54 1 15.535
3 85 1 7 81.6222 54 428 0.514566
3 86 1 7 79.1587 54 720 0.53058
3 86 3 9 28.6176 54 10 1.46763
3 87 1 7 8.09803 54 7 5.18645
3 87 3 9 3.7906 54 1 11.08
3 88 1 7 46.279 54 90 0.90754
3 88 3 9 15.5568 54 7 2.69979
3 89 1 7 29.7335 54 659 1.41255
3 90 1 7 33.1659 54 1182 1.26636
3 91 1 7 30.7586 54 25 1.36547
3 92 1 7 89.1607 54 304 0.471059
3 92 3 9 11.392 54 5 3.6868
3 93 1 7 13.9892 54 829 3.00231
3 93 3 9 3.09251 54 1 13.5812
3 94 1 7 36.1535 54 948 1.16171
3 94 2 8 17.0072 54 240 2.46955
3 95 1 7 14.0909 54 15 2.98064
3 95 3 9 0.598007 54 1 70.2333
3 96 1 7 27.7704 54 212 1.5124
3 96 3 9 2.14626 54 1 19.5689
3 97 1 7 33.8051 54 584 1.24242
3 98 1 7 15.7538 54 280 2.66603
3 98 2 8 17.9698 54 145 2.33725
3 98 3 9 12.6226 54 4 3.32737
3 99 2 8 76.32 54 1868 0.550314
3 99 3 9 13.6316 54 10 3.08109
3 100 1 7 50.4589 54 97 0.832361
3 100 2 8 22.7563 54 3345 1.84564
3 100 3 9 6.29643 54 10 6.67045
3 101 1 7 54.3135 54 413 0.773288
3 102 1 7 16.9453 54 103 2.47857
3 103 1 7 9.26787 54 57 4.53179
3 103 3 9 9.53122 54 2 4.40657
3 104 1 7 20.6371 54 41 2.03517
3 104 3 9 6.64978 54 10 6.316
3 105 1 7 15.5173 54 30 2.70666
3 106 1 7 14.7019 54 181 2.85678
3 108 1 7 13.1876 54 60 3.1848
3 109 1 7 44.1103 54 56 0.952158
3 110 1 7 5.20657 54 9 8.06673
3 112 1 7 13.9251 54 99 3.01613
3 113 1 7 9.57495 54 99 4.38645
3 114 1 7 52.9456 54 202 0.793267
3 116 1 7 29.9619 54 48 1.40178
3 116 3 9 4.07106 54 1 10.3167
3 118 1 7 93.3469 54 5977 0.449935
3 119 1 7 11.132 54 15 3.77292
3 120 1 7 9.42415 54 6 4.45663
3 121 1 7 28.2199 54 4625 1.48831
3 121 3 9 0.0601333 54 1 698.449
3 122 1 7 46.4205 54 4949 0.904773
3 124 1 7 22.3893 54 627 1.8759
3 124 3 9 3.20445e-07 54 4 1.31068e+08
3 125 1 7 35.7127 54 1285 1.17605
3 125 3 9 0.0401459 54 3 1046.19
3 126 1 7 62.8302 54 1296 0.668468
3 126 2 8 82.2204 54 780 0.510822
3 128 1 7 53.461 54 378 0.785619
3 128 3 9 6.04342 54 3 6.9497
3 129 1 7 32.9759 54 3022 1.27366
3 130 1 7 12.2113 54 393 3.43943
3 131 2 8 3.68458 54 282 11.3989
3 132 1 7 21.719 54 414 1.93379
3 133 1 7 111.875 54 3098 0.375419
3 134 1 7 16.9605 54 525 2.47635
3 135 1 7 7.84761 54 361 5.35195
3 136 1 7 11.3247 54 313 3.7087
3 137 1 7 33.4175 54 1603 1.25683
3 137 3 9 13.4901 54 20 3.11339
3 138 1 7 127.174 54 1447 0.330256
3 138 3 9 10.6263 54 4 3.95246
3 139 1 7 26.7557 54 76 1.56976
3 140 1 7 17.2812 54 175 2.43039
3 140 2 8 3.66517 54 139 11.4592
3 140 3 9 14.2351 54 7 2.95046
3 141 1 7 80.5462 54 640 0.52144
3 142 1 7 67.2492 54 272 0.624543
3 143 1 7 12.2621 54 282 3.4252
3 144 1 7 18.5237 54 547 2.26737
3 145 1 7 89.4816 54 2342 0.46937
3 146 1 7 107.15 54 630 0.391972
3 147 1 7 16.0358 54 50 2.61914
3 148 1 7 24.0814 54 948 1.74408
3 149 1 7 55.3005 54 7373 0.759487
3 150 1 7 63.5158 54 5092 0.661253
3 151 1 7 60.4244 54 1842 0.695083
3 152 1 7 30.2954 54 166 1.38635
3 153 1 7 47.9869 54 7284 0.875239
3 154 1 7 34.9923 54 2667 1.20026
3 155 1 7 26.9518 54 682 1.55834
3 156 1 7 5.72202 54 243 7.34007
3 157 1 7 59.0628 54 14501 0.711107
3 157 3 9 8.39157 54 7 5.00502
3 158 1 7 15.7109 54 6628 2.67331
3 158 2 8 9.33608 54 8 4.49868
3 159 1 7 12.4465 54 1061 3.37445
3 160 3 9 10.9851 54 53 3.82337
3 161 1 7 32.5491 54 10178 1.29036
3 162 1 7 34.8381 54 2135 1.20557
3 162 2 8 14.029 54 17 2.99379
3 163 1 7 14.4508 54 966 2.90642
3 164 1 7 23.9948 54 1132 1.75038
3 164 2 8 1.70301 54 28 24.6622
3 165 1 7 7.99078 54 10834 5.25606
3 166 1 7 99.1868 54 2765 0.423443
3 166 2 8 22.1712 54 35 1.89435
3 166 3 9 16.4511 54 4 2.55302
3 168 1 7 26.182 54 502 1.60416
3 169 1 7 13.3302 54 4864 3.15073
3 169 2 8 24.5305 54 58 1.71216
3 169 3 9 21.1507 54 10 1.98575
3 170 1 7 54.2206 54 5051 0.774613
3 170 2 8 12.9258 54 245 3.24932
3 171 3 9 38.7257 54 28 1.08455
3 172 1 7 35.1164 54 620 1.19602
3 172 3 9 21.8588 54 15 1.92142
3 173 1 7 11.1095 54 9440 3.78056
3 173 3 9 18.8823 54 123 2.22431
3 174 1 7 48.7102 54 3587 0.862242
3 174 2 8 11.153 54 199 3.76579
3 174 3 9 11.6998 54 144 3.5898
3 175 3 9 5.90737 54 7 7.10977
3 176 1 7 9.92431 54 610 4.23203
3 176 3 9 1.6077 54 1 26.1243
3 177 1 7 22.3514 54 5029 1.87908
3 177 3 9 38.1459 54 63 1.10104
3 178 1 7 49.5134 54 711 0.848255
3 178 2 8 23.0141 54 169 1.82496
3 179 2 8 2.32823 54 104 18.0394
3 179 3 9 13.3936 54 9 3.13584
3 180 1 7 19.5041 54 473 2.15339
3 180 3 9 57.0257 54 37 0.73651
3 181 1 7 27.688 54 2341 1.5169
3 181 2 8 37.7831 54 38 1.11161
3 181 3 9 24.0529 54 54 1.74615
3 182 1 7 17.156 54 1273 2.44812
3 182 2 8 16.7558 54 97 2.5066
3 182 3 9 17.8525 54 9 2.35261
3 183 2 8 6.95166 54 40 6.04172
3 183 3 9 1.65703 54 7 25.3465
3 184 1 7 24.3218 54 914 1.72685
3 184 2 8 25.9894 54 20 1.61604
3 185 3 9 14.9506 54 8 2.80925
3 186 2 8 14.6401 54 30 2.86884
3 187 3 9 4.36846 54 2 9.61437
3 188 3 9 19.136 54 6 2.19482
4 1 1 22 24.6939 54 579 1.70083
4 1 2 23 96.4601 54 195 0.435413
4 2 1 22 22.4146 54 540 1.87378
4 2 2 23 40.3504 54 145 1.04088
4 3 1 22 15.5357 54 514 2.70345
4 3 2 23 66.5875 54 56 0.630749
4 4 2 23 41.8008 54 83 1.00477
4 5 2 23 173.611 54 267 0.24192
4 6 2 23 48.8206 54 283 0.860292
4 7 1 22 48.157 54 3002 0.872148
4 7 2 23 11.8292 54 90 3.55053
4 8 1 22 2.30546 54 234 18.2176
4 8 2 23 150.801 54 936 0.278512
4 9 2 23 59.3246 54 433 0.70797
4 10 1 22 5.01881 54 68 8.36851
4 10 2 23 74.1399 54 253 0.566496
4 11 1 22 34.6318 54 618 1.21276
4 11 2 23 2.77264e-05 54 73 1.5148e+06
4 12 2 23 16.2876 54 370 2.57866
4 13 2 23 97.6078 54 410 0.430293
4 14 1 22 18.5773 54 81 2.26082
4 14 2 23 21.4777 54 271 1.95552
4 15 1 22 55.8986 54 728 0.75136
4 15 2 23 34.5324 54 165 1.21625
4 16 2 23 94.1079 54 463 0.446296
4 17 1 22 15.3883 54 40 2.72935
4 17 2 23 109.012 54 637 0.385277
4 18 2 23 111.96 54 920 0.375135
4 19 1 22 42.672 54 172 0.984252
4 19 2 23 49.0652 54 54 0.856003
4 20 2 23 51.1673 54 20 0.820837
4 21 2 23 66.1383 54 44 0.635033
4 22 1 22 26.1129 54 20 1.6084
4 22 2 23 100.964 54 365 0.415989
4 23 1 22 18.1478 54 29 2.31433
4 23 2 23 17.9557 54 29 2.33909
4 24 2 23 39.2056 54 65 1.07127
4 25 2 23 83.8261 54 416 0.501037
4 26 1 22 45.5099 54 1785 0.922876
4 26 2 23 130.053 54 870 0.322946
4 27 1 22 20.8809 54 29 2.0114
4 27 2 23 38.8397 54 227 1.08137
4 28 1 22 5.81402 54 15 7.22392
4 28 2 23 42.9751 54 31 0.977311
4 29 1 22 15.2706 54 338 2.75039
4 29 2 23 12.8835 54 105 3.25998
4 30 1 22 38.613 54 1011 1.08772
4 30 2 23 94.4869 54 520 0.444506
4 31 2 23 44.9803 54 44 0.933743
4 32 1 22 6.78236 54 230 6.19253
4 32 2 23 66.5046 54 130 0.631536
4 33 2 23 150.77 54 325 0.27857
4 34 2 23 161.582 54 236 0.25993
4 35 2 23 33.7596 54 30 1.24409
4 36 2 23 25.3147 54 90 1.65912
4 37 1 22 16.3079 54 5 2.57544
4 37 2 23 26.2546 54 355 1.59972
4 38 2 23 125.704 54 440 0.334119
4 39 1 22 46.7173 54 70 0.899024
4 39 2 23 36.7179 54 145 1.14386
4 40 2 23 26.599 54 113 1.57901
4 41 1 22 27.5327 54 45 1.52546
4 41 2 23 69.2596 54 320 0.606414
4 42 1 22 6.52487 54 6 6.43691
4 42 2 23 44.9212 54 165 0.934972
4 43 1 22 39.7169 54 54 1.05748
4 43 2 23 21.1597 54 5 1.9849
4 44 2 23 19.6726 54 27 2.13495
4 45 1 22 34.7828 54 221 1.20749
4 45 2 23 105.707 54 90 0.397324
4 46 1 22 4.58522 54 94 9.15987
4 46 2 23 43.6353 54 227 0.962523
4 47 1 22 7.07556 54 16 5.93592
4 47 2 23 38.0665 54 114 1.10333
4 48 2 23 60.9884 54 87 0.688655
4 49 1 22 42.7864 54 343 0.98162
4 49 2 23 46.9766 54 113 0.894061
4 50 1 22 38.0839 54 148 1.10283
4 50 2 23 12.5703 54 222 3.34122
4 51 2 23 61.445 54 81 0.683538
4 52 1 22 5.58938 54 25 7.51425
4 52 2 23 34.1807 54 52 1.22876
4 53 1 22 9.61468 54 96 4.36832
4 53 2 23 51.7591 54 67 0.811451
4 54 1 22 40.3001 54 1023 1.04218
4 54 2 23 0.00169888 54 288 24722.1
4 55 1 22 18.671 54 631 2.24947
4 55 2 23 40.0922 54 76 1.04759
4 56 1 22 75.391 54 203 0.557096
4 56 2 23 91.8925 54 50 0.457056
4 57 1 22 8.3094 54 35 5.05451
4 57 2 23 52.9597 54 448 0.793056
4 58 2 23 94.3447 54 358 0.445176
4 59 1 22 8.45754 54 13 4.96598
4 59 2 23 90.8244 54 132 0.462431
4 60 1 22 5.67725 54 11 7.39795
4 60 2 23 15.932 54 15 2.63621
4 61 1 22 79.583 54 108 0.527751
4 61 2 23 58.1454 54 18 0.722327
4 62 1 22 5.26109 54 25 7.98313
4 62 2 23 52.8481 54 95 0.79473
4 63 1 22 29.6896 54 70 1.41464
4 63 2 23 24.1632 54 21 1.73818
4 64 2 23 11.1123 54 34 3.7796
4 65 1 22 8.73991 54 115 4.80554
4 65 2 23 106.025 54 44 0.396132
4 66 1 22 25.1992 54 57 1.66672
4 66 2 23 56.0495 54 580 0.749338
4 67 2 23 54.3597 54 52 0.772631
4 68 1 22 2.15201 54 9 19.5167
4 68 2 23 47.0219 54 85 0.8932
4 69 1 22 13.4015 54 47 3.13397
4 69 2 23 58.9638 54 252 0.712301
4 70 1 22 25.7235 54 102 1.63275
4 70 2 23 40.0434 54 388 1.04886
4 71 2 23 26.2268 54 31 1.60142
4 72 1 22 8.69009 54 79 4.83309
4 72 2 23 30.069 54 69 1.39679
4 73 1 22 1.00539 54 24 41.7747
4 73 2 23 50.1638 54 27 0.837258
4 74 1 22 41.9598 54 248 1.00096
4 74 2 23 18.9503 54 33 2.21633
4 75 1 22 4.22111 54 75 9.94999
4 75 2 23 4.94115 54 11 8.50004
4 76 1 22 14.3433 54 23 2.9282
4 76 2 23 69.6071 54 111 0.603387
4 77 1 22 15.5812 54 104 2.69555
4 77 2 23 233.493 54 765 0.179877
4 78 1 22 71.3914 54 83 0.588306
4 78 2 23 39.7123 54 346 1.05761
4 79 2 23 45.0391 54 36 0.932523
4 80 1 22 55.3572 54 70 0.758709
4 80 2 23 44.2418 54 43 0.949328
4 81 2 23 0.000389394 54 159 107860
4 82 1 22 24.9398 54 1034 1.68405
4 82 2 23 69.0728 54 161 0.608054
4 83 2 23 0.633211 54 31 66.3286
4 84 1 22 14.6758 54 25 2.86186
4 84 2 23 83.3249 54 123 0.504051
4 85 1 22 5.94941 54 20 7.05953
4 85 2 23 57.4831 54 2165 0.730649
4 86 1 22 11.0269 54 68 3.80886
4 86 2 23 55.7532 54 272 0.75332
4 87 2 23 0.419178 54 17 100.196
4 88 1 22 18.073 54 171 2.32391
4 88 2 23 91.1535 54 72 0.460761
4 89 1 22 39.3431 54 110 1.06753
4 89 2 23 186.554 54 437 0.225136
4 90 1 22 23.8811 54 120 1.75871
4 90 2 23 50.2808 54 175 0.835308
4 91 2 23 31.2245 54 18 1.3451
4 92 1 22 15.1854 54 45 2.76581
4 92 2 23 89.6911 54 810 0.468274
4 93 1 22 4.74853 54 6 8.84485
4 93 2 23 73.333 54 3510 0.57273
4 94 1 22 84.9292 54 215 0.49453
4 94 2 23 19.2426 54 125 2.18266
4 95 2 23 14.9569 54 12 2.80806
4 96 1 22 35.9487 54 218 1.16833
4 96 2 23 1.94142e-05 54 32 2.16337e+06
4 97 1 22 22.3598 54 25 1.87837
4 97 2 23 52.027 54 178 0.807273
4 98 1 22 13.8405 54 145 3.03458
4 98 2 23 27.551 54 176 1.52444
4 99 2 23 23.1485 54 8 1.81437
4 100 1 22 22.7125 54 229 1.8492
4 100 2 23 45.8706 54 44 0.91562
4 101 1 22 3.17629 54 47 13.223
4 101 2 23 97.7178 54 295 0.429809
4 102 1 22 27.8335 54 45 1.50897
4 102 2 23 70.3064 54 233 0.597385
4 103 2 23 24.5715 54 19 1.70929
4 104 1 22 57.6195 54 275 0.72892
4 104 2 23 66.8761 54 40 0.628027
4 105 1 22 25.3147 54 1018 1.65912
4 105 2 23 87.6448 54 103 0.479207
4 106 1 22 7.78229 54 14 5.39687
4 106 2 23 41.7625 54 204 1.00569
4 107 2 23 14.7957 54 4 2.83866
4 108 1 22 16.8675 54 491 2.49
4 108 2 23 52.632 54 29 0.797993
4 109 1 22 67.2303 54 6476 0.624718
4 109 2 23 95.2307 54 378 0.441034
4 110 1 22 6.45038 54 105 6.51124
4 110 2 23 26.8151 54 400 1.56628
4 111 1 23 4.66866 54 1 8.99615
4 112 1 22 22.8272 54 277 1.83991
4 112 2 23 17.2475 54 18 2.43514
4 113 1 22 23.9408 54 3674 1.75432
4 113 2 23 45.8228 54 190 0.916575
4 114 2 23 50.0066 54 73 0.83989
4 115 2 23 12.9276 54 5 3.24886
4 116 1 22 17.6517 54 358 2.37937
4 116 2 23 5.41559e-05 54 56 775539
4 117 2 23 211.737 54 1052 0.198359
4 118 1 22 23.6026 54 3470 1.77947
4 118 2 23 64.7106 54 560 0.649043
4 119 2 23 3.85338 54 2 10.8995
4 120 1 22 21.5161 54 1194 1.95202
4 120 2 23 89.9755 54 58 0.466794
4 121 1 22 21.6356 54 1283 1.94125
4 121 2 23 237.763 54 146 0.176647
4 122 1 22 13.1973 54 3907 3.18248
4 122 2 23 28.5308 54 33 1.47209
4 123 2 23 0.470269 54 17 89.3105
4 124 1 22 32.0817 54 415 1.30916
4 124 2 23 64.2431 54 113 0.653767
4 125 1 22 76.4788 54 1400 0.549172
4 125 2 23 119.895 54 3577 0.350305
4 126 1 22 33.3804 54 2466 1.25822
4 126 2 23 36.109 54 67 1.16315
4 127 1 23 2.95121 54 14 14.2315
4 128 1 22 10.5339 54 234 3.98714
4 128 2 23 41.0071 54 36 1.02421
4 129 1 22 16.1136 54 176 2.60649
4 129 2 23 1.13003 54 27 37.1671
4 130 1 22 13.7962 54 104 3.04431
4 130 2 23 76.2684 54 257 0.550687
4 131 2 23 10.6241 54 9 3.95328
4 132 1 22 5.63441 54 250 7.45419
4 132 2 23 57.8874 54 44 0.725546
4 133 2 23 81.5668 54 436 0.514915
4 134 1 22 19.3915 54 149 2.1659
4 134 2 23 2.11224 54 18 19.8841
4 136 1 22 29.8699 54 275 1.4061
4 137 2 23 84.4956 54 98 0.497067
4 138 2 23 11.406 54 89 3.68226
4 139 2 23 2.11886e-07 54 7 1.98219e+08
4 140 1 22 11.3502 54 183 3.70039
4 140 2 23 92.4327 54 22 0.454385
4 141 1 22 34.2721 54 720 1.22549
4 142 1 22 59.6192 54 329 0.704471
4 144 1 22 86.4005 54 399 0.486108
4 145 1 22 51.749 54 541 0.81161
4 146 1 22 9.22839 54 84 4.55117
4 148 1 22 6.05358 54 150 6.93804
4 152 1 22 10.2524 54 17 4.09662
4 153 1 22 25.556 54 400 1.64345
4 156 1 22 29.6534 54 330 1.41636
4 157 2 23 103.113 54 187 0.407318
4 158 1 22 13.1602 54 208 3.19144
4 158 2 23 89.0417 54 22 0.471689
4 159 1 22 24.0577 54 189 1.7458
4 159 2 23 6.32848 54 5 6.63666
4 160 1 22 16.7464 54 629 2.508
4 160 2 23 31.3896 54 10 1.33802
4 161 2 23 12.692 54 118 3.30917
4 162 2 23 12.9762 54 70 3.23669
4 163 1 22 24.4677 54 175 1.71655
4 163 2 23 16.7646 54 3 2.50528
4 164 2 23 81.5985 54 586 0.514715
4 165 2 23 54.3219 54 266 0.773169
4 166 2 23 27.143 54 161 1.54736
4 167 2 23 6.25306 54 7 6.71671
4 168 2 23 2.98048 54 24 14.0917
4 169 2 23 82.2219 54 96 0.510813
4 170 2 23 94.6506 54 36 0.443737
4 171 2 23 18.7049 54 41 2.2454
4 172 2 23 22.1869 54 16 1.89301
4 173 1 22 6.52514 54 1394 6.43665
4 173 2 23 113.452 54 251 0.370201
4 174 2 23 88.0469 54 89 0.477019
4 175 2 23 7.63614 54 2 5.50016
4 176 1 22 8.66353 54 50 4.84791
4 176 2 23 42.7883 54 59 0.981577
4 177 1 22 9.36608 54 523 4.48426
4 177 2 23 17.7703 54 70 2.3635
4 178 1 22 30.8801 54 1018 1.3601
4 178 2 23 8.71731e-05 54 134 481800
4 179 2 23 41.3588 54 48 1.0155
4 180 1 22 35.2592 54 200 1.19118
4 180 2 23 1.25083 54 60 33.5777
4 181 1 22 23.2726 54 827 1.80469
4 181 2 23 50.1465 54 76 0.837546
4 182 2 23 75.7748 54 45 0.554274
4 183 2 23 211.894 54 1136 0.198212
4 184 1 22 28.854 54 291 1.4556
4 184 2 23 0.00023908 54 190 175673
4 185 2 23 110.528 54 267 0.379995
4 186 2 23 0.000203933 54 79 205950
4 187 2 23 7.1165 54 20 5.90177
5 2 5 17 8.10212 54 7 5.18383
5 3 5 17 10.9443 54 3 3.83761
5 5 7 17 12.3004 54 5 3.41453
5 6 5 17 18.5068 54 11 2.26944
5 7 5 17 23.7153 54 34 1.77101
5 8 7 17 13.5818 54 23 3.09237
5 9 7 17 0.000153312 54 104 273952
5 10 5 17 16.2557 54 39 2.5837
5 11 6 17 12.0215 54 11 3.49373
5 12 7 17 19.5312 54 108 2.15041
5 13 7 17 5.34903 54 19 7.85189
5 14 7 17 2.3102 54 117 18.1802
5 15 7 17 4.38927 54 5 9.56879
5 16 7 17 20.7016 54 45 2.02883
5 17 7 17 29.0663 54 80 1.44497
5 20 7 17 8.75019 54 19 4.79989
5 21 7 17 2.38652 54 1 17.5988
5 23 7 17 4.83637 54 4 8.68421
5 27 7 17 3.84061 54 11 10.9358
5 28 7 17 3.82149 54 9 10.9905
5 29 7 17 0.340225 54 1 123.448
5 33 1 10 11.0266 54 126 3.80896
5 33 3 12 26.6838 54 3957 1.57399
5 34 1 10 4.5097 54 7 9.31326
5 34 3 12 16.7237 54 3375 2.51141
5 35 1 10 2.80949 54 25 14.9494
5 35 3 12 18.7711 54 3445 2.23748
5 36 1 10 9.13242 54 175 4.599
5 36 3 12 26.7423 54 2391 1.57055
5 37 1 10 6.21476 54 154 6.7581
5 37 3 12 20.18 54 2556 2.08127
5 38 1 10 7.98894 54 189 5.25727
5 38 3 12 21.0855 54 3614 1.99189
5 39 1 10 11.8657 54 100 3.53961
5 39 3 12 27.5182 54 2543 1.52626
5 40 1 10 8.16673 54 95 5.14282
5 40 3 12 44.8609 54 1540 0.936227
5 41 1 10 68.5235 54 235 0.612929
5 41 3 12 45.5811 54 1312 0.921435
5 42 1 10 20.4809 54 411 2.05069
5 42 3 12 110.67 54 2347 0.379507
5 43 1 10 25.3262 54 1102 1.65836
5 43 3 12 160.616 54 1728 0.261494
5 44 1 10 46.9733 54 947 0.894125
5 44 3 12 59.3539 54 3435 0.70762
5 44 6 17 8.18135 54 3 5.13362
5 45 1 10 16.3055 54 724 2.57581
5 45 3 12 41.9568 54 2759 1.00103
5 46 1 10 22.2178 54 362 1.89038
5 46 3 12 61.9249 54 3902 0.67824
5 47 1 10 24.3119 54 162 1.72755
5 47 3 12 113.436 54 2286 0.370253
5 48 1 10 32.9209 54 617 1.27579
5 48 3 12 29.5649 54 1635 1.4206
5 49 1 10 48.1767 54 1413 0.871791
5 49 3 12 49.8648 54 2152 0.842277
5 50 1 10 57.6193 54 658 0.728922
5 50 3 12 74.0947 54 1459 0.566842
5 51 1 10 26.4278 54 1034 1.58924
5 51 3 12 45.7696 54 1032 0.91764
5 52 1 10 27.9692 54 1493 1.50165
5 52 3 12 55.3362 54 1075 0.758997
5 53 1 10 17.0605 54 1218 2.46182
5 53 3 12 31.3548 54 1263 1.33951
5 53 4 13 32.2141 54 1426 1.30378
5 54 1 10 40.6913 54 839 1.03216
5 54 2 11 26.3363 54 2040 1.59475
5 54 3 12 52.8082 54 1046 0.79533
5 54 4 13 29.0415 54 738 1.44621
5 55 1 10 43.2783 54 834 0.970464
5 55 2 11 76.4133 54 3208 0.549642
5 55 3 12 76.2756 54 377 0.550635
5 55 4 13 21.4869 54 2659 1.95468
5 56 1 10 32.4981 54 862 1.29238
5 56 2 11 23.9053 54 4235 1.75693
5 56 3 12 23.9304 54 515 1.75509
5 56 4 13 18.7805 54 2555 2.23637
5 57 1 10 11.5091 54 4 3.64929
5 57 4 13 4.77551 54 3677 8.79488
5 58 1 10 25.2053 54 815 1.66632
5 58 3 12 12.3578 54 1890 3.39866
5 58 4 13 26.101 54 9215 1.60913
5 59 1 10 73.4292 54 810 0.57198
5 59 3 12 24.7964 54 1561 1.69379
5 59 4 13 36.7878 54 16489 1.14168
5 60 1 10 83.4421 54 1260 0.503343
5 60 3 12 21.7123 54 2826 1.93439
5 60 4 13 31.8247 54 12907 1.31973
5 61 1 10 57.3986 54 877 0.731726
5 61 3 12 19.2235 54 5114 2.18483
5 61 4 13 22.7195 54 13467 1.84863
5 62 1 10 57.4501 54 1116 0.731069
5 62 2 11 201.754 54 3511 0.208174
5 62 3 12 62.0603 54 884 0.676761
5 62 4 13 18.7966 54 19680 2.23444
5 63 1 10 33.3465 54 1310 1.2595
5 63 2 11 132.18 54 4056 0.317748
5 63 3 12 34.3059 54 651 1.22428
5 63 4 13 62.7234 54 16499 0.669607
5 64 1 10 50.3164 54 1700 0.834718
5 64 2 11 79.7521 54 3816 0.526632
5 64 3 12 38.5236 54 467 1.09024
5 64 4 13 46.4347 54 21384 0.904495
5 66 6 15 8.51054 54 161 4.93505
5 67 5 14 25.299 54 408 1.66014
5 67 6 15 9.1146 54 96 4.60799
5 70 5 14 7.36085 54 111 5.70586
5 71 6 15 20.3489 54 84 2.064
5 73 4 13 14.049 54 258 2.98954
5 74 4 13 8.32425 54 619 5.0455
5 75 4 13 2.87836 54 1291 14.5916
5 76 4 13 0.789418 54 1236 53.2037
5 78 5 14 72.8941 54 773 0.576178
5 78 6 15 119.097 54 1152 0.352653
5 79 4 13 9.01051 54 755 4.66123
5 80 4 13 3.10608 54 345 13.5219
5 82 3 12 5.95165 54 103 7.05686
5 85 1 10 82.1068 54 14963 0.511529
5 85 3 12 94.9083 54 11961 0.442532
5 86 1 10 52.5075 54 16437 0.799885
5 86 3 12 153.933 54 9969 0.272847
5 87 1 10 62.7181 54 16367 0.669664
5 87 3 12 54.818 54 10233 0.766171
5 88 1 10 97.692 54 13579 0.429922
5 88 3 12 284.596 54 7450 0.147578
5 89 1 10 48.0577 54 16615 0.873949
5 89 3 12 66.4467 54 9794 0.632086
5 90 1 10 102.953 54 16805 0.407951
5 90 3 12 66.1035 54 8121 0.635367
5 91 1 10 130.065 54 13262 0.322915
5 91 3 12 114.909 54 7580 0.365506
5 92 1 10 46.785 54 10947 0.897723
5 92 3 12 82.8436 54 7253 0.506979
5 94 5 14 10.5805 54 46.9155 3.96958
5 99 5 14 93.2742 54 905.681 0.450285
5 99 6 15 65.635 54 500.874 0.639902
5 100 5 14 17.5621 54 441.75 2.39151
5 101 1 10 22.2477 54 1341 1.88784
5 101 3 12 55.7783 54 3829 0.752981
5 101 5 14 15.0059 54 61.4007 2.7989
5 101 6 15 37.0884 54 40.0001 1.13243
5 102 1 10 34.9717 54 1792 1.20097
5 102 3 12 119.392 54 4948 0.351784
5 103 1 10 11.6149 54 2598 3.61603
5 103 3 12 94.2303 54 4751 0.445717
5 104 1 10 14.9418 54 759 2.81091
5 104 3 12 41.0823 54 664 1.02234
5 105 1 10 4.9928 54 219 8.41211
5 105 3 12 42.2676 54 1266 0.993669
5 106 1 10 45.0839 54 982 0.931596
5 106 3 12 114.04 54 3552 0.368292
5 107 1 10 28.6486 54 2359 1.46604
5 107 3 12 129.631 54 6106 0.323996
5 108 1 10 19.1938 54 39 2.18821
5 108 3 12 29.4478 54 2329 1.42625
5 109 1 10 78.1253 54 532 0.537598
5 109 3 12 57.1598 54 3491 0.734782
5 109 5 14 4.99246 54 87.9746 8.41269
5 109 6 15 14.3424 54 180 2.92839
5 110 1 10 51.8412 54 132 0.810166
5 110 3 12 38.3138 54 3037 1.09621
5 110 6 15 24.1612 54 336.926 1.73832
5 110 7 17 6.34548e-08 54 1 6.61889e+08
5 111 1 10 22.6566 54 53 1.85377
5 111 3 12 42.7631 54 137 0.982155
5 112 1 10 0.322955 54 64 130.049
5 112 3 12 2.45555 54 128 17.1041
5 113 1 10 38.7091 54 674 1.08502
5 113 3 12 94.5395 54 2935 0.444259
5 114 1 10 21.6073 54 574 1.94379
5 114 3 12 156.47 54 3780 0.268423
5 114 5 14 17.6878 54 34 2.37452
5 115 1 10 28.5509 54 858 1.47105
5 115 3 12 42.3292 54 4460 0.992223
5 116 1 10 34.0262 54 468 1.23434
5 116 3 12 69.7495 54 3401 0.602155
5 117 1 10 36.2616 54 575 1.15825
5 117 3 12 34.9109 54 4648 1.20306
5 118 1 10 43.606 54 302 0.963171
5 118 3 12 64.8439 54 6853 0.647709
5 119 1 10 16.0888 54 505 2.61052
5 119 3 12 131.83 54 5094 0.318593
5 120 1 10 8.74802 54 438 4.80109
5 120 3 12 101.583 54 2824 0.413455
5 121 1 10 7.56413 54 340 5.55252
5 121 3 12 66.0542 54 3576 0.635841
5 122 1 10 10.5884 54 268 3.96661
5 122 3 12 68.5717 54 5519 0.612498
5 123 1 10 14.6941 54 256 2.85829
5 123 3 12 14.1248 54 2935 2.97349
5 124 1 10 31.7132 54 345 1.32437
5 124 3 12 37.3364 54 273 1.12491
5 125 1 10 29.325 54 203 1.43222
5 125 3 12 11.7324 54 1210 3.57983
5 126 1 10 54.9609 54 419 0.76418
5 126 3 12 39.016 54 2806 1.07648
5 126 5 14 26.5921 54 163.608 1.57941
5 126 6 15 97.8002 54 937.36 0.429447
5 127 1 10 57.6977 54 182 0.727932
5 127 3 12 58.2919 54 2378 0.720511
5 127 6 15 77.1947 54 365 0.544079
5 128 1 10 25.9128 54 85 1.62082
5 128 3 12 72.0123 54 5386 0.583234
5 129 1 10 0.547006 54 105 76.7816
5 129 3 12 86.9216 54 2872 0.483194
5 130 1 10 9.53564 54 5 4.40453
5 130 3 12 99.352 54 905 0.422739
5 131 3 12 55.0261 54 1011 0.763274
5 131 5 14 39.5133 54 868.264 1.06293
5 132 1 10 9.03432 54 4 4.64894
5 132 3 12 21.1049 54 1148 1.99006
5 133 1 10 95.7898 54 1890 0.43846
5 133 3 12 42.3021 54 5602 0.992858
5 134 1 10 72.5117 54 896 0.579217
5 134 3 12 79.5408 54 6326 0.528031
5 134 5 14 20.2982 54 320.219 2.06914
5 135 1 10 41.0316 54 1290 1.0236
5 135 3 12 161.882 54 7658 0.259449
5 136 1 10 41.4047 54 1324 1.01438
5 136 3 12 49.6652 54 3929 0.845662
5 136 5 14 40.2131 54 49.5678 1.04444
5 136 8 17 6.36894 54 3 6.5945
5 137 1 10 42.4765 54 1465 0.988783
5 137 3 12 139.233 54 3520 0.301653
5 137 5 14 24.3384 54 68.2079 1.72567
5 137 8 17 2.76901 54 1 15.1679
5 138 1 10 78.5578 54 1128 0.534638
5 138 3 12 57.9645 54 6594 0.724582
5 138 5 14 18.5828 54 539.127 2.26016
5 138 6 15 10.4607 54 73.0001 4.01504
5 139 1 10 33.0898 54 1301 1.26927
5 139 3 12 138.916 54 9029 0.302342
5 140 1 10 116.658 54 1736 0.360026
5 140 3 12 68.1775 54 6788 0.616039
5 141 1 10 74.2045 54 1326 0.566004
5 141 3 12 54.0039 54 5030 0.777721
5 142 1 10 21.6852 54 1041 1.9368
5 142 3 12 142.212 54 6059 0.295333
5 142 6 15 22.4999 54 30 1.86668
5 143 1 10 75.8945 54 988 0.5534
5 143 3 12 65.6156 54 6914 0.640092
5 144 1 10 112.041 54 1290 0.374863
5 144 3 12 47.5742 54 4145 0.882831
5 144 8 17 0.229097 54 1 183.329
5 145 1 10 55.9847 54 1322 0.750205
5 145 3 12 63.0016 54 4153 0.66665
5 145 8 17 2.5297 54 1 16.6027
5 146 1 10 61.3449 54 890 0.684654
5 146 3 12 69.8408 54 6133 0.601368
5 147 1 10 28.7497 54 999 1.46088
5 147 3 12 73.6901 54 6221 0.569955
5 148 1 10 65.5028 54 1010 0.641194
5 148 3 12 55.2415 54 6611 0.760298
5 149 1 10 70.4045 54 2559 0.596553
5 149 3 12 34.2461 54 4645 1.22642
5 150 1 10 157.061 54 1636 0.267412
5 150 3 12 80.0766 54 5894 0.524498
5 151 1 10 63.3053 54 1911 0.663451
5 151 3 12 72.3634 54 1709 0.580404
5 152 1 10 58.6918 54 4312 0.715603
5 152 3 12 30.7854 54 3296 1.36428
5 153 1 10 22.6614 54 2421 1.85337
5 153 2 11 53.5865 54 975 0.78378
5 153 3 12 28.8766 54 2524 1.45446
5 153 4 13 27.1131 54 5606 1.54906
5 153 5 15 127.756 54 62.4888 0.328751
5 153 6 16 2.12599 54 3 19.7555
5 154 1 10 81.9669 54 2489 0.512402
5 154 2 11 63.1694 54 293 0.664879
5 154 3 12 21.2047 54 21104 1.9807
5 154 4 13 46.4129 54 1851 0.904922
5 154 5 14 36.3244 54 1053.48 1.15625
5 155 1 10 55.6656 54 3306 0.754506
5 155 3 12 46.4084 54 31032 0.905009
5 155 4 13 109.022 54 8295 0.385242
5 156 1 10 84.3377 54 3691 0.497998
5 156 2 11 92.3042 54 268 0.455017
5 156 3 12 62.9124 54 34152 0.667595
5 156 4 13 235.503 54 8919 0.178342
5 156 5 14 10.2997 54 85.652 4.07779
5 157 1 10 118.031 54 3345 0.355838
5 157 2 11 56.8357 54 2866 0.738973
5 157 3 12 82.5599 54 22897 0.508722
5 157 4 13 55.9512 54 2502 0.750654
5 158 1 10 117.697 54 4866 0.356849
5 158 2 11 144.819 54 1545 0.290018
5 158 3 12 47.3729 54 37681 0.886583
5 158 4 13 69.9173 54 1621 0.60071
5 159 1 10 72.8001 54 3866 0.576922
5 159 2 11 81.893 54 1582 0.512864
5 159 3 12 43.2735 54 32308 0.97057
5 159 4 13 25.6357 54 919 1.63834
5 159 7 16 90.2862 54 2799 0.465187
5 160 1 10 53.4478 54 7075 0.785813
5 160 2 11 46.0705 54 5331 0.911646
5 160 3 12 78.6362 54 20662 0.534105
5 160 4 13 35.0197 54 4080 1.19933
5 160 6 16 61.4513 54 4812 0.683468
5 161 1 10 50.7855 54 5141 0.827007
5 161 2 11 51.2819 54 1917 0.819003
5 161 3 12 52.5424 54 12789 0.799354
5 161 4 13 168.681 54 5219 0.248991
5 161 7 16 54.2125 54 6269 0.774728
5 161 8 17 8.99391 54 31 4.66983
5 162 1 10 103.69 54 6541 0.405052
5 162 2 11 36.6565 54 558 1.14577
5 162 3 12 40.7934 54 18112 1.02958
5 162 4 13 29.8434 54 186 1.40734
5 162 5 14 54.8366 54 591.123 0.765913
5 162 7 16 188.049 54 9903 0.223346
5 162 8 17 2.36902 54 1 17.7288
5 163 1 10 43.5346 54 12605 0.964751
5 163 2 11 71.5749 54 957 0.586798
5 163 3 12 58.3496 54 20045 0.719799
5 163 4 13 138.355 54 5901 0.303567
5 163 5 15 33.7295 54 154.059 1.2452
5 163 6 16 98.2731 54 10147 0.427381
5 164 1 10 32.8844 54 7879 1.2772
5 164 2 11 191.182 54 2298 0.219686
5 164 3 12 76.9922 54 35381 0.545509
5 164 4 13 138.14 54 1232 0.304038
5 164 5 14 15.0029 54 519.267 2.79946
5 164 7 16 218.027 54 10422 0.192637
5 165 1 10 19.2798 54 15651 2.17845
5 165 2 11 79.5264 54 2755 0.528126
5 165 3 12 47.1029 54 61525 0.891665
5 165 4 13 154.482 54 2961 0.271877
5 165 5 15 38.6036 54 39.9999 1.08798
5 165 6 16 180.386 54 9995 0.232834
5 166 1 10 36.3444 54 14364 1.15561
5 166 2 11 99.8248 54 1466 0.420737
5 166 3 12 55.316 54 76078 0.759274
5 166 4 13 157.49 54 4054 0.266683
5 166 5 14 31.8372 54 1638.07 1.31921
5 166 6 15 63.7584 54 511 0.658737
5 166 7 16 134.373 54 11227 0.312564
5 166 8 17 14.2858 54 6 2.93999
5 167 1 10 31.9677 54 9812 1.31383
5 167 2 11 109.71 54 1039 0.382827
5 167 3 12 106.256 54 32022 0.395273
5 167 4 13 138.991 54 5964 0.302178
5 167 5 15 13.5811 54 139.238 3.09254
5 167 6 16 128.014 54 10684 0.328089
5 167 7 17 9.04038 54 13 4.64582
5 168 1 10 20.3321 54 11604 2.0657
5 168 2 11 63.6971 54 1254 0.65937
5 168 3 12 98.4737 54 93684 0.42651
5 168 4 13 59.7597 54 116 0.702815
5 168 5 16 74.1285 54 11233 0.566584
5 168 6 17 3.15936 54 2 13.2938
5 169 1 10 82.2246 54 2634 0.510796
5 169 2 11 18.8571 54 440 2.22728
5 169 3 12 107.333 54 135502 0.391304
5 169 4 13 87.4841 54 7276 0.480087
5 169 5 14 31.9509 54 1000 1.31452
5 169 6 15 1.34585 54 84.169 31.2069
5 169 7 16 155.328 54 9564 0.270395
5 170 1 10 110.115 54 8805 0.381419
5 170 2 11 20.3358 54 386 2.06532
5 170 3 12 54.0111 54 240907 0.777619
5 170 4 13 98.3104 54 5821 0.427218
5 170 5 14 74.6511 54 2000 0.562617
5 170 6 15 65.023 54 1797.25 0.645925
5 170 7 16 153.619 54 24913 0.273404
5 171 1 10 98.9264 54 13650 0.424558
5 171 2 11 26.8989 54 392 1.5614
5 171 3 12 198.728 54 44365 0.211344
5 171 4 13 114.646 54 4294 0.366344
5 171 6 16 135.372 54 22787 0.310257
5 171 7 17 7.50265 54 2 5.59802
5 172 1 10 49.0003 54 10851 0.857137
5 172 2 11 13.2011 54 331 3.18156
5 172 3 12 242.946 54 106916 0.172878
5 172 4 13 115.291 54 5155 0.364296
5 172 6 16 136.328 54 14841 0.30808
5 173 1 10 39.0191 54 6151 1.0764
5 173 2 11 83.227 54 427 0.504644
5 173 3 12 46.5253 54 131732 0.902734
5 173 4 13 45.8559 54 182 0.915912
5 173 7 17 7.28852 54 6 5.76249
5 174 1 10 158.978 54 6401 0.264188
5 174 2 11 44.0511 54 1373 0.953439
5 174 3 12 44.9351 54 123184 0.934682
5 174 4 13 98.3393 54 283 0.427093
5 174 5 14 21.5956 54 1278 1.94484
5 174 8 17 29.2509 54 9 1.43585
5 175 1 10 89.1761 54 9603 0.470978
5 175 2 11 71.3315 54 3251 0.5888
5 175 3 12 188.459 54 33421 0.22286
5 175 4 13 104.845 54 877 0.400592
5 175 6 17 29.8003 54 27 1.40938
5 176 1 10 169.513 54 1080 0.247768
5 176 2 11 100.823 54 837 0.416573
5 176 3 12 83.286 54 58244 0.504286
5 176 4 13 14.7178 54 88 2.8537
5 176 5 14 77.6356 54 1000 0.540989
5 176 7 17 7.50437 54 6 5.59674
5 177 1 10 84.803 54 9584 0.495266
5 177 2 11 43.2236 54 365 0.971692
5 177 3 12 137.194 54 48012 0.306135
5 177 4 13 61.3037 54 2940 0.685113
5 177 6 16 136.496 54 25131 0.307701
5 178 1 10 151.499 54 9259 0.27723
5 178 2 11 23.4865 54 279 1.78826
5 178 3 12 164.597 54 43453 0.255168
5 178 4 13 15.5479 54 53 2.70133
5 178 5 14 56.0388 54 1387.52 0.74948
5 178 7 16 114.666 54 27087 0.366281
5 179 1 10 71.1654 54 9165 0.590174
5 179 2 11 48.5397 54 709 0.865272
5 179 3 12 259.309 54 35704 0.161969
5 179 5 14 7.86927 54 139.708 5.33722
5 179 6 15 78.4346 54 507.621 0.535478
5 179 7 16 139.413 54 23577 0.301263
5 179 8 17 2.36583e-05 54 19 1.77528e+06
5 180 1 10 98.1766 54 9522 0.427801
5 180 2 11 153.222 54 532 0.274112
5 180 3 12 307.503 54 64491 0.136584
5 180 4 13 22.1958 54 441 1.89225
5 180 5 14 76.8246 54 1000 0.5467
5 180 7 16 127.105 54 22120 0.330435
5 180 8 17 13.7616 54 17 3.05197
5 181 1 10 214.924 54 8737 0.195418
5 181 2 11 37.5335 54 148 1.119
5 181 3 12 379.925 54 46894 0.110548
5 181 4 13 118.854 54 3589 0.353374
5 181 5 14 87.5594 54 1276.68 0.479674
5 181 6 15 16.3255 54 501.948 2.57266
5 181 7 16 87.7416 54 22321 0.478678
5 181 8 17 22.3283 54 41 1.88102
5 182 1 10 179.977 54 8898 0.233364
5 182 2 11 41.2449 54 624 1.01831
5 182 3 12 508.173 54 49205 0.082649
5 182 4 13 126.964 54 5669 0.330802
5 182 5 14 23.8252 54 611.789 1.76284
5 182 6 15 57.0084 54 1000 0.736734
5 182 7 16 103.051 54 23832 0.407566
5 182 8 17 7.2743 54 28 5.77375
5 183 1 10 109.917 54 14967 0.382107
5 183 2 11 165.035 54 577 0.254491
5 183 3 12 59.8816 54 60411 0.701384
5 183 4 13 110.789 54 2636 0.379097
5 183 5 14 19.5366 54 275.066 2.14982
5 183 6 15 39.1633 54 1960 1.07243
5 183 7 16 92.6677 54 22259 0.453232
5 183 8 17 44.2382 54 26 0.949405
5 184 1 10 74.4377 54 13029 0.56423
5 184 2 11 56.8326 54 106 0.739013
5 184 3 12 106.318 54 139514 0.395043
5 184 4 13 52.854 54 2612 0.794642
5 184 5 14 104.463 54 1630.28 0.402058
5 184 6 15 43.8537 54 429.076 0.957731
5 184 7 16 85.9178 54 21839 0.488839
5 185 1 10 119.88 54 10956 0.350351
5 185 2 11 194.357 54 839 0.216097
5 185 3 12 348.819 54 56723 0.120406
5 185 4 13 131.967 54 1054 0.318262
5 185 5 14 93.2991 54 1000 0.450165
5 185 6 15 43.4515 54 219.988 0.966595
5 185 8 17 6.45721 54 4 6.50436
5 186 1 10 198.746 54 9401 0.211325
5 186 2 11 89.6658 54 389 0.468406
5 186 3 12 224.423 54 66287 0.187146
5 186 4 13 76.3549 54 2236 0.550063
5 186 5 14 80.107 54 1468 0.524299
5 186 6 15 53.9018 54 2529.33 0.779195
5 186 8 17 2.99157 54 2 14.0395
5 187 1 10 147.78 54 17021 0.284206
5 187 2 11 208.214 54 467 0.201715
5 187 3 12 173.516 54 52164 0.242053
5 187 4 13 105.579 54 4321 0.397808
5 187 5 15 14.5832 54 105.702 2.88003
5 187 7 17 4.31507 54 1 9.73334
5 188 1 10 211.261 54 16407 0.198807
5 188 2 11 83.1514 54 290 0.505103
5 188 3 12 134.517 54 161620 0.312227
5 188 4 13 74.492 54 2305 0.563819
5 188 5 14 87.2088 54 1080.52 0.481603
5 188 6 15 23.6599 54 388 1.77515
6 1 1 18 28.7127 54 4932 1.46277
6 1 2 21 3.42037 54 9 12.2794
6 2 1 18 25.3326 54 6171 1.65794
6 2 2 21 0.000684123 54 120 61392.5
6 3 1 18 47.5312 54 5603 0.88363
6 3 2 21 37.4021 54 162 1.12293
6 4 1 18 50.5324 54 1828 0.831149
6 4 4 21 37.8641 54 362 1.10923
6 5 4 21 4.58352 54 4 9.16326
6 6 4 21 21.94 54 25 1.91431
6 7 2 21 52.0498 54 513 0.80692
6 8 1 18 35.1771 54 1628 1.19396
6 8 4 21 44.3515 54 240 0.94698
6 9 1 18 20.5263 54 1513 2.04615
6 9 4 21 12.0945 54 24 3.47264
6 10 1 18 23.9346 54 2389 1.75478
6 10 2 21 14.8552 54 6 2.8273
6 11 1 18 21.986 54 3614 1.91031
6 11 3 21 0.000742332 54 321 56578.5
6 12 1 18 18.1765 54 2312 2.31068
6 12 4 21 4.19464 54 262 10.0128
6 13 1 18 38.911 54 2156 1.07939
6 13 4 21 9.14105 54 11 4.59466
6 14 1 18 20.2358 54 4554 2.07553
6 14 3 21 33.8566 54 92 1.24053
6 15 1 18 25.0303 54 7052 1.67797
6 15 3 21 16.2174 54 65 2.58981
6 16 1 18 59.6942 54 1622 0.703586
6 16 4 21 13.0064 54 263 3.22918
6 17 1 18 60.751 54 8039 0.691346
6 17 4 21 5.2753 54 34 7.96163
6 18 1 18 41.671 54 11963 1.0079
6 19 1 18 21.3293 54 8039 1.96912
6 19 3 21 65.9127 54 106 0.637206
6 20 1 18 32.0387 54 7923 1.31091
6 20 4 21 53.9209 54 149 0.778918
6 21 1 18 27.5349 54 5727 1.52534
6 21 4 21 2.85412 54 2 14.7156
6 22 1 18 21.9587 54 18621 1.91268
6 23 1 18 23.8675 54 42920 1.75971
6 23 4 21 33.7567 54 84 1.2442
6 24 1 18 31.5544 54 11949 1.33104
6 24 4 21 55.8719 54 60 0.751719
6 25 1 18 46.1811 54 5651 0.909463
6 26 1 18 34.3443 54 13722 1.22291
6 26 4 21 18.4509 54 32 2.27631
6 27 1 18 101.501 54 19311 0.413789
6 27 3 21 10.1583 54 4 4.13455
6 28 1 18 64.253 54 13526 0.653666
6 28 3 21 4.67982 54 17 8.9747
6 29 1 18 21.6585 54 2000 1.93919
6 30 1 18 36.2937 54 17499 1.15723
6 31 1 18 17.3534 54 6000 2.42028
6 32 1 18 28.1382 54 6336 1.49263
6 33 1 18 20.9781 54 3998 2.00209
6 34 1 18 65.5169 54 8708 0.641056
6 35 1 18 84.7988 54 6000 0.49529
6 36 1 18 84.5218 54 4002 0.496913
6 51 1 18 46.1669 54 1321 0.909743
6 52 1 18 23.9332 54 1350 1.75488
6 53 1 18 18.5765 54 945 2.26092
6 54 1 18 30.7434 54 2841 1.36615
6 55 1 18 47.146 54 3193 0.89085
6 56 1 18 43.199 54 2011 0.972244
6 58 1 18 72.3221 54 1994 0.580735
6 59 1 18 74.9409 54 422 0.560442
6 61 1 18 73.9149 54 641 0.568221
6 62 1 18 104.332 54 998 0.402562
6 63 1 18 51.7452 54 182 0.811669
6 67 1 18 38.6117 54 608 1.08775
6 68 1 18 36.7121 54 188 1.14404
6 68 2 19 59.5116 54 687 0.705745
6 68 3 20 76.3105 54 833 0.550383
6 69 1 18 264.255 54 2401 0.158937
6 69 2 19 42.6664 54 2598 0.984381
6 69 3 20 130.538 54 1680 0.321745
6 70 1 18 112.415 54 755 0.373616
6 70 2 19 33.1325 54 3232 1.26764
6 70 3 20 49.4532 54 1204 0.849287
6 71 1 18 25.0373 54 5056 1.6775
6 71 3 20 38.2035 54 1795 1.09938
6 72 1 18 24.1929 54 596 1.73605
6 72 2 19 10.168 54 408 4.13063
6 72 3 20 11.859 54 2345 3.54161
6 73 1 18 91.1072 54 6884 0.460996
6 73 2 19 15.9282 54 244 2.63683
6 73 3 20 14.621 54 187 2.87258
6 74 1 18 108.804 54 8659 0.386016
6 74 2 19 40.1742 54 457 1.04545
6 74 3 20 40.4689 54 1056 1.03783
6 75 1 18 65.2682 54 50 0.643499
6 75 2 19 11.7949 54 50 3.56087
6 76 1 18 57.736 54 2101 0.727449
6 76 3 20 72.2924 54 635 0.580974
6 77 1 18 94.1021 54 9794 0.446324
6 77 2 19 74.9348 54 1534 0.560487
6 77 3 20 84.9683 54 2658 0.494302
6 78 1 18 8.71985 54 4485 4.8166
6 78 2 19 57.7878 54 1193 0.726797
6 78 3 20 45.5072 54 1484 0.92293
6 79 1 18 23.0709 54 2523 1.82048
6 80 1 18 47.077 54 6925 0.892155
6 80 3 20 16.1917 54 72 2.59393
6 81 1 18 70.0815 54 783 0.599302
6 81 2 19 24.0513 54 271 1.74627
6 81 3 20 45.9424 54 226 0.914189
6 82 1 18 54.0166 54 2446 0.777538
6 83 1 18 15.2256 54 99 2.75852
6 84 1 18 43.1229 54 1173 0.973961
6 85 2 19 28.572 54 451 1.46997
6 85 3 20 39.6463 54 152 1.05937
6 87 3 20 44.5649 54 99.9998 0.942445
6 88 2 19 32.6318 54 472.805 1.28709
6 88 3 20 16.0158 54 249.615 2.62241
6 89 2 19 62.353 54 535.445 0.673585
6 89 3 20 83.8934 54 166.957 0.500635
6 90 1 18 36.7145 54 38 1.14396
6 90 2 19 111.855 54 679.387 0.375486
6 91 1 18 49.1418 54 927 0.854669
6 91 2 19 2.79132 54 66.3381 15.0467
6 92 1 18 65.6516 54 51 0.639741
6 93 1 18 29.7229 54 254 1.41305
6 93 2 19 21.7905 54 620 1.92744
6 93 3 20 9.91379 54 406 4.23652
6 94 1 18 49.3082 54 850 0.851785
6 94 2 19 44.0358 54 2188.42 0.95377
6 94 3 20 32.8904 54 1074 1.27697
6 95 2 19 43.6263 54 1232 0.962723
6 95 3 20 1.48685 54 1211.82 28.2477
6 96 1 18 22.1749 54 1049 1.89404
6 96 2 19 17.257 54 485.282 2.43379
6 96 3 20 26.6146 54 1096.2 1.57808
6 96 4 21 12.2895 54 6 3.41755
6 97 2 19 18.0946 54 1787.28 2.32113
6 97 3 20 12.2352 54 524 3.43272
6 98 1 18 42.2915 54 3397 0.993108
6 98 2 19 32.1319 54 737.792 1.30711
6 98 3 20 21.416 54 825.838 1.96115
6 98 4 21 8.54987 54 21 4.91235
6 99 2 19 41.1356 54 1047.07 1.02101
6 99 3 20 28.6792 54 37.7751 1.46447
6 100 1 18 11.7962 54 121 3.56046
6 100 2 19 27.8067 54 1351.26 1.51042
6 101 2 19 27.0872 54 1761.99 1.55055
6 101 3 20 22.5836 54 1603.07 1.85976
6 101 4 21 15.9113 54 5 2.63964
6 102 2 19 39.3674 54 616.063 1.06687
6 103 2 19 41.7852 54 579.289 1.00514
6 104 2 19 24.8343 54 583.834 1.69121
6 104 3 20 11.4875 54 63.454 3.65615
6 104 4 21 5.49065 54 2 7.64937
6 105 2 19 45.9433 54 1073.68 0.914169
6 106 1 18 61.9722 54 1470 0.677723
6 106 2 19 69.513 54 3198.44 0.604204
6 106 3 20 46.8605 54 962.696 0.896277
6 107 1 18 91.6603 54 14620 0.458214
6 107 2 19 64.5433 54 847.895 0.650726
6 108 1 18 41.5052 54 2238 1.01192
6 108 2 19 37.7975 54 322.241 1.11119
6 109 2 19 43.0661 54 790.034 0.975244
6 109 3 20 42.4853 54 508.258 0.988578
6 110 1 18 61.5174 54 13270 0.682733
6 110 2 19 33.2403 54 1586.18 1.26353
6 110 3 20 22.8686 54 58.55 1.83658
6 111 2 19 32.6055 54 1047.24 1.28813
6 111 3 20 16.4775 54 37.0275 2.54893
6 112 1 18 56.3321 54 3398 0.745578
6 112 2 19 7.09994 54 69.6155 5.91554
6 112 4 21 6.72856 54 2 6.24205
6 113 1 18 121.029 54 3384 0.347023
6 113 2 19 29.7587 54 2295.88 1.41135
6 113 3 20 33.334 54 1323.83 1.25998
6 114 1 18 97.0295 54 3013 0.432858
6 114 2 19 50.7107 54 1826.58 0.828227
6 114 3 20 11.7098 54 1024.6 3.58673
6 114 4 21 26.1847 54 29 1.60399
6 115 1 19 17.291 54 105.274 2.429
6 115 2 20 13.7118 54 327.704 3.06305
6 116 1 19 29.7331 54 122.88 1.41257
6 116 3 21 5.74441 54 2 7.31146
6 117 2 19 45.4122 54 944.658 0.924862
6 117 3 20 53.1733 54 380.999 0.789871
6 118 2 19 80.9237 54 995.299 0.519007
6 118 4 21 12.3476 54 7 3.40146
6 119 2 19 79.5841 54 2139.63 0.527744
6 119 4 21 5.72625 54 6 7.33464
6 120 2 19 111.393 54 2379.96 0.377044
6 120 3 20 93.6647 54 2951.55 0.448408
6 120 4 21 8.21087 54 6 5.11517
6 121 1 18 117.16 54 4368 0.358485
6 121 2 19 51.0505 54 3748.78 0.822715
6 121 3 20 27.6886 54 384.839 1.51687
6 121 4 21 5.63704 54 2 7.45072
6 122 1 18 64.152 54 16024 0.654695
6 122 2 19 75.3559 54 3453.88 0.557356
6 122 3 20 25.2028 54 1141.42 1.66648
6 122 4 21 24.5437 54 9 1.71123
6 123 1 18 48.1634 54 7216 0.872031
6 123 2 19 71.3084 54 3000 0.588991
6 123 3 20 18.1554 54 630.412 2.31337
6 123 4 21 23.7326 54 16 1.76972
6 124 1 18 83.9894 54 9210 0.500063
6 124 2 19 115.426 54 4437.27 0.363869
6 124 3 20 45.5751 54 605.348 0.921556
6 124 4 21 83.8556 54 30 0.500861
6 125 1 18 41.738 54 12042 1.00628
6 125 2 19 128.268 54 5283.51 0.327439
6 125 3 20 21.3479 54 2420.23 1.96741
6 125 4 21 1.63652 54 15 25.6641
6 126 1 18 94.0651 54 5489 0.446499
6 126 2 19 152.308 54 2788.3 0.275756
6 126 3 20 105.742 54 2152 0.397193
6 126 4 21 23.8078 54 13 1.76413
6 127 1 18 82.6921 54 20238 0.507908
6 127 2 19 25.4332 54 2174.77 1.65139
6 127 3 20 56.9758 54 199.336 0.737156
6 127 4 21 78.0021 54 34 0.538447
6 128 2 19 33.3608 54 1651.18 1.25896
6 128 3 20 43.715 54 498.421 0.960769
6 128 4 21 7.42307e-05 54 54 565804
6 129 2 19 44.4587 54 4000 0.944697
6 129 3 20 15.1863 54 675.047 2.76565
6 129 4 21 7.8929 54 3 5.32124
6 130 2 19 53.0859 54 3865.4 0.79117
6 130 3 20 4.96115 54 402.887 8.46577
6 130 4 21 22.4337 54 70 1.87219
6 131 2 19 81.8265 54 2947.03 0.513281
6 131 3 20 27.9536 54 819.233 1.50249
6 131 4 21 35.719 54 43 1.17585
6 132 2 19 53.9955 54 4134.58 0.777843
6 132 3 20 32.0409 54 2486.48 1.31082
6 132 4 21 2.71401 54 6 15.4752
6 133 1 18 38.5927 54 784 1.08829
6 133 2 19 44.9469 54 3579.6 0.934436
6 133 3 20 47.5949 54 2168.15 0.882447
6 133 4 21 1.88981e-08 54 1 2.22244e+09
6 134 2 19 57.6567 54 4000 0.728449
6 134 3 20 41.9789 54 704.236 1.0005
6 134 4 21 3.94468 54 3 10.6473
6 135 2 19 104.666 54 3675.5 0.401276
6 135 3 20 56.4559 54 2143.76 0.743944
6 135 4 21 40.0465 54 105 1.04878
6 136 2 19 91.865 54 4516.86 0.457193
6 136 3 20 23.3027 54 2764.69 1.80237
6 136 4 21 28.5064 54 77 1.47335
6 137 2 19 42.5694 54 4954.12 0.986624
6 137 3 20 19.8428 54 2340.49 2.11664
6 137 4 21 1.4401 54 9 29.1646
6 138 2 19 130.424 54 4827.01 0.322026
6 138 3 20 44.2234 54 2978.39 0.949724
6 138 4 21 1.85687e-05 54 233 2.26187e+06
6 139 1 18 41.1075 54 3107 1.02171
6 139 2 19 44.7635 54 3000 0.938264
6 139 3 20 34.3785 54 550.041 1.22169
6 139 4 21 13.8616 54 4 3.02994
6 140 2 19 74.9968 54 4128.69 0.560024
6 140 3 20 39.5501 54 2629.92 1.06194
6 140 4 21 61.8715 54 71 0.678827
6 141 2 19 86.394 54 4231.28 0.486145
6 141 3 20 75.9654 54 3839.53 0.552883
6 141 4 21 25.6198 54 45 1.63936
6 142 2 19 54.9445 54 3561.66 0.764407
6 142 3 20 77.4957 54 3205.2 0.541965
6 142 4 21 45.4193 54 22 0.924716
6 143 2 19 62.2893 54 3637.14 0.674273
6 143 3 20 49.0857 54 1043.96 0.855647
6 144 2 19 140.547 54 3262 0.298831
6 144 3 20 75.6618 54 2953.01 0.555102
6 144 4 21 3.38619 54 3 12.4033
6 145 2 19 93.5326 54 3488.12 0.449042
6 145 3 20 47.7504 54 2716.3 0.879575
6 146 2 19 90.3312 54 4653.01 0.464956
6 146 3 20 94.6211 54 3565.18 0.443876
6 146 4 21 9.41252e-05 54 89 446214
6 147 2 19 64.104 54 3225.09 0.655185
6 147 3 20 11.1329 54 1001.38 3.7726
6 147 4 21 14.3379 54 10 2.92931
6 148 2 19 101.195 54 3999.04 0.415039
6 148 3 20 23.8626 54 3119.29 1.76008
6 148 4 21 16.7512 54 24 2.50728
6 149 2 19 47.7454 54 4967.21 0.879666
6 149 3 20 89.3571 54 2584.74 0.470024
6 149 4 21 15.7307 54 26 2.66994
6 150 1 19 62.8472 54 4732.4 0.668287
6 150 2 20 45.5991 54 3480.33 0.921072
6 151 1 19 34.5241 54 3000 1.21654
6 151 2 20 14.2726 54 1745.17 2.9427
6 151 3 21 13.3871 54 22 3.13734
6 152 1 19 66.7063 54 3761.93 0.629625
6 152 2 20 42.0714 54 2943.72 0.998304
6 152 3 21 19.2631 54 63 2.18034
6 153 1 19 83.3434 54 5208.12 0.503939
6 153 2 20 81.0821 54 5732.16 0.517994
6 153 3 21 7.39065 54 7 5.68285
6 154 1 19 95.6877 54 4114.28 0.438928
6 154 2 20 81.2067 54 4180.52 0.517199
6 155 1 19 75.4705 54 2513.3 0.556509
6 155 2 20 134.052 54 3979.96 0.313311
6 155 3 21 16.6992 54 27 2.51509
6 156 1 19 226.83 54 5959.58 0.18516
6 156 2 20 266.135 54 5935.76 0.157815
6 156 3 21 12.4812 54 29 3.36506
6 157 2 19 297.737 54 5593.17 0.141064
6 157 3 20 243.576 54 5211.89 0.172431
6 157 4 21 32.9898 54 71 1.27312
6 158 2 19 95.408 54 5050.8 0.440215
6 158 3 20 85.6128 54 3447.67 0.490581
6 158 4 21 11.1995 54 22 3.75016
6 159 2 19 57.1413 54 3988.31 0.73502
6 159 3 20 66.1766 54 3788.58 0.634665
6 159 4 21 6.55637e-05 54 32 640599
6 160 2 19 284.281 54 6950.19 0.147741
6 160 3 20 188.594 54 6812.19 0.2227
6 160 4 21 9.02314 54 127 4.6547
6 161 2 19 84.0789 54 5346.6 0.499531
6 161 3 20 202.129 54 5294.54 0.207788
6 161 4 21 27.552 54 16 1.52439
6 162 2 19 113.554 54 5000 0.369868
6 162 3 20 86.4664 54 3641.54 0.485738
6 162 4 21 0.00423702 54 249 9912.63
6 163 2 19 374.848 54 4125.7 0.112045
6 163 3 20 142.09 54 3039.44 0.295588
6 163 4 21 19.6324 54 74 2.13932
6 164 2 19 102.085 54 5858.86 0.411423
6 164 3 20 110.951 54 6910.93 0.378545
6 164 4 21 22.1842 54 48 1.89324
6 165 2 19 218.8 54 5897.44 0.191956
6 165 3 20 82.8007 54 6180.41 0.507242
6 165 4 21 28.2073 54 17 1.48898
6 166 2 19 118.193 54 5175.96 0.35535
6 166 3 20 160.934 54 5347.97 0.260976
6 166 4 21 42.6649 54 38 0.984417
6 167 2 19 137.084 54 3098.1 0.306381
6 167 3 20 129.701 54 4184.01 0.323821
6 167 4 21 21.1188 54 17 1.98875
6 168 2 19 153.836 54 6301.58 0.273019
6 168 3 20 117.138 54 6070.58 0.358552
6 168 4 21 18.3853 54 24 2.28444
6 169 2 19 136.404 54 5502.62 0.307908
6 169 3 20 80.9418 54 4988.62 0.518892
6 169 4 21 6.42066 54 9 6.54138
6 170 1 19 149.461 54 4090.92 0.281009
6 170 2 20 61.6354 54 3892.31 0.681427
6 170 3 21 68.9957 54 106 0.608734
6 171 2 19 123.951 54 4086.56 0.338844
6 171 3 20 90.3831 54 3406.5 0.464688
6 171 4 21 30.1345 54 23 1.39375
6 172 1 19 88.1635 54 5781.62 0.476388
6 172 2 20 69.4677 54 5715.14 0.604597
6 172 3 21 0.816115 54 6 51.4634
6 173 2 19 64.318 54 4789.42 0.653006
6 173 3 20 103.4 54 4321.26 0.406191
6 173 4 21 4.57131 54 11 9.18775
6 174 1 19 76.2141 54 3907.32 0.551079
6 174 2 20 51.7413 54 2761.29 0.811731
6 174 3 21 23.9043 54 42 1.757
6 175 1 19 43.8853 54 4080.87 0.95704
6 175 2 20 74.9497 54 2345.61 0.560376
6 175 3 21 25.9216 54 21 1.62027
6 176 2 19 39.2556 54 5326.48 1.06991
6 176 3 20 23.5184 54 3275.48 1.78583
6 176 4 21 38.2739 54 200 1.09735
6 177 2 19 51.5099 54 5323.72 0.815378
6 177 3 20 19.5644 54 4772.61 2.14676
6 177 4 21 34.8275 54 59 1.20594
6 178 2 19 59.3538 54 4460.91 0.707622
6 178 3 20 96.0869 54 6490 0.437104
6 178 4 21 23.0744 54 75 1.8202
6 179 2 19 127.537 54 3658.27 0.329317
6 179 3 20 86.163 54 3701.89 0.487448
6 179 4 21 42.2783 54 83 0.993418
6 180 2 19 154.328 54 5475.84 0.272147
6 180 3 20 232.796 54 6069.82 0.180416
6 180 4 21 47.815 54 162 0.878385
6 181 2 19 175.38 54 5102.25 0.23948
6 181 3 20 235.416 54 5343.1 0.178408
6 181 4 21 0.000119329 54 59 351969
6 182 2 19 128.686 54 5054.68 0.326377
6 182 3 20 124.683 54 4633.23 0.336853
6 182 4 21 55.7047 54 226 0.753976
6 183 2 19 95.4031 54 3424.97 0.440237
6 183 3 20 98.8352 54 3157.2 0.42495
6 183 4 21 27.6417 54 415 1.51944
6 184 2 19 188.831 54 4458.81 0.222421
6 184 3 20 184.262 54 6044.87 0.227937
6 184 4 21 4.53681 54 14 9.25761
6 185 2 19 215.034 54 5101.91 0.195318
6 185 3 20 75.8605 54 5263.77 0.553648
6 185 4 21 0.30615 54 12 137.188
6 186 2 19 138.428 54 3412.66 0.303406
6 186 3 20 103.922 54 2824.51 0.404148
6 186 4 21 23.4674 54 132 1.78972
6 187 2 19 164.876 54 1629.17 0.254737
6 187 3 20 164.975 54 2705.03 0.254585
6 187 4 21 12.4705 54 18 3.36794
6 188 2 19 89.7581 54 2372.39 0.467925
6 188 3 20 146.082 54 2733.06 0.28751
7 1 1 24 19.86 54 1345 2.11481
7 1 3 27 56.6147 54 322 0.741857
7 2 1 24 6.67667 54 347 6.29056
7 2 2 27 35.2622 54 23 1.19108
7 3 2 27 1.27983 54 24 32.8167
7 4 1 24 15.7036 54 1968 2.67455
7 4 4 27 19.3868 54 80 2.16642
7 5 1 24 50.2158 54 1620 0.83639
7 5 4 27 7.70923 54 34 5.44802
7 6 1 24 21.4759 54 540 1.95568
7 6 4 27 48.1081 54 124 0.873035
7 7 1 24 18.3725 54 1045 2.28602
7 7 2 27 29.1168 54 326 1.44247
7 8 1 24 13.0038 54 2775 3.22984
7 8 4 27 79.36 54 630 0.529234
7 9 1 24 37.163 54 1358 1.13016
7 9 4 27 82.2166 54 207 0.510846
7 10 2 27 27.8602 54 66 1.50752
7 11 1 24 11.8977 54 360 3.5301
7 11 4 27 18.137 54 84 2.31571
7 12 1 24 10.9758 54 30 3.8266
7 12 4 27 15.3897 54 147 2.7291
7 13 1 24 13.7986 54 230 3.04378
7 13 4 27 17.8376 54 52 2.35458
7 14 4 27 13.624 54 50 3.0828
7 15 1 24 11.7055 54 654 3.58805
7 15 4 27 8.67771 54 23 4.83999
7 16 1 24 17.5183 54 878 2.39749
7 16 4 27 18.1064 54 124 2.31963
7 17 1 24 45.0886 54 1424 0.931499
7 17 4 27 26.4619 54 45 1.58719
7 18 1 24 109.285 54 419 0.384316
7 18 3 27 22.6454 54 40 1.85468
7 19 1 24 49.2677 54 492 0.852486
7 19 4 27 21.6331 54 13 1.94147
7 20 4 27 19.0787 54 76 2.20141
7 21 1 24 27.4321 54 25 1.53105
7 21 4 27 12.1321 54 8 3.4619
7 22 4 27 8.72066 54 31 4.81615
7 23 4 27 15.6932 54 11 2.67632
7 24 1 24 14.8735 54 3282 2.82381
7 24 4 27 3.05213 54 36 13.7609
7 25 1 24 19.761 54 3138 2.1254
7 25 4 27 35.8226 54 18 1.17244
7 26 1 24 32.2593 54 612 1.30195
7 26 4 27 147.857 54 253 0.284059
7 27 1 24 20.5182 54 2025 2.04696
7 27 4 27 35.4111 54 83 1.18607
7 28 1 24 54.552 54 4367 0.769907
7 28 4 27 34.0283 54 130 1.23427
7 29 1 24 41.845 54 2511 1.0037
7 29 4 27 4.63217 54 7 9.06702
7 31 1 24 21.9957 54 626 1.90946
7 31 4 27 11.3263 54 26 3.70817
7 32 1 24 15.751 54 3601 2.66649
7 32 4 27 21.6388 54 27 1.94095
7 33 1 24 86.2152 54 29 0.487153
7 33 4 27 13.1805 54 4 3.18652
7 34 1 24 66.1885 54 1352 0.634551
7 35 1 24 20.8614 54 3995 2.01328
7 35 4 27 20.76 54 26 2.02312
7 36 1 24 12.9413 54 35 3.24541
7 36 4 27 27.1191 54 83 1.54872
7 37 1 24 3.40869 54 25 12.3214
7 39 4 27 13.2396 54 6 3.17229
7 44 1 24 12.1807 54 27 3.44807
7 49 1 24 12.4223 54 23 3.38103
7 53 1 24 0.971403 54 55 43.2364
7 53 4 27 1.02968 54 1 40.7894
7 55 1 24 9.4936 54 25 4.42403
7 56 1 24 24.1504 54 695 1.7391
7 57 1 24 126.133 54 492 0.332981
7 60 1 24 20.7383 54 205 2.02524
7 61 1 24 97.3465 54 717 0.431448
7 61 4 27 5.54413 54 2 7.57558
7 62 1 24 78.0399 54 289 0.538186
7 64 1 24 47.0234 54 190 0.893173
7 65 1 24 24.9629 54 380 1.68249
7 66 1 24 73.9894 54 800 0.567649
7 66 2 25 26.0748 54 271 1.61075
7 66 3 26 55.2396 54 768 0.760325
7 67 1 24 76.5405 54 384 0.548729
7 67 2 25 62.5721 54 1560 0.671225
7 67 3 26 154.204 54 2480 0.272366
7 67 4 27 12.9684 54 15 3.23864
7 68 1 24 71.4092 54 1058 0.588159
7 68 2 25 37.817 54 996 1.11061
7 68 3 26 148.252 54 2119 0.283301
7 68 4 27 17.6887 54 6 2.3744
7 69 1 24 151.231 54 1836 0.277721
7 69 2 25 23.3219 54 994 1.80088
7 69 3 26 66.049 54 357 0.635891
7 70 1 24 29.9398 54 175 1.40281
7 70 2 25 16.7825 54 896 2.50261
7 70 3 26 32.6664 54 1414 1.28572
7 71 3 26 21.551 54 429 1.94887
7 72 2 25 27.6625 54 829 1.5183
7 72 3 26 16.1936 54 1567 2.59361
7 73 1 24 29.9432 54 202 1.40266
7 73 2 25 28.0249 54 2993 1.49867
7 73 3 26 19.343 54 563 2.17133
7 74 1 24 49.7841 54 2088 0.843642
7 74 2 25 46.3897 54 1702 0.905374
7 74 3 26 38.7779 54 301 1.08309
7 75 1 24 34.4028 54 3096 1.22083
7 75 2 25 32.5574 54 493 1.29003
7 75 3 26 14.4582 54 72 2.90492
7 75 4 27 2.21634 54 1 18.9502
7 76 1 24 9.5 54 6 4.42105
7 76 2 25 34.01 54 648 1.23493
7 76 3 26 45.9924 54 1163 0.913195
7 77 1 24 26.4076 54 1297 1.59045
7 77 2 25 80.3552 54 894 0.522679
7 77 3 26 99.796 54 3477 0.420859
7 78 1 24 59.3399 54 2500 0.707786
7 78 2 25 41.7635 54 449 1.00566
7 78 3 26 47.0798 54 1040 0.892102
7 79 1 24 93.4452 54 5257 0.449461
7 79 2 25 16.8956 54 1012 2.48585
7 79 3 26 77.4177 54 897 0.542512
7 79 4 27 3.62912 54 1 11.573
7 80 1 24 44.6278 54 243 0.941117
7 80 2 25 8.38616 54 825 5.00825
7 80 3 26 15.6201 54 897 2.68885
7 80 4 27 16.4691 54 4 2.55022
7 81 1 24 81.8654 54 551 0.513037
7 81 2 25 6.42437 54 292 6.5376
7 81 3 26 26.9644 54 769 1.55761
7 82 1 24 25.2714 54 75 1.66196
7 82 4 27 2.22974 54 1 18.8363
7 83 1 24 19.1073 54 1962 2.19811
7 83 2 25 66.0138 54 2307 0.636231
7 83 3 26 31.3796 54 2044 1.33845
7 83 4 27 8.94682 54 3 4.6944
7 84 1 24 80.3198 54 799 0.522909
7 84 2 25 28.1546 54 2077 1.49176
7 84 3 26 27.5357 54 1719 1.52529
7 85 1 24 64.7145 54 311 0.649005
7 85 2 25 26.0542 54 708.479 1.61202
7 85 3 26 82.8996 54 745 0.506637
7 86 2 25 22.4099 54 1003.85 1.87417
7 86 3 26 30.2686 54 583.442 1.38758
7 86 4 27 16.0656 54 10 2.61428
7 87 2 25 20.8536 54 255.604 2.01404
7 87 3 26 60.7718 54 438.24 0.69111
7 87 4 27 4.29572 54 2 9.77716
7 88 1 24 4.46465 54 110 9.40724
7 88 2 25 62.3396 54 991.627 0.673729
7 88 3 26 67.0366 54 926.974 0.626523
7 89 1 24 15.8576 54 75 2.64857
7 89 2 25 104.942 54 5108.62 0.400221
7 89 3 26 70.1152 54 497 0.599014
7 89 4 27 1.23398 54 1 34.0363
7 90 2 25 113.403 54 1495 0.370361
7 90 3 26 116.272 54 329.295 0.361222
7 90 4 27 32.3635 54 12 1.29776
7 91 1 24 31.3888 54 442 1.33806
7 91 2 25 11.639 54 1138.65 3.60857
7 91 3 26 113.398 54 954.628 0.370376
7 91 4 27 61.357 54 34 0.684518
7 92 1 24 17.2145 54 159 2.4398
7 92 2 25 12.6809 54 2336.89 3.31206
7 92 3 26 22.3663 54 519.123 1.87782
7 92 4 27 8.79492 54 4 4.77549
7 93 1 24 92.8038 54 171 0.452568
7 93 2 25 57.119 54 1130.4 0.735306
7 93 3 26 0.338301 54 2065.77 124.15
7 94 1 24 202.951 54 101 0.206947
7 94 2 25 60.125 54 2998.07 0.698545
7 94 3 26 106.343 54 2316.56 0.394948
7 94 4 27 34.5639 54 31 1.21514
7 95 2 25 34.6434 54 1149.92 1.21235
7 95 3 26 55.8039 54 2433 0.752636
7 95 4 27 31.2145 54 36 1.34553
7 96 1 24 8.39546 54 20 5.0027
7 96 2 25 21.6246 54 864.706 1.94223
7 96 3 26 33.0641 54 4132 1.27026
7 96 4 27 31.9162 54 50 1.31594
7 97 1 24 24.5292 54 60 1.71224
7 97 2 25 53.5496 54 5218.62 0.78432
7 97 3 26 57.6259 54 3934.93 0.728839
7 97 4 27 1.59125 54 1 26.3944
7 98 1 24 130.353 54 221 0.322201
7 98 2 25 49.3169 54 1769.31 0.851635
7 98 3 26 43.2066 54 1757 0.972073
7 98 4 27 8.01748 54 5 5.23856
7 99 2 25 73.9776 54 2663.19 0.567739
7 99 3 26 42.5835 54 2340.91 0.986298
7 99 4 27 20.1085 54 33 2.08867
7 100 1 24 3.29009 54 20 12.7656
7 100 2 25 56.1153 54 2601.75 0.74846
7 100 3 26 60.1974 54 1157.84 0.697704
7 100 4 27 50.7555 54 93 0.827497
7 101 1 24 40.8757 54 127 1.0275
7 101 2 25 122.27 54 3089.87 0.343502
7 101 3 26 59.1157 54 856.097 0.710471
7 101 4 27 16.8708 54 72 2.48951
7 102 2 25 59.0725 54 859.005 0.710991
7 102 3 26 19.0208 54 307.323 2.20811
7 102 4 27 23.6928 54 33 1.77269
7 103 2 25 47.3906 54 319.048 0.886252
7 103 4 27 28.0805 54 18 1.4957
7 104 1 24 23.9075 54 171 1.75677
7 104 2 25 35.9683 54 1388.94 1.1677
7 104 3 26 30.6323 54 32.9999 1.3711
7 104 4 27 1.06069 54 4 39.5969
7 105 2 25 51.1136 54 3564.06 0.8217
7 105 3 26 84.4148 54 1133.86 0.497543
7 105 4 27 0.0470113 54 5 893.402
7 106 2 25 98.9074 54 4105.76 0.42464
7 106 3 26 59.7718 54 3370.62 0.702673
7 106 4 27 3.48212e-05 54 50 1.20616e+06
7 107 2 25 106.318 54 1510.7 0.39504
7 107 3 26 109.225 54 972.648 0.384529
7 107 4 27 19.02 54 20 2.2082
7 108 1 24 10.4257 54 25 4.02849
7 108 2 25 102.166 54 2756.1 0.411095
7 108 3 26 76.5877 54 1883.87 0.548391
7 108 4 27 1.43693 54 4 29.2289
7 109 1 24 19.5517 54 1485 2.14815
7 109 2 25 61.0567 54 2861.61 0.687885
7 109 3 26 191.559 54 1320.81 0.219254
7 109 4 27 1.56132 54 2 26.9003
7 110 2 25 53.3177 54 3051.41 0.787731
7 110 3 26 2.50047 54 471.208 16.7968
7 110 4 27 13.818 54 18 3.03951
7 111 2 25 26.8841 54 3757.86 1.56226
7 111 3 26 25.1931 54 1777.25 1.66713
7 111 4 27 12.5489 54 5 3.3469
7 112 1 24 43.5959 54 207 0.963394
7 112 2 25 42.7531 54 1158.59 0.982385
7 112 3 26 3.34408 54 2050.63 12.5595
7 112 4 27 21.8648 54 11 1.9209
7 113 1 24 18.768 54 2134 2.23785
7 113 2 25 115.257 54 3655.57 0.364404
7 113 3 26 75.4606 54 1898.43 0.556582
7 113 4 27 10.7738 54 6 3.89835
7 114 1 24 21.1664 54 40 1.98428
7 114 2 25 94.2066 54 4208.85 0.445829
7 114 3 26 44.6605 54 1677 0.940428
7 114 4 27 12.1352 54 4 3.461
7 115 1 25 54.5906 54 1689.01 0.769363
7 115 2 26 66.7935 54 637.029 0.628804
7 115 3 27 35.823 54 53 1.17243
7 116 2 25 65.7221 54 1798.13 0.639055
7 116 3 26 73.6171 54 1261.62 0.570519
7 116 4 27 24.7085 54 12 1.69982
7 117 2 25 103.326 54 2890.21 0.406479
7 117 3 26 145.042 54 2566.56 0.289571
7 117 4 27 24.7793 54 19 1.69497
7 118 2 25 105.378 54 3547.26 0.398565
7 118 3 26 133.745 54 3016.77 0.314031
7 119 1 25 44.884 54 1380.11 0.935745
7 119 2 26 80.0648 54 816.63 0.524575
7 119 3 27 25.2354 54 46 1.66433
7 120 2 25 25.8664 54 1484.91 1.62373
7 120 3 26 82.5294 54 555.694 0.50891
7 120 4 27 44.8968 54 36 0.93548
7 121 1 24 7.44312 54 380 5.6428
7 121 2 25 158.448 54 3420.93 0.265072
7 121 3 26 85.1481 54 1572.81 0.493258
7 121 4 27 60.8541 54 33 0.690175
7 122 1 24 7.10554 54 6 5.91088
7 122 2 25 75.0893 54 1507.87 0.559334
7 122 3 26 42.7196 54 1271.79 0.983155
7 122 4 27 0.334079 54 26 125.719
7 123 2 25 69.1824 54 2923.99 0.607091
7 123 3 26 46.4462 54 568.736 0.904272
7 123 4 27 59.2445 54 53 0.708927
7 124 2 25 271.391 54 1603.97 0.154758
7 124 3 26 239.756 54 2764.12 0.175178
7 124 4 27 10.8848 54 52 3.85858
7 125 1 24 74.7906 54 2518 0.561568
7 125 2 25 177.476 54 3374.75 0.236652
7 125 3 26 219.447 54 3329.01 0.191391
7 125 4 27 5.54316e-05 54 290 757691
7 126 1 24 44.5932 54 3466 0.941848
7 126 2 25 95.4685 54 1882.13 0.439936
7 126 3 26 95.2049 54 2313.82 0.441154
7 126 4 27 116.928 54 73 0.359194
7 127 2 25 30.2797 54 2302.67 1.38707
7 127 3 26 49.303 54 2274.82 0.851876
7 127 4 27 3.12253 54 6 13.4506
7 128 2 25 44.1177 54 1389.78 0.952
7 128 3 26 36.1923 54 532.657 1.16047
7 128 4 27 4.54055 54 40 9.24997
7 129 1 24 41.2803 54 97 1.01744
7 129 2 25 35.2202 54 2737.52 1.1925
7 129 3 26 48.8175 54 1751.46 0.860347
7 129 4 27 16.5256 54 44 2.54151
7 130 2 25 52.9423 54 3842.75 0.793316
7 130 3 26 39.581 54 4056.05 1.06112
7 130 4 27 39.4643 54 80 1.06425
7 131 2 25 144.023 54 4673 0.29162
7 131 3 26 92.8674 54 2021 0.452258
7 131 4 27 0.00265848 54 198 15798.5
7 132 2 25 198.355 54 6544.27 0.211742
7 132 3 26 146.525 54 2697.59 0.286641
7 132 4 27 55.4974 54 37 0.756792
7 133 1 24 73.7705 54 1263 0.569333
7 133 2 25 94.042 54 3162.58 0.446609
7 133 3 26 154.602 54 4051.43 0.271666
7 133 4 27 31.9967 54 59 1.31264
7 134 2 25 120.255 54 4969.41 0.349259
7 134 3 26 119.842 54 4078.81 0.350461
7 134 4 27 0.0360412 54 870 1165.33
7 135 2 25 88.7397 54 3827.76 0.473294
7 135 3 26 69.5333 54 3762.76 0.604027
7 135 4 27 68.3339 54 83 0.614629
7 136 2 25 138.198 54 5107.1 0.303912
7 136 3 26 90.3896 54 1569.72 0.464655
7 136 4 27 47.9039 54 77 0.876755
7 137 2 25 57.257 54 5907.93 0.733535
7 137 3 26 61.9273 54 2378.36 0.678214
7 137 4 27 78.4759 54 73 0.535196
7 138 2 25 128.579 54 6697.24 0.326648
7 138 3 26 109.445 54 4520.66 0.383756
7 138 4 27 0.000173883 54 108 241542
7 139 2 25 63.3061 54 2305.87 0.663443
7 139 3 26 64.75 54 1398.61 0.648648
7 139 4 27 0.00838121 54 525 5011.21
7 140 1 24 4.19644 54 239 10.0085
7 140 2 25 103.084 54 5389.2 0.407433
7 140 3 26 45.4558 54 2125.14 0.923975
7 140 4 27 94.7109 54 169 0.443455
7 141 2 25 104.734 54 9052.2 0.401017
7 141 3 26 44.4337 54 3550.04 0.945228
7 141 4 27 21.7664 54 183 1.92958
7 142 2 25 86.5837 54 7702.18 0.48508
7 142 3 26 65.186 54 4862.3 0.644311
7 142 4 27 0.000245942 54 49 170772
7 143 2 25 51.214 54 3795.72 0.820088
7 143 3 26 77.2505 54 4844.64 0.543686
7 143 4 27 51.3232 54 88 0.818343
7 144 2 25 172.401 54 8442.57 0.243617
7 144 3 26 241.361 54 5727.26 0.174013
7 144 4 27 62.3889 54 67 0.673197
7 145 2 25 159.302 54 9102.91 0.263651
7 145 3 26 166.132 54 4000.84 0.252811
7 145 4 27 60.1581 54 43 0.69816
7 146 2 25 95.1615 54 6620.91 0.441355
7 146 3 26 66.9286 54 3706.81 0.627534
7 146 4 27 8.05 54 140 5.21739
7 147 2 25 89.2593 54 6599.04 0.470539
7 147 3 26 34.8444 54 3656.77 1.20536
7 147 4 27 10.2498 54 343 4.09764
7 148 2 25 103.342 54 5961.81 0.406417
7 148 3 26 54.9464 54 2208.36 0.764381
7 148 4 27 59.3968 54 172 0.707109
7 149 2 25 84.2237 54 5444.18 0.498672
7 149 3 26 109.255 54 3733.77 0.384423
7 149 4 27 0.000856781 54 273 49020.7
7 150 2 25 93.427 54 8675.98 0.449549
7 150 3 26 68.8324 54 7005.29 0.610178
7 150 4 27 21.4413 54 176 1.95883
7 151 2 25 119.893 54 5833.38 0.350311
7 151 3 26 132.945 54 5552.48 0.31592
7 151 4 27 8.36587 54 206 5.0204
7 152 2 25 147.164 54 6578.46 0.285396
7 152 3 26 53.8167 54 1478.57 0.780426
7 152 4 27 0.473137 54 24 88.7692
7 153 2 25 65.2704 54 9791.04 0.643477
7 153 3 26 110.993 54 8227.69 0.378402
7 153 4 27 23.7998 54 69 1.76472
7 154 2 25 36.0716 54 11676.3 1.16435
7 154 3 26 76.3405 54 12449.9 0.550167
7 154 4 27 33.4338 54 18 1.25621
7 155 1 25 13.0166 54 3103.43 3.22666
7 155 2 26 50.3636 54 10147.5 0.833935
7 155 3 27 16.732 54 122 2.51016
7 156 2 25 106.594 54 14011.2 0.39402
7 156 3 26 73.8737 54 8600.41 0.568538
7 156 4 27 6.60393 54 20 6.35985
7 157 2 25 192.716 54 13918.5 0.217937
7 157 3 26 185.376 54 7651.18 0.226567
7 157 4 27 6.6188 54 5 6.34556
7 158 2 25 94.5835 54 13576.9 0.444052
7 158 3 26 48.3809 54 7490.41 0.868112
7 158 4 27 3.23827 54 10 12.9699
7 159 2 25 25.894 54 5298.67 1.622
7 159 3 26 70.2401 54 9867.98 0.597949
7 160 2 25 66.4741 54 12636.1 0.631825
7 160 3 26 52.9577 54 7162.9 0.793086
7 160 4 27 0.00778206 54 393 5397.03
7 161 2 25 279.997 54 10949.2 0.150002
7 161 3 26 145.964 54 7971.38 0.287742
7 161 4 27 32.7095 54 37 1.28403
7 162 2 25 123.942 54 17265 0.338869
7 162 3 26 57.2909 54 9993.42 0.733101
7 162 4 27 0.00376361 54 193 11159.5
7 163 1 25 51.4018 54 6965.7 0.817092
7 163 2 26 117.094 54 5138.19 0.358688
7 163 3 27 0.00439651 54 308 9553.04
7 164 2 25 164.09 54 12145.3 0.255958
7 164 3 26 80.9305 54 7861.46 0.518964
7 164 4 27 3.92518 54 81 10.7002
7 165 2 25 293.612 54 11790 0.143046
7 165 3 26 81.2809 54 11336.1 0.516726
7 165 4 27 70.5093 54 93 0.595666
7 166 2 25 162.06 54 13063.8 0.259163
7 166 3 26 65.2211 54 13092.2 0.643963
7 166 4 27 0.00773356 54 576 5430.88
7 167 2 25 96.6604 54 5407.31 0.434511
7 167 3 26 213.241 54 10068.9 0.19696
7 167 4 27 71.5665 54 25 0.586867
7 168 2 25 116.644 54 10500 0.36007
7 168 3 26 217.629 54 9811.34 0.192989
7 168 4 27 0.0145511 54 376 2886.38
7 169 2 25 203.092 54 11913.1 0.206803
7 169 3 26 84.4473 54 9061.35 0.497352
7 169 4 27 13.534 54 278 3.10331
7 170 2 25 222.111 54 11921.7 0.189094
7 170 3 26 151.559 54 10182.9 0.27712
7 170 4 27 0.00490615 54 468 8560.69
7 171 2 25 71.2239 54 5593.99 0.589689
7 171 3 26 174.018 54 9733.32 0.241355
7 171 4 27 45.709 54 298 0.918856
7 172 2 25 236.982 54 9859.74 0.177229
7 172 3 26 178.461 54 7247.14 0.235345
7 172 4 27 0.0012382 54 152 33920.3
7 173 2 25 172.987 54 11593.6 0.242793
7 173 3 26 63.7865 54 9966.52 0.658446
7 173 4 27 44.0874 54 55 0.952653
7 174 2 25 174.488 54 9355.71 0.240704
7 174 3 26 199.966 54 9327.86 0.210035
7 174 4 27 49.5917 54 131 0.846916
7 175 1 25 80.5885 54 1355.31 0.521166
7 175 2 26 51.6 54 8211.84 0.813953
7 175 3 27 19.6746 54 75 2.13473
7 176 2 25 70.2017 54 9262 0.598276
7 176 3 26 307.72 54 10714.3 0.136488
7 176 4 27 43.536 54 149 0.964719
7 177 2 25 52.8036 54 10649.2 0.7954
7 177 3 26 142.237 54 12268.5 0.295283
7 177 4 27 20.65 54 18 2.0339
7 178 2 25 98.454 54 15459.7 0.426595
7 178 3 26 105.578 54 16272.8 0.397809
7 178 4 27 2.39103 54 2 17.5657
7 179 2 25 64.47 54 3866.55 0.651466
7 179 3 26 90.5651 54 10166 0.463755
7 179 4 27 70.9482 54 138 0.591981
7 180 2 25 241.136 54 12704.7 0.174176
7 180 3 26 147.884 54 13658.2 0.284007
7 180 4 27 52.0021 54 81 0.80766
7 181 2 25 217.396 54 13424.5 0.193196
7 181 3 26 134.57 54 15552.3 0.312106
7 181 4 27 4.42105 54 2 9.50001
7 182 1 25 70.4623 54 15156.1 0.596063
7 182 2 26 47.9045 54 10432.4 0.876745
7 182 3 27 42.0914 54 66 0.997828
7 183 1 25 109.136 54 3755.43 0.384841
7 183 2 26 70.0186 54 10780.4 0.599841
7 183 3 27 35.9601 54 297 1.16796
7 184 2 25 156.785 54 11873.6 0.267884
7 184 3 26 178.08 54 7919.02 0.235849
7 184 4 27 0.000126543 54 126 331903
7 185 2 25 231.575 54 13192.4 0.181367
7 185 3 26 139.636 54 13219.4 0.300782
7 185 4 27 0.000358605 54 88 117121
7 186 2 25 181.9 54 12341.9 0.230896
7 186 3 26 83.6997 54 11408.3 0.501794
7 186 4 27 60.403 54 197 0.695329
7 187 1 25 72.0125 54 3131.97 0.583232
7 187 2 26 67.7675 54 10577.6 0.619766
7 187 3 27 8.20298 54 81 5.12009
7 188 2 25 154.194 54 9478.26 0.272384
7 188 3 26 146.786 54 4923.4 0.286132
7 188 4 27 3.75839 54 61 11.175
8 1 2 31 10.5849 54 398 3.96793
8 2 2 31 30.4171 54 1517 1.3808
8 3 2 31 0.00954604 54 996 4399.73
8 4 2 31 57.8533 54 125 0.725974
8 5 2 31 0.00137696 54 335 30502
8 6 1 31 61.2092 54 694 0.686171
8 7 2 31 0.00948001 54 900 4430.38
8 8 2 31 40.0456 54 485 1.0488
8 9 2 31 50.4596 54 210 0.832349
8 10 1 28 56.1287 54 180 0.748281
8 10 2 31 67.8545 54 1173 0.618972
8 11 2 31 46.7811 54 801 0.897798
8 12 2 31 34.2469 54 77 1.22639
8 13 2 31 16.0764 54 7 2.61253
8 14 2 31 10.6749 54 103 3.93445
8 15 1 28 25.0184 54 284 1.67876
8 15 2 31 32.7417 54 78 1.28277
8 17 1 28 33.793 54 310 1.24286
8 17 2 31 62.479 54 154 0.672226
8 18 4 31 47.0467 54 319 0.89273
8 19 2 31 39.2913 54 758 1.06894
8 20 2 31 94.3363 54 131 0.445216
8 21 1 28 10.8498 54 30 3.87105
8 21 2 31 27.412 54 193 1.53217
8 22 2 31 54.7921 54 127 0.766534
8 23 2 31 107.601 54 261 0.390332
8 24 1 28 9.64842 54 3 4.35305
8 24 2 31 73.5083 54 878 0.571364
8 25 1 28 30.0481 54 4714 1.39776
8 25 2 31 191.706 54 1386 0.219086
8 26 1 28 33.0682 54 24364 1.2701
8 26 2 31 54.3457 54 85 0.77283
8 27 1 28 24.8183 54 7520 1.6923
8 27 3 31 3.93735 54 66 10.6671
8 28 1 28 28.1955 54 2236 1.4896
8 28 2 31 41.2232 54 316 1.01884
8 29 1 28 24.9621 54 2885 1.68255
8 29 2 31 53.7619 54 288 0.781222
8 30 2 31 74.0629 54 192 0.567085
8 31 1 28 48.6412 54 1007 0.863465
8 31 2 31 41.4536 54 287 1.01318
8 32 1 28 35.8378 54 1173 1.17195
8 32 2 31 66.523 54 590 0.631361
8 33 1 28 43.5941 54 1761 0.963433
8 33 2 31 72.1538 54 193 0.58209
8 34 1 28 51.5241 54 15382 0.815152
8 35 1 28 6.70203 54 356 6.26676
8 35 2 31 44.8439 54 83 0.936583
8 36 1 28 1.33518 54 56 31.4565
8 36 2 31 37.0798 54 296 1.13269
8 37 2 31 21.7291 54 71 1.93289
8 39 3 31 20.5002 54 103 2.04876
8 40 1 28 44.0527 54 205 0.953404
8 40 4 31 25.1505 54 284 1.66995
8 41 1 28 12.3502 54 8 3.40074
8 41 4 31 24.3957 54 168 1.72161
8 42 4 31 17.8134 54 22 2.35777
8 43 4 31 31.0558 54 84 1.35241
8 44 1 28 26.1262 54 40 1.60758
8 44 4 31 30.8899 54 524 1.35967
8 45 1 28 5.42978 54 46 7.73513
8 45 4 31 63.6581 54 240 0.659774
8 46 4 31 6.25356 54 11 6.71618
8 47 4 31 24.7129 54 40 1.69952
8 48 1 28 52.0964 54 47 0.806198
8 48 4 31 57.6363 54 979 0.728708
8 49 1 28 3.29144 54 51 12.7604
8 49 4 31 41.727 54 1037 1.00654
8 50 4 31 18.9647 54 5 2.21465
8 51 4 31 28.2893 54 33 1.48466
8 52 1 28 24.1218 54 34 1.74116
8 52 4 31 51.049 54 181 0.822739
8 53 4 31 57.7433 54 168 0.727357
8 54 4 31 35.8536 54 23 1.17143
8 55 4 31 37.2723 54 110 1.12684
8 56 1 28 11.4061 54 205 3.68225
8 56 4 31 98.1761 54 104 0.427803
8 57 4 31 86.029 54 968 0.488207
8 58 4 31 4.03419 54 5 10.411
8 59 4 31 69.7253 54 152 0.602364
8 60 1 28 44.9738 54 476 0.933878
8 60 4 31 66.0162 54 158 0.636208
8 61 1 28 32.1839 54 141 1.305
8 61 4 31 63.7695 54 73 0.658622
8 62 1 28 17.1688 54 137 2.4463
8 62 4 31 89.3568 54 53 0.470026
8 63 4 31 11.8907 54 15 3.53217
8 64 4 31 37.5891 54 21 1.11735
8 65 4 31 49.6619 54 215 0.845719
8 66 1 28 20.7723 54 371 2.02193
8 66 2 29 34.4216 54 324 1.22016
8 66 3 30 27.2795 54 186 1.53962
8 67 4 31 26.9934 54 37 1.55594
8 68 1 28 8.28958 54 157 5.0666
8 68 4 31 33.5989 54 143 1.25004
8 69 4 31 31.031 54 351 1.35349
8 70 4 31 16.9561 54 16 2.47699
8 71 4 31 26.1211 54 25 1.60789
8 72 1 28 26.1024 54 137 1.60905
8 72 2 29 6.48522 54 241 6.47627
8 72 3 30 18.4045 54 150 2.28205
8 72 4 31 43.5328 54 183 0.96479
8 73 2 29 39.7099 54 1796 1.05767
8 73 3 30 49.8305 54 1849 0.842857
8 73 4 31 28.0355 54 24 1.4981
8 74 2 29 35.3619 54 168 1.18772
8 74 3 30 56.3775 54 1652 0.744977
8 74 4 31 25.5389 54 19 1.64455
8 75 2 29 40.2833 54 1943 1.04261
8 75 3 30 45.5696 54 5116 0.921666
8 75 4 31 10.5223 54 5 3.99153
8 76 1 28 96.866 54 921 0.433588
8 76 2 29 43.2151 54 1096 0.971883
8 76 3 30 133.883 54 6260 0.313706
8 76 4 31 137.546 54 137 0.305352
8 77 1 28 19.2526 54 8 2.18153
8 77 3 30 36.4231 54 82.5 1.15311
8 77 4 31 71.8733 54 793 0.584362
8 78 2 29 16.4423 54 50 2.55439
8 78 3 30 56.1166 54 2631 0.748441
8 79 1 28 31.7748 54 9065 1.3218
8 79 2 29 30.3721 54 86 1.38285
8 79 3 30 50.5941 54 4541 0.830136
8 79 4 31 25.8765 54 26 1.6231
8 80 1 28 32.2698 54 346 1.30152
8 80 2 29 34.239 54 629 1.22667
8 80 3 30 40.4345 54 3988 1.03872
8 80 4 31 82.4101 54 127 0.509647
8 81 1 28 16.5936 54 3535 2.5311
8 81 2 29 45.6186 54 3240 0.920678
8 81 3 30 43.4918 54 2855 0.965699
8 81 4 31 17.331 54 19 2.4234
8 82 1 28 16.1675 54 2879 2.5978
8 82 2 29 40.8253 54 2631 1.02877
8 82 3 30 28.8618 54 3579 1.45521
8 82 4 31 10.1974 54 9 4.11871
8 83 1 28 11.715 54 655 3.58514
8 83 2 29 51.1478 54 1114 0.821149
8 83 3 30 33.3958 54 1269 1.25764
8 83 4 31 1.67987e-06 54 15 2.50019e+07
8 84 1 28 16.3535 54 100 2.56826
8 84 2 29 29.0183 54 1250 1.44736
8 84 3 30 40.6276 54 900 1.03378
8 84 4 31 20.8772 54 111 2.01177
8 85 2 29 26.0555 54 3006 1.61194
8 85 3 30 32.7647 54 1366 1.28187
8 85 4 31 23.0546 54 71 1.82176
8 86 2 29 21.8331 54 1527 1.92368
8 86 3 30 64.5255 54 4683 0.650906
8 86 4 31 13.8851 54 11 3.02483
8 87 2 29 20.5362 54 3075 2.04517
8 87 3 30 35.6835 54 4635 1.17701
8 87 4 31 55.8087 54 26 0.752571
8 88 1 28 6.02089 54 60 6.97572
8 88 2 29 50.7172 54 1370 0.828122
8 88 3 30 24.3112 54 2638 1.7276
8 88 4 31 7.39023 54 60 5.68318
8 89 1 28 54.4492 54 297 0.771362
8 89 2 29 53.7721 54 3325.79 0.781074
8 89 3 30 61.2946 54 1912 0.685215
8 89 4 31 9.33716 54 8 4.49816
8 90 1 28 46.4343 54 257 0.904503
8 90 2 29 31.8675 54 764 1.31796
8 90 3 30 61.0812 54 4179 0.687609
8 91 2 29 45.9618 54 582 0.913802
8 91 3 30 66.5232 54 4010 0.631359
8 92 1 28 61.4841 54 553 0.683103
8 92 2 29 33.7 54 1623 1.24629
8 92 3 30 135.261 54 5898 0.31051
8 92 4 31 68.6214 54 167 0.612054
8 93 1 28 143.273 54 656 0.293146
8 93 2 29 62.0252 54 668 0.677145
8 93 3 30 98.4756 54 2243 0.426502
8 93 4 31 19.7608 54 155 2.12542
8 94 1 28 61.2184 54 413 0.686069
8 94 3 31 29.1939 54 20 1.43866
8 95 1 28 29.9282 54 51 1.40336
8 95 2 29 17.388 54 70 2.41546
8 95 3 30 28.8986 54 150 1.45336
8 95 4 31 2.65178 54 1 15.8384
8 96 1 28 15.6692 54 180 2.68043
8 96 2 29 16.9089 54 82 2.4839
8 96 4 31 11.695 54 6 3.59129
8 97 2 29 26.4631 54 1686 1.58712
8 97 3 30 20.2971 54 385 2.06926
8 97 4 31 1.07602 54 1 39.0329
8 98 1 28 50.7194 54 845 0.828085
8 98 2 29 51.1848 54 1135 0.820555
8 98 3 30 51.2098 54 2655 0.820155
8 98 4 31 29.7921 54 32 1.40977
8 99 1 28 90.0911 54 271 0.466195
8 99 2 29 32.8222 54 1757 1.27962
8 99 3 30 65.8737 54 3614 0.637584
8 99 4 31 2.8815 54 58 14.5758
8 100 1 28 24.6594 54 300 1.70321
8 100 2 29 44.6043 54 3307 0.941614
8 100 4 31 25.6884 54 27 1.63498
8 101 2 29 51.0882 54 3248 0.822108
8 101 3 30 9.73825 54 55 4.31289
8 101 4 31 5.8026 54 2 7.23814
8 102 2 29 33.0298 54 5388 1.27158
8 102 3 30 20.907 54 1577 2.00889
8 102 4 31 27.4402 54 7 1.5306
8 103 2 29 18.738 54 1750 2.24143
8 103 3 30 39.9214 54 3660 1.05207
8 103 4 31 26.3827 54 41 1.59195
8 104 2 29 32.139 54 1670.94 1.30682
8 104 3 30 18.589 54 175 2.2594
8 104 4 31 2.4065 54 4 17.4527
8 105 2 29 49.0346 54 6393 0.856539
8 105 3 30 16.9868 54 219.685 2.47251
8 106 2 29 31.0506 54 5246.55 1.35263
8 106 3 30 67.0285 54 788.062 0.626599
8 106 4 31 4.60251 54 5 9.12545
8 107 2 29 50.8252 54 6318.22 0.826362
8 107 3 30 46.2683 54 5854.41 0.907749
8 107 4 31 5.66994 54 4 7.40749
8 108 1 28 13.6418 54 50 3.07878
8 108 2 29 55.2595 54 6036.8 0.76005
8 108 3 30 63.8016 54 2544 0.658291
8 108 4 31 13.8814 54 110 3.02564
8 109 1 28 44.8314 54 548 0.936843
8 109 2 29 54.8283 54 5739.48 0.766027
8 109 3 30 17.9614 54 69 2.33835
8 109 4 31 12.4307 54 107 3.37872
8 110 2 29 30.2948 54 8470.21 1.38638
8 110 4 31 173.151 54 87 0.242562
8 111 2 29 25.3355 54 8208.14 1.65775
8 111 4 31 16.4119 54 49 2.55912
8 112 1 28 29.6239 54 765 1.41777
8 112 2 29 26.8635 54 5583.05 1.56346
8 112 3 30 3.70037 54 280.802 11.3502
8 112 4 31 22.9474 54 9 1.83027
8 113 2 29 115.492 54 8509.18 0.363663
8 113 3 30 42.7517 54 443.825 0.982416
8 113 4 31 22.0786 54 14 1.90229
8 114 2 29 35.2638 54 8426.35 1.19102
8 114 3 30 30.1707 54 335 1.39208
8 114 4 31 33.5716 54 30 1.25106
8 115 2 29 83.8359 54 8858.42 0.500979
8 115 3 30 43.8178 54 2637.78 0.958514
8 115 4 31 28.5541 54 65 1.47089
8 116 1 28 41.8564 54 58 1.00343
8 116 2 29 70.0669 54 5049.14 0.599427
8 116 3 30 24.757 54 945.806 1.69649
8 116 4 31 26.4838 54 63 1.58587
8 117 2 29 42.8205 54 4125.88 0.980838
8 117 3 30 12.1412 54 67 3.4593
8 117 4 31 36.5763 54 69 1.14829
8 118 2 29 74.05 54 4883.05 0.567184
8 118 3 30 133.149 54 3155.87 0.315437
8 118 4 31 102.935 54 94 0.408024
8 119 2 29 89.5391 54 6853.64 0.469069
8 119 3 30 148.964 54 3676.13 0.281946
8 119 4 31 27.6129 54 229 1.52103
8 120 1 28 8.57172 54 54 4.89984
8 120 2 29 168.022 54 5362.6 0.249967
8 120 3 30 60.0357 54 752 0.699584
8 120 4 31 36.3659 54 65 1.15493
8 121 2 29 168.99 54 6169.53 0.248535
8 121 3 30 35.4559 54 3125.3 1.18457
8 121 4 31 0.000794528 54 509 52861.6
8 122 2 29 63.5684 54 4266.49 0.660705
8 122 3 30 37.8699 54 5594.71 1.10906
8 122 4 31 0.0874394 54 1998 480.332
8 123 2 29 102.731 54 1392.32 0.408836
8 123 3 30 41.4869 54 5295.14 1.01237
8 123 4 31 104.781 54 3617 0.400836
8 124 1 28 33.1761 54 75 1.26597
8 124 2 29 160.309 54 1048.08 0.261994
8 124 3 30 68.6984 54 5271.49 0.611368
8 124 4 31 0.00558933 54 2075 7514.32
8 125 4 31 175.309 54 1166 0.239577
8 126 3 31 150.889 54 2107 0.27835
8 127 1 29 36.5911 54 1271.68 1.14782
8 127 3 31 365.877 54 2298 0.114793
8 128 2 29 66.9617 54 4164.44 0.627224
8 128 3 30 31.5786 54 1317 1.33001
8 128 4 31 119.645 54 649 0.35104
8 129 2 29 80.6952 54 3050.49 0.520477
8 129 3 30 31.6022 54 635.023 1.32902
8 129 4 31 0.0280458 54 1197 1497.55
8 130 2 29 45.5748 54 4267.5 0.921562
8 130 3 30 15.8452 54 2716.11 2.65064
8 130 4 31 0.0188574 54 1108 2227.24
8 131 1 29 83.9108 54 3217.4 0.500531
8 131 2 30 107.382 54 1275 0.391129
8 131 3 31 0.0349099 54 3233 1203.1
8 132 2 29 49.5422 54 1848.44 0.847762
8 132 3 30 52.8337 54 463 0.794947
8 132 4 31 0.00720086 54 673 5832.63
8 133 2 29 9.84156 54 2144.41 4.26762
8 133 3 30 50.2221 54 671 0.836284
8 133 4 31 112.368 54 359 0.373773
8 134 2 29 93.6716 54 2022.88 0.448375
8 134 3 30 95.2549 54 2165.67 0.440922
8 134 4 31 0.0700176 54 2521 599.849
8 135 1 29 66.5734 54 2197.53 0.630883
8 135 2 30 195.158 54 3693.73 0.215211
8 135 3 31 244.849 54 1422 0.171534
8 136 2 29 23.1341 54 1783.28 1.8155
8 136 3 30 153.377 54 5401.5 0.273836
8 136 4 31 72.4397 54 1021 0.579792
8 137 2 29 32.9511 54 309 1.27462
8 137 3 30 24.0343 54 52 1.7475
8 137 4 31 0.0107468 54 900 3908.16
8 138 2 29 125.577 54 3620.86 0.334457
8 138 4 31 193.925 54 2822 0.216578
8 139 1 29 78.4609 54 5414.93 0.535298
8 139 2 30 137.006 54 2610.71 0.306555
8 139 3 31 132.309 54 3927 0.31744
8 140 1 29 138.129 54 7444.51 0.304063
8 140 2 30 73.0138 54 1096.2 0.575233
8 140 3 31 0.00103937 54 647 40409.1
8 141 2 29 24.9494 54 1865.35 1.68341
8 141 3 30 15.1011 54 129.083 2.78126
8 141 4 31 174.564 54 710 0.240599
8 142 2 29 115.861 54 6310.57 0.362502
8 142 3 30 45.1437 54 2010.38 0.930363
8 142 4 31 73.1491 54 1524 0.57417
8 143 1 29 85.7628 54 6610.51 0.489723
8 143 2 30 131.25 54 4502 0.32
8 143 3 31 143.404 54 955 0.292879
8 144 2 29 89.2532 54 4550 0.470571
8 144 3 30 55.3459 54 3884 0.758864
8 144 4 31 178.149 54 777 0.235757
8 145 2 29 116.156 54 2809.96 0.361582
8 145 3 30 43.7135 54 1107.47 0.960801
8 145 4 31 149.672 54 499 0.280613
8 146 1 29 72.4223 54 8413.96 0.579932
8 146 2 30 81.2614 54 3773.08 0.516851
8 146 3 31 44.4417 54 872 0.945059
8 147 1 29 60.3926 54 3661.7 0.69545
8 147 2 30 104.113 54 3284.95 0.403409
8 147 3 31 22.4177 54 1447 1.87352
8 148 2 29 184.596 54 6341.68 0.227524
8 148 3 30 66.9942 54 3233.36 0.62692
8 148 4 31 52.0691 54 746 0.80662
8 149 2 29 125.275 54 5725.53 0.335263
8 149 3 30 41.1897 54 489.906 1.01967
8 149 4 31 59.1394 54 378 0.710187
8 150 2 29 94.033 54 8816.42 0.446652
8 150 3 30 41.584 54 2988.54 1.01
8 150 4 31 111.44 54 2057 0.376886
8 151 2 29 88.0314 54 7706.29 0.477103
8 151 3 30 536.654 54 9967.38 0.0782627
8 151 4 31 0.210396 54 3591 199.623
8 152 2 29 196.783 54 9598.51 0.213433
8 152 3 30 295.74 54 5869.61 0.142017
8 152 4 31 134.228 54 2042 0.312899
8 153 2 29 198.87 54 15411 0.211193
8 153 3 30 104.87 54 9741.19 0.400494
8 153 4 31 87.7953 54 855 0.478386
8 154 1 29 181.148 54 8803.33 0.231855
8 154 2 30 8.15475 54 8242.96 5.15037
8 154 3 31 197.821 54 2502 0.212313
8 155 2 30 56.7771 54 8077.36 0.739735
8 155 3 31 245.607 54 2370 0.171005
8 156 2 29 123.166 54 10095.4 0.341004
8 156 3 30 75.4619 54 6163 0.556572
8 156 4 31 156.031 54 2465 0.269177
8 157 2 29 237.674 54 12535.8 0.176713
8 157 3 30 44.9836 54 465 0.933674
8 157 4 31 80.6446 54 2603 0.520804
8 158 2 29 102.674 54 22550.9 0.409062
8 158 3 30 15.8388 54 397.087 2.65171
8 158 4 31 0.0110035 54 2155 3816.97
8 159 1 29 18.1965 54 308.068 2.30813
8 159 2 30 27.8485 54 2315.69 1.50816
8 159 3 31 203.644 54 1349 0.206242
8 160 2 29 37.9926 54 13473.2 1.10548
8 160 3 30 27.5174 54 7541.16 1.52631
8 160 4 31 25.9676 54 780 1.6174
8 161 2 29 75.2643 54 13969.8 0.558033
8 161 3 30 91.1625 54 9822.73 0.460716
8 161 4 31 72.1184 54 317 0.582376
8 162 1 29 87.6843 54 18282.1 0.478991
8 162 2 30 104.58 54 11579.5 0.401605
8 162 3 31 61.4894 54 420 0.683045
8 163 1 29 43.1894 54 3267.9 0.972462
8 163 2 30 75.4937 54 15021 0.556338
8 163 3 31 147.986 54 453 0.283811
8 164 2 29 187.944 54 14673.8 0.223471
8 164 3 30 219.938 54 7390.17 0.190963
8 164 4 31 0.0740837 54 2244 566.927
8 165 2 29 63.576 54 15849.6 0.660627
8 165 3 30 120.402 54 1634.68 0.348833
8 165 4 31 0.00043205 54 681 97211
8 166 2 29 157.926 54 11372.6 0.265947
8 166 3 30 163.464 54 5219.65 0.256937
8 166 4 31 289.552 54 1424 0.145051
8 167 2 29 61.1969 54 2653.12 0.68631
8 167 3 30 33.519 54 12221.4 1.25302
8 167 4 31 105.975 54 1076 0.396321
8 168 2 29 54.3634 54 17007.1 0.772579
8 168 3 30 160.642 54 10654.8 0.261451
8 168 4 31 202.466 54 1082 0.207442
8 169 2 29 97.5828 54 20371.6 0.430404
8 169 3 30 135.137 54 9879.64 0.310796
8 169 4 31 126.043 54 291 0.33322
8 170 2 29 167.835 54 20714.6 0.250246
8 170 3 30 213.373 54 10414.4 0.196839
8 170 4 31 0.00307326 54 1074 13666.3
8 171 2 29 130.192 54 6015.41 0.322602
8 171 3 30 118.038 54 17709 0.355818
8 171 4 31 0.0444796 54 3535 944.254
8 172 2 29 151.407 54 16758.6 0.277398
8 172 3 30 102.044 54 18353.5 0.411588
8 172 4 31 80.8332 54 1205 0.519588
8 173 2 29 151.541 54 21563.7 0.277153
8 173 3 30 29.3224 54 14876.8 1.43235
8 173 4 31 60.6216 54 496 0.692822
8 174 2 29 215.825 54 19494.1 0.194602
8 174 3 30 60.5223 54 15075.7 0.693959
8 174 4 31 182.364 54 2648 0.230309
8 175 1 29 120.553 54 8391.33 0.348394
8 175 2 30 253.623 54 20375 0.1656
8 175 3 31 78.9662 54 999 0.531873
8 176 2 29 101.788 54 22358.5 0.412624
8 176 3 30 78.2134 54 20914.7 0.536993
8 176 4 31 0.0430132 54 2715 976.445
8 177 2 29 80.7334 54 19338.8 0.520231
8 177 3 30 99.0922 54 11623.9 0.423848
8 177 4 31 55.7838 54 1175 0.752906
8 178 1 29 245.23 54 23115.1 0.171268
8 178 2 30 81.2934 54 12713 0.516647
8 178 3 31 221.596 54 1780 0.189534
8 179 1 29 121.877 54 4536.64 0.34461
8 179 2 30 59.5623 54 11720.5 0.705144
8 179 3 31 0.00961315 54 1905 4369.02
8 180 2 29 334.368 54 23938.1 0.12561
8 180 3 30 78.1696 54 7359.08 0.537293
8 180 4 31 1.28813e-05 54 1392 3.26053e+06
8 181 2 29 136.307 54 23157.7 0.308127
8 181 3 30 130.144 54 4587 0.32272
8 181 4 31 3.96062e-05 54 406 1.06044e+06
8 182 1 29 242.21 54 20944 0.173403
8 182 2 30 47.1455 54 8286.79 0.890859
8 182 3 31 139.429 54 1159 0.301228
8 183 1 29 104.968 54 9289.17 0.400121
8 183 2 30 99.5971 54 9372.63 0.421699
8 183 3 31 59.8955 54 1528 0.701221
8 184 2 29 123.15 54 15218.2 0.341048
8 184 3 30 89.3866 54 6362.4 0.469869
8 184 4 31 0.00568398 54 1029 7389.18
8 185 2 29 112.403 54 20837.9 0.373655
8 185 3 30 56.0186 54 5508.26 0.749751
8 185 4 31 252.831 54 1170 0.166119
8 186 2 29 192.006 54 19978.4 0.218743
8 186 3 30 53.6662 54 8434.86 0.782616
8 186 4 31 41.8769 54 1132 1.00294
8 187 1 29 62.1887 54 6973.46 0.675364
8 187 2 30 24.8516 54 13774.6 1.69003
8 187 3 31 0.0704336 54 1665 596.307
8 188 1 29 138.597 54 25815.1 0.303036
8 188 2 30 190.202 54 9103.48 0.220818
8 188 3 31 0.0959781 54 1957 437.6
