254020 254020 0.000218594 0.00229425 0.0213736 0.026994 0.0188252 0.0141322 0.012692 0.0123425 0.0123227 0.0123565 0.0123467 0.0122821 0.012189 0.0120952 0.0120221 0.0119935  4.82824e+07 2.92365e+07 5.0454e+06 1.78309e+06 652670 281592 96239.2 81280.8 64645.1 41444.1 17985 13461.8 9719.91 6089.98 2713.8 565.951
6.99083e+06 6.99083e+06 0.00344203 0.035448 0.280515 0.339578 0.25364 0.198117 0.180178 0.175752 0.175446 0.17577 0.1755 0.174518 0.173188 0.171882 0.170878 0.170488  6.9627e+06 2.63216e+07 1.56189e+07 3.01808e+06 1.32858e+06 701965 375808 140910 114531 90958.8 59258 26409.1 19261.6 13644.2 8517.48 4971.13
2.08087e+06 2.08087e+06 0.00317113 0.0327021 0.261737 0.317575 0.23607 0.18391 0.167128 0.163004 0.162737 0.163061 0.162827 0.161926 0.160696 0.159483 0.15855 0.158187  1.83227e+06 1.24537e+06 4.54363e+06 2.05186e+06 405182 229120 145409 84886.8 33065.4 26113.8 20345.9 13103.8 5776.8 4091.66 2841.29 2801.28
546862 546862 0.00139188 0.0145069 0.127091 0.157882 0.113053 0.0861598 0.0777472 0.0756943 0.0755702 0.0757536 0.0756729 0.0752669 0.0746952 0.0741247 0.0736825 0.0735096  6.9958e+06 971484 670112 1.88148e+06 856444 213035 135516 88563.1 51241.3 19442.5 14842.4 11140.7 6916.44 2953.46 2041.71 2765.93
329429 329429 0.000516515 0.00541158 0.0496329 0.0624219 0.0438301 0.0330317 0.0297029 0.0288946 0.0288481 0.0289249 0.0288998 0.0287474 0.0285293 0.0283102 0.0281397 0.0280729  3.98715e+07 1.00597e+07 2.67934e+06 538935 1.1162e+06 607994 201477 152882 115287 73866.3 33018.5 25035.9 18201.4 11525.5 5198.06 8381.87
6.21776e+06 6.21776e+06 0.0045991 0.0470565 0.352994 0.421972 0.32201 0.254701 0.232537 0.227009 0.226575 0.226909 0.226494 0.225195 0.223475 0.221799 0.22052 0.220024  7.58916e+07 2.60707e+07 8.20011e+06 2.39516e+06 492201 1.02825e+06 615565 231172 179637 138977 91379.3 41875.5 30757 21767.5 13693.5 16175
2.49139e+06 2.49139e+06 0.00393585 0.0403696 0.309241 0.370438 0.280057 0.220624 0.201333 0.196653 0.196417 0.196824 0.196544 0.195462 0.193989 0.192539 0.191425 0.190992  2.28334e+06 1.2369e+07 4.54021e+06 1.03141e+06 300180 82213.9 195385 125105 49056.4 37485.3 28516.6 18471.6 8329.62 5931.35 4106.75 5590.11
610772 610772 0.000640891 0.00671053 0.0612043 0.0768803 0.0541157 0.0408323 0.0367253 0.0357242 0.0356635 0.0357557 0.0357228 0.0355335 0.0352636 0.0349928 0.0347823 0.0346998  5.51216e+07 1.20895e+06 6.56673e+06 1.67081e+06 371103 142313 45048.5 111313 70861 27084.1 20000.7 14652.4 9145.53 3993.78 2775.3 4455.14
178263 178263 0.000199887 0.00209877 0.0196197 0.0248194 0.0172868 0.0129639 0.0116372 0.0113142 0.0112944 0.0113245 0.0113149 0.0112553 0.0111697 0.0110836 0.0110166 0.0109903  1.61328e+07 2.02117e+07 555874 3.42314e+06 1.27268e+06 545928 269112 67179.9 133688 86506.4 37688.3 28198.8 20395.8 12887.3 5812.91 10454.8
8.95723e+06 8.95723e+06 0.00707807 0.0713654 0.477411 0.555427 0.442472 0.359555 0.331209 0.324072 0.323461 0.323767 0.323034 0.321124 0.318679 0.316334 0.314561 0.313877  3.34305e+07 1.10578e+07 1.16521e+07 424023 2.70141e+06 1.24692e+06 668130 349511 84936.7 157238 102291 45917.3 33517.3 23685.4 14861.9 18785
1.51703e+06 1.51703e+06 0.00449427 0.0459316 0.341828 0.406351 0.310632 0.24645 0.225463 0.220391 0.220159 0.220606 0.22028 0.219065 0.217419 0.215802 0.214563 0.214081  4.06965e+06 5.51605e+06 1.85923e+06 1.00584e+06 40104.6 336737 201249 123985 66316.8 15747.3 27754.7 17697.1 7856.87 5571.38 3855.46 5439.66
877111 877111 0.00197787 0.0205507 0.175235 0.216331 0.156722 0.120193 0.108644 0.105798 0.105602 0.105829 0.105695 0.105117 0.104315 0.10352 0.102906 0.102666  4.4636e+07 2.15279e+06 2.90237e+06 632053 328012 17769.7 175522 109715 67313.4 35099.2 8051.74 13660.4 8390.36 3606.55 2495.5 4087.82
197160 197160 0.000352263 0.003696 0.034323 0.0433597 0.0302912 0.0227499 0.0204287 0.0198614 0.0198247 0.0198755 0.0198572 0.0197518 0.0196013 0.0194503 0.0193328 0.0192867  1.59811e+07 1.49076e+07 1.1203e+06 1.23332e+06 648918 476102 39878.7 279770 155074 108857 59602.7 13201.6 20631.4 12734.6 5689.62 10377.4
6.22941e+06 6.22941e+06 0.00613815 0.0622592 0.435858 0.512866 0.40194 0.323077 0.296447 0.289713 0.289103 0.289396 0.288763 0.287061 0.284863 0.282747 0.281143 0.280523  4.3664e+07 1.0648e+07 8.65787e+06 962048 953079 713992 557774 56756.1 344077 187922 137752 74855.2 16142.2 24081.6 14724.8 18654.4
1.56108e+06 1.56108e+06 0.00463843 0.047393 0.351851 0.41854 0.320389 0.254221 0.232481 0.227158 0.226847 0.227258 0.22689 0.22562 0.223915 0.222247 0.22097 0.220475  9.14271e+06 7.28998e+06 1.84075e+06 872662 112096 130055 129261 105887 11721.9 65916.8 35055.7 25603.9 13543.3 2835.17 4109.15 5654.83
790759 790759 0.00118026 0.0123252 0.109763 0.137165 0.0975804 0.0740249 0.0666636 0.0648467 0.0647164 0.064863 0.0647885 0.0644372 0.0639449 0.0634542 0.0630741 0.0629256  1.48959e+08 4.8363e+06 3.83354e+06 621709 283172 49593.3 67709.5 70323.8 57316.9 6181.09 33562 17175.3 12081.1 6186.39 1263.63 4272.83
224093 224093 0.000227109 0.00238428 0.0222627 0.0281561 0.0196211 0.0147178 0.0132119 0.0128447 0.0128219 0.0128558 0.0128447 0.0127769 0.0126798 0.0125821 0.012506 0.0124762  6.67514e+07 3.93403e+07 2.49504e+06 1.3783e+06 487173 309408 102863 91073.7 113026 85466.8 11053.8 52068.1 25522.7 18558.8 9666.32 8522.73
1.72493e+07 1.72493e+07 0.0109376 0.107341 0.594045 0.659235 0.557614 0.47406 0.44462 0.437894 0.437981 0.438631 0.43773 0.435264 0.432114 0.429106 0.426841 0.42597  3.053e+07 3.04432e+07 1.86874e+07 1.98445e+06 1.00046e+06 497621 362854 146037 108658 142798 103868 14288.9 61627.7 29463.2 21400.5 20871.7
3.8113e+06 3.8113e+06 0.00760472 0.0761202 0.483677 0.551993 0.446345 0.367885 0.341295 0.33514 0.335164 0.335857 0.335327 0.333496 0.331057 0.328685 0.326878 0.326179  6.8837e+07 5.3442e+06 4.61184e+06 901480 117219 83937.3 61036.6 52024.2 23488 15533.3 20790.1 14464.5 2008.2 8204.25 3835.81 5492.29
978982 978982 0.00125454 0.0130929 0.115994 0.144693 0.103146 0.0783436 0.0705742 0.0686545 0.0685185 0.0686752 0.0685974 0.0682266 0.0677064 0.0671877 0.0667859 0.0666288  1.92372e+07 3.62199e+07 2.66905e+06 989721 165515 34894.8 32600 25682.3 22028 9709.06 6193.52 7963.1 5327.87 715.404 2850.36 3181.44
424413 424413 0.00030298 0.00318 0.0296205 0.0374541 0.0261317 0.01961 0.0176034 0.0171124 0.0170802 0.0171239 0.0171082 0.0170174 0.0168877 0.0167575 0.0166562 0.0166165  1.23463e+07 8.83257e+06 1.06014e+07 1.26765e+06 696695 294068 138845 75578.8 60200.9 50492.3 25380.7 14605.5 19050.3 12409.4 1858 14481.6
1.05959e+07 1.05959e+07 0.0106594 0.105118 0.599954 0.673423 0.565607 0.476786 0.444997 0.437091 0.436518 0.43678 0.435645 0.433039 0.429809 0.426757 0.424474 0.423599  5.8721e+07 8.41596e+06 6.3563e+06 5.76446e+06 1.12647e+06 722529 368081 201504 103406 79869.8 66596.6 33914.6 18305.7 23515.7 14982.9 19734.9
1.48181e+06 1.48181e+06 0.00410568 0.0421241 0.323177 0.388341 0.293686 0.231036 0.210531 0.20542 0.205031 0.205364 0.205014 0.203852 0.202297 0.200777 0.199614 0.199162  7.31192e+07 9.75312e+06 1.37947e+06 437008 266996 118043 97094.1 55606 33040.1 16240.1 12088.9 9867.94 4963.16 2544.61 3222.98 4698.4
1.61756e+06 1.61756e+06 0.0014144 0.0147516 0.129921 0.161922 0.115749 0.0880345 0.0793342 0.0771782 0.0770165 0.0771828 0.0770881 0.0766671 0.0760806 0.0754973 0.0750461 0.0748698  1.73515e+08 3.87209e+07 5.18231e+06 509978 159145 128134 65249.7 55622.3 31597.2 18272.1 8671.02 6211.87 4884.21 2378.44 1189.9 3636.78
1.65661e+06 1.65661e+06 0.000876139 0.00916419 0.0827977 0.103826 0.0734012 0.0554999 0.0499415 0.0485786 0.0484875 0.0486045 0.0485537 0.048293 0.0479247 0.0475566 0.0472708 0.0471591  2.22485e+07 4.43823e+07 1.15777e+07 1.89633e+06 434524 267250 193081 139229 100705 56876.2 35849.7 16378.4 11446.9 8833.04 4330.94 8731.82
1.81837e+07 1.81837e+07 0.00960674 0.0955284 0.577006 0.657691 0.543261 0.451627 0.418955 0.41047 0.409504 0.409567 0.408402 0.40588 0.402781 0.399863 0.397682 0.396846  9.78139e+06 1.10612e+07 2.02779e+07 6.03647e+06 1.31981e+06 459620 337728 230286 190290 128910 71316.9 45490.5 20117.5 13573.1 10275.1 15078.6
2.52098e+06 2.52098e+06 0.00860493 0.0861052 0.543997 0.626532 0.509822 0.419337 0.387422 0.379072 0.37808 0.378159 0.377112 0.374788 0.37191 0.369188 0.367148 0.366365  3.60238e+07 1.76008e+06 1.75157e+06 1.24e+06 349106 139872 69086.7 57059.9 37608.6 32904.6 21111.9 11265.1 7079.03 3022.85 1989.13 3673.32
2.20844e+06 2.20844e+06 0.00497971 0.0508353 0.374472 0.445644 0.342438 0.271955 0.248533 0.242644 0.242158 0.24249 0.24203 0.240638 0.238802 0.237017 0.235657 0.23513  1.21535e+08 1.89612e+07 878733 370056 229706 106424 55295 29297.9 24147 15439.9 12972.7 7972.31 4083.55 2479.36 1032.05 1897.01
1.18531e+06 1.18531e+06 0.00113095 0.011815 0.105584 0.1321 0.0938487 0.071134 0.0640451 0.0622959 0.0621691 0.0623089 0.0622367 0.0618987 0.0614252 0.0609533 0.0605878 0.060445  5.18444e+07 3.36031e+07 5.49645e+06 529037 272669 273593 217312 109406 66876.9 52120.1 31966.7 30149.2 17740.9 9093.26 5655.16 6565.92
1.61866e+07 1.61866e+07 0.0110331 0.10896 0.626745 0.709051 0.595769 0.500316 0.465307 0.455877 0.454493 0.454251 0.452746 0.449844 0.446381 0.443161 0.440774 0.439864  3.44495e+07 2.45507e+07 1.61423e+07 2.91437e+06 547152 301331 324489 281133 143459 89634.9 67929.9 39684.7 37873.1 21447.3 10809.7 14441.9
1.95023e+06 1.95023e+06 0.00405195 0.0415514 0.317626 0.380657 0.288108 0.226975 0.207036 0.202139 0.20184 0.202222 0.201912 0.200788 0.199269 0.197777 0.196633 0.196189  2.38388e+07 5.68721e+06 3.74769e+06 856297 156163 67107 42592.8 49296.2 44742.7 22774.4 14002.1 10267.5 5715.45 5413.23 2979.84 3465.73
1.04431e+06 1.04431e+06 0.00153132 0.0159613 0.139817 0.174035 0.124699 0.0949587 0.0855996 0.0832745 0.0830956 0.0832701 0.0831646 0.0827086 0.0820754 0.0814464 0.0809601 0.0807703  8.14683e+07 1.26216e+07 3.01783e+06 1.3715e+06 306718 73911.4 36713.8 24204.4 27826 24601.9 12096.8 7160.17 5058.37 2726.53 2519.95 2946.83
571872 571872 0.00055766 0.00584382 0.0536742 0.0676002 0.0474509 0.0357339 0.0321142 0.0312283 0.0311704 0.0312487 0.0312185 0.0310522 0.0308156 0.0305784 0.0303941 0.030322  5.05714e+07 2.6932e+07 4.7524e+06 1.08898e+06 690493 303282 141094 99527.7 48493.8 48450.2 46746.4 22330.5 13769.7 9392.44 4913.95 10163.8
1.60672e+07 1.60672e+07 0.011608 0.113942 0.629863 0.703677 0.597337 0.506834 0.473853 0.465453 0.46465 0.464732 0.46339 0.460553 0.457101 0.453867 0.451461 0.450541  2.17969e+07 2.65201e+07 1.48441e+07 3.1579e+06 794270 615315 338264 190716 143110 64787.3 61254.9 59054.7 27316.5 16724.7 11084.3 17559.6
1.49267e+06 1.49267e+06 0.00319991 0.0329407 0.260109 0.313452 0.233995 0.183079 0.166758 0.162852 0.162712 0.163113 0.162928 0.162057 0.160844 0.15964 0.158711 0.158349  820455 3.69534e+06 3.99132e+06 769968 173749 72202.9 74828.3 48241.5 30312.8 23017.2 9761.93 8774.12 8297.37 3728.3 2246.24 3785.13
881497 881497 0.0017984 0.0187113 0.161394 0.199976 0.144203 0.110247 0.0995224 0.0968645 0.0966673 0.0968703 0.0967458 0.0962152 0.0954798 0.09475 0.0941863 0.0939663  9.21128e+07 434770 1.97952e+06 1.59363e+06 304959 87711.3 41429.5 44444.9 28477.4 17458.1 12825.8 5243.24 4544.05 4162.96 1825.79 2899.59
549934 549934 0.000994553 0.0103955 0.0933429 0.116856 0.0828319 0.0627248 0.0564687 0.0549333 0.05483 0.0549604 0.0549015 0.054606 0.0541895 0.0537735 0.0534509 0.0533247  1.16712e+07 2.55803e+07 232932 1.09306e+06 877725 394849 168751 78388.4 69900.5 49367.7 33584 25097.7 10231.3 8237.18 7741.29 8562.38
6.89029e+06 6.89029e+06 0.00625005 0.0626479 0.40385 0.45667 0.365612 0.301644 0.281167 0.277309 0.278239 0.279447 0.279409 0.278117 0.276203 0.27427 0.272767 0.272179  1.73315e+07 7.91477e+06 1.3242e+07 179185 907442 761099 463724 226278 104744 87025.5 61554.7 42204.7 30900 12322.6 9572.52 18778.9
1.28455e+06 1.28455e+06 0.00474483 0.0484608 0.358567 0.426379 0.326865 0.259511 0.237312 0.231845 0.231496 0.231893 0.231503 0.230199 0.228456 0.226754 0.225452 0.224947  2.06009e+07 3.30729e+06 1.32452e+06 1.0552e+06 14921.3 109386 107977 79859.7 41763.9 19212.4 15178.6 10528.9 7101.78 5066.69 1973.66 4453.85
1.0184e+06 1.0184e+06 0.00212674 0.0220825 0.187175 0.230812 0.167649 0.128725 0.116368 0.113303 0.113077 0.113308 0.113156 0.112533 0.111673 0.110822 0.110165 0.109909  1.26313e+08 1.08965e+07 1.73748e+06 443223 338926 6560.26 56678.2 58464.5 43007.7 21903.1 9726.59 7393.04 4938.29 3224.36 2244.47 2793.97
496377 496377 0.000572013 0.0059935 0.054991 0.0692329 0.0486178 0.0366228 0.0329164 0.0320096 0.0319508 0.0320311 0.0320004 0.03183 0.0315875 0.0313445 0.0311556 0.0310817  2.1898e+07 3.30756e+07 3.23221e+06 923433 405727 317463 16843.7 123142 87974.8 73875.1 39005.3 17840.1 12336.9 8476.29 5498.19 8665.74
1.1882e+07 1.1882e+07 0.00838672 0.0838706 0.528151 0.605721 0.492747 0.406132 0.376 0.368446 0.367838 0.368143 0.367264 0.365084 0.362325 0.359693 0.357711 0.356948  2.90116e+07 1.54011e+07 1.58564e+07 1.76208e+06 819798 440621 371077 24182.8 164555 105302 92774.1 49072.4 21963.6 14501.2 9851.76 16337.1
2.25198e+06 2.25198e+06 0.00598244 0.0607833 0.430986 0.509457 0.397573 0.318371 0.291548 0.284639 0.283909 0.284134 0.283479 0.281786 0.279615 0.277528 0.275948 0.275337  3.53695e+06 5.72406e+06 2.69616e+06 1.13687e+06 117999 101247 69915.9 64369.2 4479.89 29456.8 17427.2 15435.8 7999.93 3485.18 2228.16 3989.5
854183 854183 0.00203739 0.0211681 0.180383 0.222797 0.161478 0.123813 0.111867 0.108899 0.108675 0.108896 0.10875 0.108151 0.107324 0.106505 0.105873 0.105627  1.28381e+07 1.86871e+06 2.96886e+06 800967 319064 47652.9 49264.2 35680.1 32621.5 2204.97 13960.5 7930.99 6755.87 3386.87 1439.12 2519.78
240118 240118 0.000463245 0.0048568 0.0448054 0.056488 0.039573 0.02977 0.0267463 0.0260072 0.0259598 0.0260262 0.026002 0.025864 0.0256671 0.0254696 0.0253159 0.0252558  2.74132e+07 9.79005e+06 1.25859e+06 1.51692e+06 522905 265086 68051.3 90710.3 68592.1 54944.3 4437.51 26878.9 13728 12281.5 6227.56 7260.74
8.16262e+06 8.16262e+06 0.00864908 0.0864386 0.541475 0.621332 0.50671 0.41791 0.386769 0.378807 0.378018 0.37821 0.37723 0.374945 0.372091 0.369381 0.367347 0.366565  2.15949e+07 1.95857e+07 7.94874e+06 1.18144e+06 1.40112e+06 572710 312129 89997.1 123722 92067.2 71425.6 5935.62 33759.1 16415.2 14675.5 16026.3
1.58851e+06 1.58851e+06 0.00394866 0.0404607 0.307635 0.367131 0.278173 0.219652 0.200695 0.196166 0.196015 0.196475 0.196229 0.195171 0.193712 0.192272 0.191163 0.190731  4.71096e+06 3.94094e+06 3.40783e+06 680732 105827 174667 91715.4 53720.3 16023.1 21910.2 15833 11830.3 962.495 5288.31 2484.74 4625.21
1.02745e+06 1.02745e+06 0.00201958 0.0209869 0.179115 0.221362 0.160346 0.122897 0.111025 0.108075 0.10785 0.108067 0.107921 0.107326 0.106505 0.105691 0.105064 0.104819  1.29558e+08 2.49352e+06 2.08695e+06 1.22852e+06 237744 49022.3 94059.3 51499.4 30035.7 8740.22 11556.3 8044.46 5792.93 456.449 2447.51 3229.87
241725 241725 0.000272078 0.00285355 0.0264228 0.033285 0.0232677 0.0174995 0.0157298 0.0153033 0.0152819 0.0153257 0.0153145 0.0152349 0.0151198 0.0150038 0.0149133 0.0148778  2.18468e+07 4.18802e+07 1.29419e+06 1.51058e+06 788133 372433 99262.8 156488 80070.5 46455.8 15147.7 20219.5 13979.6 9667.78 795.226 9550.17
1.47903e+07 1.47903e+07 0.00858998 0.0852219 0.509001 0.570356 0.469848 0.393472 0.367796 0.362408 0.362989 0.364002 0.363573 0.361689 0.359125 0.356612 0.354692 0.353948  1.37866e+07 1.47343e+07 2.24378e+07 1.04848e+06 1.39383e+06 857997 498650 144425 213498 106348 60651.7 19733 25500 17130.1 11571.9 12248.8
1.56892e+06 1.56892e+06 0.00370494 0.0379452 0.287762 0.341825 0.258898 0.204845 0.187535 0.183568 0.183608 0.184159 0.184005 0.183057 0.181714 0.180373 0.179336 0.178931  6.63158e+07 2.29847e+06 2.28165e+06 1.38305e+06 75385.6 144930 125535 83587.5 25343.1 36075.7 17444.4 9619.18 3049.11 3831.67 2517.08 3446.1
1.22412e+06 1.22412e+06 0.00173472 0.0180323 0.154463 0.190489 0.137635 0.105512 0.0954182 0.0929723 0.0928463 0.0930805 0.0929853 0.09249 0.0917915 0.0910942 0.0905538 0.0903426  9.00762e+07 3.50918e+07 1.21554e+06 816253 473962 34268.3 76973.5 69832.5 46447.7 13769 18979.2 8848.58 4705.03 1444.84 1772.17 2708.24
1.4604e+06 1.4604e+06 0.00104312 0.010897 0.097391 0.121697 0.0864206 0.0655324 0.0590338 0.0574459 0.0573461 0.0574866 0.0574273 0.0571197 0.056685 0.0562506 0.0559134 0.0557816  1.9069e+07 2.33052e+07 9.93789e+06 889792 525711 540683 76252.5 148179 114552 82824.2 24799 33222.5 15091.1 7979.25 2500.24 7637.25
8.68681e+06 8.68681e+06 0.00691383 0.0687358 0.41861 0.464398 0.377857 0.31649 0.297275 0.294324 0.2959 0.297507 0.297661 0.296412 0.294459 0.292456 0.290887 0.290271  3.48037e+07 9.98066e+06 1.11555e+07 4.89644e+06 720380 488490 638397 108887 194813 150758 108391 31945.1 41100.4 18112 9437.76 11831.5
1.16673e+06 1.16673e+06 0.00399786 0.0408632 0.30498 0.360692 0.274837 0.218314 0.20015 0.196008 0.196075 0.196664 0.196498 0.195487 0.194056 0.192629 0.191526 0.191095  2.9563e+06 5.75711e+06 1.65719e+06 749650 266859 68299.5 64948.6 103703 19383.7 33343.4 25600.3 17972.2 5146.44 6410.83 2761.19 3196.38
803092 803092 0.00147882 0.0153941 0.133495 0.165122 0.118682 0.0907154 0.0819632 0.0798473 0.079743 0.079952 0.0798764 0.0794541 0.0788548 0.0782552 0.0777898 0.0776078  1.53361e+08 1.56356e+06 3.02946e+06 567348 243131 116755 35261.9 35240.8 56265.8 10284.5 17128.7 12677.6 8580.92 2380.23 2893.86 2641.25
401371 401371 0.000420436 0.0044048 0.0404057 0.0507479 0.035615 0.0268518 0.0241582 0.0235105 0.0234799 0.0235476 0.0235304 0.0234083 0.0232317 0.0230537 0.022915 0.0228606  4.73159e+07 4.63245e+07 1.72791e+06 1.37244e+06 490813 309778 165492 76830.6 62685.7 104834 19977.5 31468.3 23030.1 15516.9 4197.57 9752.61
1.49102e+07 1.49102e+07 0.00662469 0.0665397 0.434351 0.496409 0.39696 0.325727 0.302256 0.297187 0.297569 0.298459 0.298165 0.296634 0.294507 0.292405 0.290789 0.290161  7.4661e+07 2.76429e+07 2.51903e+07 1.37325e+06 1.14575e+06 580077 398572 201754 94998.8 78245.2 134482 25926.9 38530.4 27773 18381.7 16278.1
2.1804e+06 2.1804e+06 0.00301188 0.0310093 0.245304 0.295129 0.220004 0.172194 0.156976 0.153411 0.15336 0.153793 0.153653 0.152851 0.151717 0.150586 0.14971 0.149368  5.05684e+06 1.22239e+07 4.40191e+06 2.08098e+06 104304 146291 101037 73950.6 35843.6 16545 13614.4 23324.1 4409.42 6309.35 4468.9 5495.29
1.07038e+06 1.07038e+06 0.00105367 0.0110018 0.0979328 0.122121 0.0868416 0.0659342 0.0594315 0.0578514 0.0577624 0.0579114 0.0578563 0.0575494 0.0571134 0.0566767 0.0563375 0.0562048  8.95457e+07 2.67957e+06 6.54984e+06 1.7656e+06 824805 52522.6 83800.5 60023.5 43732.5 20704.8 9254.11 7343.88 12135.3 2222.93 3104.86 4815.72
437477 437477 0.000452837 0.00474659 0.0437086 0.0550407 0.0385826 0.0290466 0.0261095 0.0253957 0.0253539 0.0254212 0.0253991 0.0252652 0.0250733 0.0248806 0.0247306 0.0246719  3.59286e+07 2.64171e+07 1.30067e+06 2.83119e+06 1.19436e+06 793861 114953 158186 111560 73450 30874.6 14120.8 11151.4 18910.2 3508.8 12246.8
5.85417e+06 5.85417e+06 0.00344505 0.0353525 0.272324 0.325003 0.244735 0.192897 0.176361 0.172555 0.172567 0.173076 0.172926 0.172031 0.170763 0.169497 0.168518 0.168136  2.34419e+07 1.81388e+07 1.38693e+07 930965 2.26113e+06 1.10287e+06 923370 145529 216891 151666 95640 37742 16746.6 13060 22043.5 18243.8
1.75032e+06 1.75032e+06 0.00341271 0.0350752 0.273401 0.32818 0.246213 0.193313 0.176349 0.172328 0.172217 0.172653 0.17246 0.17154 0.17026 0.168989 0.168009 0.167627  3.06063e+06 3.86688e+06 3.02825e+06 1.73882e+06 121522 396438 211897 202381 32026.9 49142.6 33613.6 20370.3 7655.4 3295.5 2530.58 7747.89
655824 655824 0.00140721 0.0146627 0.128169 0.159063 0.113992 0.0869371 0.0784778 0.0764204 0.0763028 0.0764921 0.0764131 0.0760046 0.0754282 0.0748527 0.0744064 0.0742319  4.22177e+07 1.62119e+06 2.06317e+06 1.16773e+06 658917 59478.6 222420 123493 117384 18131 26917.7 17745.9 10368.6 3774.76 1586.02 4852.96
253869 253869 0.000364323 0.0038151 0.0348689 0.0436689 0.030678 0.0231662 0.0208652 0.0203201 0.0203025 0.0203666 0.0203552 0.0202516 0.0201 0.0199466 0.0198268 0.0197797  2.51496e+07 2.10878e+07 1.3133e+06 1.59786e+06 622956 591019 80463.1 297382 139514 148260 24806.1 38488.9 24407.9 13681.1 4798.01 8315.26
6.84907e+06 6.84907e+06 0.00446066 0.0455017 0.334 0.394041 0.302362 0.241041 0.221186 0.216603 0.216609 0.217191 0.216957 0.215813 0.214222 0.212646 0.211432 0.210958  1.85718e+07 1.55846e+07 1.40573e+07 1.18141e+06 1.34345e+06 539432 690671 102711 380746 160408 180637 29586.4 46242.3 28404.3 15521.9 14647.1
1.52919e+06 1.52919e+06 0.00315607 0.0324519 0.254066 0.304604 0.227942 0.178915 0.163309 0.159689 0.159673 0.16014 0.160002 0.159173 0.157997 0.156823 0.155913 0.155558  4.25462e+07 3.22256e+06 2.60212e+06 1.60259e+06 153918 201140 96125 145620 21864 80524.2 31638.8 35691.5 5651.66 8695.51 5218.07 5439.86
943959 943959 0.00147183 0.0153013 0.131331 0.161521 0.116488 0.0893637 0.0809182 0.0789291 0.0788834 0.0791242 0.07907 0.0786643 0.0780783 0.0774885 0.0770293 0.0768495  6.969e+07 2.2537e+07 1.72114e+06 1.01499e+06 612571 75520.4 113045 56190.2 84837.5 12447.8 44397.3 16823.7 18305.3 2808.54 4218.01 5078.54
760513 760513 0.000632586 0.00662288 0.0603564 0.0757723 0.0533498 0.0402702 0.0362309 0.0352501 0.0351939 0.0352869 0.0352555 0.0350693 0.0348032 0.0345361 0.0343284 0.034247  2.46653e+07 2.48418e+07 6.71987e+06 1.23738e+06 641187 598096 157963 157048 62802.7 120598 18438.8 62747.6 21721 24711.6 3773.51 12603.8
3.45471e+06 3.45471e+06 0.00155734 0.0161805 0.13817 0.169673 0.122626 0.0942063 0.0853583 0.0832828 0.0832415 0.0834968 0.0834393 0.0830113 0.0823931 0.0817712 0.0812871 0.0810975  9.9891e+07 1.52502e+07 1.52216e+07 3.68689e+06 1.11691e+06 619495 702037 228508 194678 74104.8 154278 23375.4 76117.2 25052.6 28635.5 18789.2
1.9269e+06 1.9269e+06 0.00258701 0.026748 0.218945 0.266681 0.196314 0.152215 0.138201 0.13482 0.134661 0.134985 0.13483 0.134104 0.133093 0.132089 0.131313 0.131011  4.53453e+06 1.65013e+07 2.63166e+06 2.51577e+06 617323 235576 141263 173531 59797.7 47515.1 17510 36545.7 5366.94 16954.4 5412.35 10169.4
906780 906780 0.00075268 0.007875 0.0713466 0.0894387 0.0631339 0.0477215 0.0429511 0.0417907 0.0417224 0.0418305 0.0417917 0.0415702 0.0412546 0.0409381 0.0406922 0.0405959  5.40485e+07 2.40561e+06 8.936e+06 1.15588e+06 1.12368e+06 338945 143880 88655.9 107994 36291.4 27905.2 9915.46 19959.9 2840.23 8758.48 7901.3
377538 377538 0.000441376 0.00462653 0.0426109 0.0536547 0.0376067 0.028312 0.0254504 0.0247556 0.0247156 0.0247817 0.0247605 0.0246301 0.0244431 0.0242553 0.0241091 0.0240518  3.76215e+07 1.81345e+07 1.06457e+06 3.01923e+06 771146 762995 232899 172350 94593.8 125314 49163 33687.1 11199 23519.2 3428.79 19187
3.93383e+06 3.93383e+06 0.00244744 0.0252617 0.204194 0.246561 0.182103 0.141901 0.12927 0.126375 0.126393 0.126802 0.126722 0.126079 0.125151 0.124218 0.123493 0.123209  1.23299e+08 2.24165e+07 1.08408e+07 769556 1.94783e+06 687876 777356 239070 208655 109767 148894 60260.8 38590.2 12377.1 26091.9 24813.1
3.61269e+06 3.61269e+06 0.00504324 0.0513566 0.371474 0.438274 0.338629 0.270546 0.248135 0.24275 0.242537 0.243026 0.242658 0.241318 0.239511 0.237741 0.236385 0.235859  2.39354e+07 2.01183e+07 4.08835e+06 1.5662e+06 115509 340109 138640 172876 53404.2 47612.8 24137.7 32346.2 12899.4 7919.16 2477.49 10116.1
1.09728e+06 1.09728e+06 0.000789429 0.00825877 0.0747584 0.0937217 0.0661873 0.0500334 0.0450272 0.0438058 0.0437308 0.0438418 0.0437996 0.0435666 0.0432355 0.0429037 0.042646 0.0425451  4.63212e+07 1.26499e+07 1.04908e+07 1.28365e+06 462639 47803.9 168569 72307.7 89951.2 27094.3 23329.3 11380.2 14685.7 5669.19 3395.77 5295.96
773900 773900 0.000625282 0.00654616 0.0596408 0.0748543 0.0527066 0.0397897 0.0358018 0.0348347 0.0347805 0.0348734 0.0348429 0.0346593 0.0343965 0.0341327 0.0339274 0.033847  3.19866e+07 2.02803e+07 4.60329e+06 3.57748e+06 825570 426247 65962.3 148931 84763.7 105082 32933.8 33033.9 15228.3 20015.3 7983.11 11869.5
5.91982e+06 5.91982e+06 0.00313939 0.0323438 0.25703 0.31054 0.231321 0.180689 0.164485 0.160594 0.16043 0.160809 0.160614 0.159747 0.158545 0.157355 0.156437 0.156079  1.04704e+08 2.06353e+07 1.21911e+07 3.03573e+06 2.2513e+06 827202 484726 85730.5 162728 96237.2 123984 38666.4 39311.5 17596.1 22856.7 22590.3
1.44556e+06 1.44556e+06 0.0019483 0.0201887 0.16856 0.205638 0.149976 0.115868 0.105189 0.102692 0.102655 0.10297 0.102897 0.102369 0.101609 0.100846 0.100252 0.100019  5.56009e+06 1.70803e+07 3.58138e+06 1.61278e+06 442760 386031 178079 109846 20057.6 35529.3 20621.1 26488 8047.72 8037.67 3508.68 8978.3
785629 785629 0.000636752 0.00666519 0.0606445 0.0760708 0.0535901 0.0404722 0.0364218 0.0354405 0.0353869 0.0354822 0.0354517 0.0352652 0.0349981 0.0347298 0.034521 0.0344392  1.12343e+07 2.95093e+06 9.29901e+06 1.65555e+06 760796 251029 241420 114399 70090.3 12504.6 21468.5 12028.2 14912.9 4392.15 4282.94 6529.47
402111 402111 0.000479668 0.00502839 0.0463404 0.0584044 0.0409342 0.0308043 0.0276809 0.0269184 0.0268702 0.0269391 0.0269141 0.0267712 0.0265674 0.0263629 0.0262039 0.0261416  5.69792e+07 7.29025e+06 1.49829e+06 3.1833e+06 1.09594e+06 617516 229028 188971 115404 76610.7 15998.7 22860.9 13365.7 16634.8 4979.88 12631.8
3.98785e+06 3.98785e+06 0.00334332 0.0343442 0.266736 0.319266 0.239712 0.18851 0.172174 0.16838 0.168355 0.168833 0.168676 0.167796 0.166554 0.165316 0.164359 0.163985  8.05816e+07 2.84507e+07 5.30207e+06 1.23897e+06 2.03666e+06 1.04764e+06 646713 275012 200185 135842 90747.9 19639.7 25651.5 14749.2 18294.3 19480.5
1.8628e+06 1.8628e+06 0.00277871 0.0286859 0.231857 0.281254 0.208051 0.161855 0.147148 0.143623 0.143482 0.143838 0.143678 0.14291 0.141836 0.14077 0.139945 0.139624  3.81076e+06 1.33495e+07 4.76831e+06 706302 178465 326905 209944 137163 61476.2 42187.6 28971.9 18870.4 4014.64 5002.99 2821.78 7183.85
799108 799108 0.000768602 0.00804384 0.0730365 0.0916905 0.064679 0.0488474 0.0439403 0.0427388 0.0426604 0.0427656 0.0427227 0.0424943 0.0421705 0.0418465 0.0415949 0.0414964  3.27351e+07 2.02082e+06 7.20147e+06 2.02565e+06 302269 95064.6 195238 129228 83813.9 36646.6 24337.2 16114.6 10122.7 2086.65 2538.29 4981.28
195416 195416 0.000235174 0.00246696 0.0228821 0.028836 0.0201425 0.0151434 0.0136111 0.0132423 0.0132241 0.0132623 0.0132528 0.013184 0.0130844 0.012984 0.0129057 0.0128749  3.5524e+07 1.96611e+07 841495 2.91237e+06 1.0772e+06 331731 122676 160473 149926 98608.2 44924 27486.2 19160.2 12166.6 2653.34 9001.34
6.10894e+06 6.10894e+06 0.00379041 0.0385395 0.277055 0.320586 0.246637 0.198542 0.183617 0.180783 0.181439 0.182353 0.182427 0.181627 0.180378 0.179094 0.178085 0.177688  1.34214e+08 2.40287e+07 1.27593e+07 619514 2.21154e+06 930999 392437 162032 170289 178805 116630 54319.4 31143.1 21685.7 13626 13001
2.86139e+06 2.86139e+06 0.00408756 0.041909 0.319887 0.383257 0.290264 0.228777 0.208735 0.203823 0.203526 0.203909 0.203593 0.202459 0.200925 0.199421 0.198268 0.197819  5.85211e+06 2.17302e+07 3.94816e+06 1.29069e+06 66267.3 314803 155247 77088.8 33565.7 32328.8 34681.9 22056.8 10119.9 5571.95 3833.2 4650.61
831436 831436 0.00058549 0.00613045 0.0559282 0.0702045 0.0493998 0.0372818 0.033542 0.0326356 0.0325859 0.032674 0.0326464 0.0324749 0.032229 0.0319818 0.0317895 0.0317141  5.19218e+07 3.09832e+06 1.15257e+07 1.43909e+06 460139 31270.3 171897 88107.2 43468.4 18437.7 17154 17716.1 10854.6 4822.24 2590.92 3874.11
120657 120657 0.000112014 0.00117623 0.0110084 0.0139164 0.00968494 0.00726345 0.00652217 0.00634297 0.00633332 0.0063512 0.00634647 0.00631342 0.00626561 0.00621741 0.00617982 0.00616508  4.41295e+07 2.04867e+07 1.35522e+06 4.1986e+06 1.10338e+06 556890 49138.3 239330 102065 62847.8 27869.9 21511.5 24280 14854.3 6717.89 8873.95
4.11151e+06 4.11151e+06 0.0022869 0.0236689 0.195496 0.238264 0.174652 0.135213 0.122777 0.119827 0.119737 0.120063 0.119951 0.11932 0.118427 0.117535 0.116844 0.116574  2.94169e+07 2.64981e+07 1.21329e+07 1.01713e+06 2.83489e+06 1.06716e+06 640567 69065.8 313906 121728 79994.8 35555.1 25057.2 28416.5 17146.8 17980.8
1.75068e+06 1.75068e+06 0.00233817 0.0242184 0.201207 0.246178 0.180158 0.139156 0.126165 0.123017 0.122853 0.123145 0.123003 0.122339 0.121415 0.120496 0.119785 0.119508  1.43532e+07 5.27736e+06 4.8764e+06 1.78064e+06 166807 518515 229867 149219 17171.9 75668.8 27735 18135.4 7866.15 5288.76 5922.19 7229.13
597244 597244 0.000711414 0.00744286 0.0674151 0.0844466 0.0596037 0.0450666 0.0405739 0.0394866 0.0394283 0.0395346 0.0395006 0.0392928 0.0389953 0.0386966 0.0384642 0.0383732  1.10236e+08 7.61804e+06 2.87054e+06 2.22666e+06 835268 94773.8 324800 147488 94841.3 10641 45377.3 16039 10116.3 4251.99 2790.75 6815.67
1.18783e+06 1.18783e+06 0.00109216 0.0114009 0.101266 0.126201 0.0898273 0.0682447 0.0615343 0.0599072 0.0598175 0.0599718 0.0599145 0.0595965 0.0591448 0.0586926 0.0583415 0.0582042  7.09231e+07 3.68881e+07 2.79535e+06 1.70221e+06 1.18766e+06 617603 100856 243749 151049 108372 13719.8 54781.5 17802.7 11669.5 4946.53 10774.2
4.76591e+06 4.76591e+06 0.00176926 0.0183855 0.157067 0.193516 0.139977 0.107407 0.0971885 0.0947266 0.0946095 0.094852 0.0947563 0.0942521 0.0935406 0.0928303 0.0922798 0.0920647  1.01407e+07 3.6696e+07 2.10307e+07 1.68014e+06 1.36794e+06 1.09785e+06 620731 126001 245635 169525 125755 16808.7 63011.3 19495.9 12827.9 17081.2
2.26161e+06 2.26161e+06 0.00227866 0.0235881 0.195129 0.237986 0.174353 0.134909 0.12246 0.119496 0.119395 0.119715 0.1196 0.118969 0.118078 0.117188 0.116498 0.116229  1.41462e+06 1.72066e+06 6.36582e+06 3.41702e+06 293078 289166 261869 149864 32115.7 57777.9 40037.4 29277.8 3866.79 14001.2 4206.74 6392.55
1.08213e+06 1.08213e+06 0.00152395 0.0158599 0.137235 0.16966 0.122064 0.0933639 0.0843894 0.082226 0.0821221 0.0823369 0.0822579 0.0818222 0.0812046 0.080587 0.0801078 0.0799204  1.32333e+08 750652 934508 2.87362e+06 1.5732e+06 163937 179058 166534 94562 19777.6 34455 23033.1 16250.5 2080.02 7352.63 5465.27
685713 685713 0.000937831 0.00980869 0.0885393 0.111072 0.0785717 0.0594107 0.0534522 0.0519847 0.0518799 0.0519996 0.0519416 0.0516606 0.0512655 0.0508712 0.0505655 0.050446  3.9614e+07 3.45382e+07 494177 608543 1.3519e+06 949699 141798 174574 157373 96296.6 23698.8 34081 24636.1 17579.9 2381.11 13906.1
7.66925e+06 7.66925e+06 0.00431175 0.0440645 0.328074 0.389143 0.297189 0.235967 0.216109 0.211431 0.211334 0.211846 0.211586 0.210449 0.208883 0.207336 0.206147 0.205684  3.52326e+07 2.32977e+07 1.68305e+07 432363 505273 1.16101e+06 960998 166725 204871 186305 111869 29076.3 37677.4 27383.4 19376 17948.2
2.22219e+06 2.22219e+06 0.00358278 0.0367407 0.281413 0.335475 0.253206 0.199807 0.182714 0.17876 0.178755 0.179268 0.179103 0.178171 0.176856 0.175547 0.174534 0.174139  4.40711e+06 6.49949e+06 4.24033e+06 1.91133e+06 56738.6 78579.4 213464 195656 35516.6 42571 38221.6 22143.3 5701.16 7017.63 5036.19 6801.01
1.10874e+06 1.10874e+06 0.00130365 0.0136067 0.12061 0.150606 0.107376 0.08154 0.0734497 0.071447 0.0712965 0.0714511 0.071364 0.0709743 0.0704308 0.0698901 0.0694717 0.0693083  2.49783e+08 2.3329e+06 3.44823e+06 1.55893e+06 679064 26478.4 42559.8 120771 110454 19594.2 22737.4 19681.5 10994.8 2742.4 3294.81 5457.43
1.25928e+06 1.25928e+06 0.00104167 0.010883 0.0973499 0.121701 0.0863973 0.0654954 0.0589907 0.0573986 0.0572958 0.0574344 0.0573741 0.0570661 0.0566315 0.0561972 0.0558604 0.0557286  1.02601e+08 6.51733e+07 1.21802e+06 1.61376e+06 815592 459257 47661.3 59283.6 133780 127864 27134.8 30329 25547.9 14216.8 3793.72 11357.4
1.08691e+07 1.08691e+07 0.00346566 0.035502 0.269921 0.320028 0.241944 0.191506 0.175513 0.171962 0.172113 0.172705 0.172608 0.171746 0.1705 0.169247 0.168274 0.167894  3.57619e+07 4.83587e+07 2.99574e+07 940635 1.2812e+06 783053 478055 66082.9 70196.7 151148 148825 32914.3 35262.2 29047.3 15814.7 16872.4
2.36432e+06 2.36432e+06 0.00199656 0.0207139 0.174554 0.214168 0.155767 0.119935 0.108652 0.105939 0.10582 0.106093 0.105986 0.105423 0.104629 0.103837 0.103224 0.102984  9.23395e+06 5.90794e+06 8.02462e+06 3.43776e+06 127740 217421 159822 102165 15131.2 14940.9 31284.7 30575.9 6683.29 6923.45 5593.39 6203.43
1.01041e+06 1.01041e+06 0.000908005 0.00949275 0.0854089 0.106904 0.0756957 0.0573068 0.0515981 0.0502047 0.0501185 0.0502439 0.050194 0.0499262 0.0495466 0.0491666 0.0488716 0.0487562  1.44435e+08 4.90278e+06 3.22645e+06 3.80099e+06 1.68316e+06 74624.6 139011 104481 66159.3 9558.27 9138.68 18461.4 17409.8 3688.25 3730.15 6243.18
1.19326e+06 1.19326e+06 0.00108436 0.0113267 0.101124 0.126366 0.0897856 0.0680952 0.0613409 0.059687 0.0595792 0.059722 0.0596582 0.0593374 0.0588853 0.0584338 0.0580836 0.0579467  3.0417e+07 4.59917e+07 2.30403e+06 1.42481e+06 1.5738e+06 806878 87428.6 143006 113793 75622.2 13476.6 11361.5 21136.7 20172.3 4592.47 11968.3
5.22119e+06 5.22119e+06 0.00188113 0.0195162 0.164531 0.201583 0.146519 0.112872 0.102328 0.0998304 0.0997561 0.100039 0.099954 0.0994324 0.0986885 0.0979433 0.0973648 0.0971385  1.10824e+08 1.90998e+07 2.38267e+07 1.5198e+06 992649 1.20291e+06 694081 114170 173924 139909 91266.2 16942.2 13197.1 23518.8 22282.2 18421.8
2.17322e+06 2.17322e+06 0.00239545 0.0247801 0.203799 0.248193 0.182267 0.141229 0.128252 0.125159 0.125053 0.125384 0.12526 0.124598 0.123664 0.122733 0.122012 0.12173  7.52011e+06 1.80174e+07 3.2882e+06 3.59321e+06 254674 196087 265365 161553 29207.3 42820.4 33810.2 21359.9 3889.16 2908.28 5049.93 8658.14
1.19597e+06 1.19597e+06 0.000873924 0.00913831 0.0823669 0.103146 0.0729791 0.0552266 0.0497191 0.0483754 0.0482925 0.0484137 0.0483661 0.0481082 0.0477424 0.0473762 0.0470918 0.0469805  6.26614e+07 3.9898e+06 9.76882e+06 1.46198e+06 1.62396e+06 140677 120297 167357 101113 17840 25324.2 19287.6 11755.4 2074.25 1514.23 7006.83
1.12463e+06 1.12463e+06 0.00119051 0.0124336 0.11082 0.138572 0.098563 0.0747547 0.0673187 0.0654829 0.0653482 0.0654931 0.0654155 0.0650593 0.0645613 0.0640654 0.0636814 0.0635313  2.82771e+07 2.15593e+07 1.36941e+06 3.52133e+06 811588 902666 126503 100020 134258 86363.6 21544.3 28198.3 21513.2 13092.1 2434.82 9392.61
5.85974e+06 5.85974e+06 0.00421945 0.0427769 0.300656 0.345894 0.268292 0.21715 0.201229 0.198255 0.199005 0.200008 0.200085 0.199208 0.197844 0.196443 0.195343 0.19491  7.16597e+07 1.72484e+07 1.16678e+07 803393 2.19453e+06 709419 841575 148432 110006 146041 95586.9 26227.4 32547.4 24323.3 14533.4 13031.5
1.30233e+06 1.30233e+06 0.00244397 0.0253097 0.209886 0.256926 0.188225 0.145397 0.131779 0.128448 0.128246 0.128529 0.128366 0.127666 0.126697 0.125737 0.124996 0.124707  8.84011e+06 1.1645e+07 2.8302e+06 1.11247e+06 77752 279705 119509 156503 29950.9 21412.9 27942.8 17996.4 4949.92 5922.62 4337.25 4845.46
1.26118e+06 1.26118e+06 0.00116526 0.0121675 0.10829 0.135247 0.096232 0.0730284 0.0657867 0.0640067 0.0638854 0.0640341 0.063963 0.0636176 0.0631323 0.0626481 0.0622729 0.0621263  2.26685e+08 4.69188e+06 6.33152e+06 1.2863e+06 520023 44131.7 175060 76560 99244 18507.5 12799.8 16103.1 10002.4 2665.71 3113.48 4741.55
2.52827e+06 2.52827e+06 0.00200846 0.0208798 0.178776 0.221299 0.160133 0.122625 0.110744 0.107785 0.107548 0.107754 0.107602 0.107004 0.106182 0.105369 0.104743 0.104499  1.06647e+08 6.01723e+07 1.82618e+06 2.26476e+06 769011 414914 53477.2 176484 91525.6 112938 24875.4 15671.6 19069.9 11937.4 3496.85 9905.51
1.19255e+07 1.19255e+07 0.00391875 0.0401548 0.305375 0.364332 0.276014 0.218002 0.199269 0.194829 0.194707 0.195178 0.19494 0.193892 0.192445 0.191014 0.189912 0.189483  8.84198e+07 4.80644e+07 2.79048e+07 1.10884e+06 1.34662e+06 684370 430246 67427.2 197139 108430 132017 29932.7 17841.4 21127.2 13074.9 14810
3.85587e+06 3.85587e+06 0.00332017 0.0341784 0.269732 0.325497 0.243177 0.190214 0.173187 0.169067 0.168867 0.169244 0.169024 0.168104 0.166837 0.165585 0.16462 0.164244  5.92057e+06 1.43461e+07 7.99284e+06 3.233e+06 144915 218236 137614 92466.3 15297.1 42238.1 23159.7 27492.8 6120.82 3515.45 4072.36 5320.42
1.6041e+06 1.6041e+06 0.00128995 0.0134501 0.118268 0.147 0.105082 0.0800261 0.072207 0.0703067 0.0701992 0.070376 0.0703053 0.0699305 0.0694004 0.0688704 0.0684593 0.0682986  1.57664e+07 3.13754e+06 7.68516e+06 3.18727e+06 1.28301e+06 73423.1 125598 81908 54653.4 8815.18 23537.3 12435.6 14230.8 3068.96 1720.34 4513.79
656287 656287 0.000789092 0.00825094 0.0743736 0.0930221 0.065789 0.0498069 0.0448633 0.0436687 0.0436065 0.0437245 0.0436869 0.0434572 0.0431284 0.0427983 0.0425416 0.042441  3.52733e+07 1.10177e+07 2.28415e+06 2.45233e+06 1.26827e+06 715011 89537.7 124186 99598.3 67317.3 12270.5 29247.9 16084.7 17845.6 4015.69 7840.11
4.23021e+06 4.23021e+06 0.00335047 0.0344303 0.268134 0.321433 0.241149 0.18946 0.172942 0.169073 0.169012 0.16947 0.1693 0.168408 0.167157 0.165912 0.16495 0.164575  6.01036e+07 1.84931e+07 7.58216e+06 1.79216e+06 1.52799e+06 1.03461e+06 700939 118443 147346 124482 83375.2 15574.6 34633.3 18909.2 20514.5 13571.4
1.50166e+06 1.50166e+06 0.00285389 0.029394 0.233357 0.280674 0.208848 0.163398 0.149003 0.145675 0.14567 0.146113 0.146 0.145249 0.144177 0.143104 0.142271 0.141946  7.55685e+06 9.8532e+06 3.21462e+06 979886 250537 253217 208171 152382 27653 32740.7 27447.1 17863.9 3272.2 6991.54 3751.98 6665.34
978714 978714 0.00130547 0.013616 0.120013 0.149399 0.106719 0.0811989 0.0732231 0.0712712 0.0711471 0.071317 0.0712396 0.0708563 0.0703172 0.0697793 0.0693623 0.0691994  9.6788e+06 4.00452e+06 5.28435e+06 1.30149e+06 391768 126690 145523 124151 90541.8 16060.3 18421.5 14898.6 9354.81 1660.55 3463.57 5066.13
575869 575869 0.000930588 0.00972745 0.0874111 0.109371 0.0774842 0.0586804 0.0528417 0.0514171 0.0513294 0.0514576 0.0514064 0.051132 0.0507432 0.0503541 0.050052 0.0499338  6.43011e+07 7.2081e+06 1.5636e+06 1.80487e+06 765542 366824 176448 121816 118112 96348.9 21394.7 22357 18457.2 11511.2 2147.17 10431.6
2.49245e+06 2.49245e+06 0.00227704 0.0236009 0.197141 0.241701 0.176528 0.136148 0.12336 0.120249 0.120073 0.120349 0.120205 0.119553 0.118646 0.117747 0.117051 0.11678  2.68488e+07 3.05768e+07 5.1856e+06 998029 1.15199e+06 773912 417476 229797 135478 137226 113655 26363.5 25927.3 21052.8 12930.9 14025.9
1.90371e+06 1.90371e+06 0.00285881 0.0295158 0.238669 0.289912 0.214506 0.166785 0.151541 0.147846 0.147657 0.147994 0.147811 0.147009 0.145899 0.144799 0.143951 0.14362  4.51916e+07 4.53407e+06 5.31234e+06 804359 164045 221078 183299 101122 57363.5 31877.6 31929.6 25833.8 5887.52 5581.54 4443.36 5609.58
1.22075e+06 1.22075e+06 0.00145236 0.0151345 0.13236 0.164419 0.117835 0.089829 0.0810554 0.0789074 0.0787706 0.0789562 0.0788683 0.0784431 0.0778463 0.0772513 0.0767905 0.0766105  5.64648e+07 2.39665e+07 2.44665e+06 2.25976e+06 345781 87806.6 132502 113080 61871.1 34216.9 18393.4 17758.4 13854.8 3059.07 2830.76 5007.07
1.10055e+06 1.10055e+06 0.0009127 0.00954243 0.0858971 0.107552 0.0761435 0.0576356 0.0518887 0.0504842 0.0503954 0.0505199 0.0504689 0.050199 0.049817 0.0494348 0.0491381 0.049022  3.74437e+07 2.29626e+07 7.03342e+06 1.12223e+06 1.06529e+06 281794 82684.9 100333 130905 71047.5 42586.8 20058.7 19643 15486.5 3599.94 8912.89
5.25716e+06 5.25716e+06 0.00282928 0.0291968 0.235245 0.285087 0.211148 0.164409 0.149531 0.145974 0.145841 0.146205 0.146043 0.145262 0.144172 0.143088 0.142251 0.141925  2.72345e+07 1.93026e+07 1.32138e+07 3.59678e+06 915570 964661 312785 99779.9 106351 161050 84407.6 50657.7 22488.2 21656.9 16844.5 13595.8
1.84907e+06 1.84907e+06 0.00309909 0.0319828 0.257509 0.313128 0.232258 0.18064 0.164037 0.159936 0.15965 0.159955 0.159718 0.15883 0.157619 0.156427 0.15551 0.155154  2.70251e+07 4.58065e+06 3.27793e+06 1.78527e+06 501076 179976 211479 72595.4 23685 23795.8 36897.3 18599.3 10887.6 4651.92 4394.5 6100.93
1.58457e+06 1.58457e+06 0.00221935 0.023018 0.193311 0.237501 0.173108 0.133294 0.120674 0.117583 0.117389 0.117648 0.117501 0.116861 0.115972 0.115091 0.11441 0.114145  1.08442e+08 1.43318e+07 2.46934e+06 1.37904e+06 760920 267484 107652 130045 44212.9 14046.9 13639.9 20374.6 9900.03 5613.43 2340.88 5185.92
1.12778e+06 1.12778e+06 0.00123997 0.0129441 0.114916 0.143486 0.102217 0.07761 0.0699206 0.0680263 0.0678919 0.0680451 0.0679661 0.067597 0.0670804 0.0665657 0.0661671 0.0660114  2.78947e+07 2.89182e+07 4.1857e+06 727891 561283 481551 165961 128157 137963 50300.7 17279.9 14521.7 24390.1 11535.3 6567.22 8675.61
5.02116e+06 5.02116e+06 0.00289928 0.0297754 0.231241 0.275102 0.206119 0.162426 0.148729 0.145746 0.145937 0.146497 0.146455 0.145746 0.144696 0.143634 0.142805 0.14248  4.99616e+07 2.23127e+07 1.41852e+07 2.1309e+06 476022 473686 493732 173595 166279 169185 61260.8 21112.4 16514 27901.3 12891.1 16865.7
2.20192e+06 2.20192e+06 0.00326259 0.0336684 0.270791 0.329844 0.244926 0.190407 0.172771 0.16834 0.167958 0.168224 0.16794 0.166985 0.165702 0.164444 0.163479 0.163105  2.76902e+06 8.67968e+06 4.31408e+06 1.79755e+06 266450 80972.2 93943.6 107362 38330.8 38316 37585.9 13206.8 4441.82 3334.56 5569.08 5839.53
1.36517e+06 1.36517e+06 0.0018627 0.0193713 0.166423 0.205953 0.148757 0.113858 0.102838 0.100115 0.0999192 0.100131 0.100002 0.0994539 0.0986941 0.0979402 0.0973579 0.0971307  1.57685e+07 1.46853e+06 4.67879e+06 1.81032e+06 767255 142783 48567.9 57829.6 65361.6 22700.2 21915.3 20699.9 7009.05 2283.02 1672.65 5621.16
776731 776731 0.00119278 0.0124551 0.110857 0.138516 0.0985693 0.0747921 0.0673665 0.0655367 0.0654066 0.0655548 0.0654791 0.0651238 0.0646261 0.0641301 0.0637459 0.0635958  3.46694e+07 1.80527e+07 706139 1.8391e+06 1.24786e+06 399860 100268 41595.2 57161.2 75298 25222.4 28561.5 25403 8554.49 2849.25 8766.58
4.97871e+06 4.97871e+06 0.00307807 0.0317523 0.254847 0.309278 0.22961 0.178805 0.162511 0.158533 0.158298 0.158629 0.158412 0.157541 0.156346 0.155166 0.154258 0.153904  2.77086e+07 2.22627e+07 1.30033e+07 541809 1.36952e+06 1.43553e+06 401582 111352 49021.3 67508 91166 29919.9 34320.2 29313.7 9716.54 13034.7
1.18793e+06 1.18793e+06 0.00183888 0.019133 0.165034 0.204612 0.14758 0.11282 0.101841 0.0991155 0.0989045 0.0991038 0.0989705 0.0984238 0.0976694 0.0969218 0.0963448 0.0961198  7.78333e+06 4.58761e+06 3.7913e+06 1.78404e+06 87035.6 258439 337846 92584.3 25972.7 11352.9 15204.4 20129.9 6399.54 7203.49 5994.38 4581.75
744053 744053 0.00119082 0.0124346 0.110669 0.138273 0.098397 0.0746631 0.0672513 0.0654254 0.0652961 0.0654444 0.0653692 0.0650146 0.0645178 0.0640227 0.0636391 0.0634893  1.48134e+07 4.13608e+06 2.52358e+06 1.9074e+06 949349 54129.3 173060 229512 62061.8 16949.3 7166.27 9254.4 11819.1 3641.25 4001.26 5773.26
365788 365788 0.000610325 0.00639413 0.0585981 0.0737688 0.051834 0.0390552 0.0351048 0.0341372 0.0340731 0.0341574 0.0341236 0.0339413 0.0336825 0.0334233 0.0332219 0.033143  1.49613e+07 1.5127e+07 1.5326e+06 971100 976005 705986 59289.4 147655 265417 59174.1 17922.1 7755.8 10072.9 13040.8 3963.6 10788.7
3.06399e+06 3.06399e+06 0.00220317 0.0228239 0.189973 0.23222 0.169738 0.131119 0.118939 0.116026 0.115912 0.116215 0.116098 0.115482 0.114615 0.113749 0.113079 0.112817  1.51955e+07 9.33758e+06 1.1388e+07 1.05394e+06 711039 863163 759582 79234.2 171665 339646 70230.1 21325.4 9048.51 11438.5 14617.6 16422.2
774708 774708 0.00181862 0.0189202 0.163077 0.202043 0.145749 0.111461 0.100641 0.097965 0.097768 0.0979724 0.0978454 0.0973077 0.0965634 0.0958251 0.0952548 0.0950323  2.63144e+06 2.61302e+06 1.65002e+06 1.7636e+06 177753 139221 189473 180487 19907.7 40781.9 80966 15979.8 4720.85 1949.07 2408.46 6448.44
572080 572080 0.0013472 0.0140406 0.122978 0.152655 0.109296 0.0833226 0.0752123 0.0732446 0.0731371 0.0733228 0.0732499 0.07286 0.0723082 0.0717567 0.0713287 0.0711614  7.78687e+07 1.39829e+06 1.43699e+06 828493 935168 110207 93014.6 128497 120826 12977.4 25719.1 49240.9 9375.26 2684.15 1081.86 4823.94
556270 556270 0.00096434 0.0100806 0.090592 0.113414 0.0803582 0.0608443 0.054778 0.053292 0.0531946 0.0533231 0.0532673 0.0529813 0.0525775 0.052174 0.0518609 0.0517385  5.1402e+07 2.3949e+07 992482 640970 427006 671333 95878.7 74247.3 110982 121508 15117.8 26089.5 52833.4 9535.56 2781.12 6118.34
3.95405e+06 3.95405e+06 0.00286622 0.0290025 0.202165 0.227721 0.175888 0.143538 0.134211 0.133142 0.134301 0.135423 0.135761 0.135336 0.134501 0.13359 0.132852 0.132558  4.81103e+07 2.5982e+07 1.25552e+07 836888 519926 414313 754791 120647 85889 126755 144153 18676.1 29846.9 59963.3 10541.6 9776.47
1.67749e+06 1.67749e+06 0.00280957 0.0290283 0.236078 0.28745 0.21225 0.164742 0.149551 0.145836 0.145616 0.14593 0.145739 0.144941 0.143843 0.142756 0.141918 0.141592  4.81489e+06 7.91068e+06 4.29343e+06 1.1907e+06 86848.4 69602.2 70822.9 144815 24495.3 16825.5 24375 27516.1 3524.9 5409.89 10698.2 3564
857611 857611 0.00107792 0.0112457 0.0994277 0.123568 0.0880805 0.067021 0.0604799 0.0589082 0.0588383 0.0590023 0.0589537 0.0586456 0.0582041 0.0577607 0.0574159 0.0572808  1.03128e+08 2.55402e+06 4.27647e+06 1.85436e+06 522583 47206.2 42187 44096.6 89335.8 14725 9781.59 13657.6 14866.1 1844.99 2763.9 7167.3
542107 542107 0.000688131 0.00720647 0.0658112 0.0827843 0.0582595 0.0439306 0.0394931 0.0384039 0.0383298 0.0384229 0.0383837 0.038178 0.0378866 0.0375951 0.0373687 0.0372801  4.40878e+07 3.11135e+07 1.07879e+06 1.64331e+06 834420 379041 80088.1 53991.4 58177.6 120039 20574.2 12469.1 17037 18726.4 2450.57 12436.1
3.34855e+06 3.34855e+06 0.00175836 0.0182538 0.154721 0.189783 0.137621 0.105886 0.0959627 0.0936169 0.0935524 0.0938237 0.0937485 0.0932617 0.0925647 0.0918657 0.0913225 0.0911099  2.02631e+07 2.08747e+07 1.58252e+07 779228 1.19988e+06 754961 434811 116408 73026.3 76877.5 154770 26489.1 15228.1 19997.1 21661.5 17096
1.23642e+06 1.23642e+06 0.00185405 0.0192388 0.162447 0.19912 0.144632 0.111364 0.100933 0.0984563 0.098379 0.0986572 0.0985737 0.0980594 0.0973258 0.0965908 0.0960202 0.095797  9.99029e+06 3.36246e+06 3.60382e+06 2.41354e+06 137043 241154 174024 108141 30123.2 18206 18703.7 36482.4 6068.76 3366.23 4314.79 8250.77
697401 697401 0.00116659 0.0121794 0.108255 0.13511 0.0961779 0.0730204 0.0657969 0.0640263 0.0639103 0.0640622 0.0639929 0.0636485 0.0631636 0.0626796 0.0623044 0.0621577  4.77742e+07 5.30432e+06 1.83702e+06 1.71547e+06 1.18492e+06 80039.3 154154 113853 70149.9 19075.7 11169.6 11074.7 20848.3 3361.7 1820.55 6670.97
437483 437483 0.000828267 0.00866616 0.0785113 0.0985294 0.069576 0.0525707 0.0472937 0.0459993 0.0459124 0.0460233 0.0459755 0.0457288 0.04538 0.0450312 0.0447605 0.0446546  2.62934e+07 1.37107e+07 1.80337e+06 632436 636138 549767 66736.3 115122 96127.8 71721 22332 12055.4 11934.5 21953 3601.66 8749.96
3.37631e+06 3.37631e+06 0.00444627 0.0443719 0.279557 0.306163 0.244307 0.204385 0.193172 0.192507 0.194552 0.19634 0.196917 0.196368 0.195213 0.193939 0.192902 0.192487  2.58494e+07 1.25779e+07 7.0498e+06 1.10166e+06 426827 489605 485557 81377.2 128501 110149 85555 27121.4 14006.3 13414.8 24044.4 13406.4
1.63428e+06 1.63428e+06 0.00633237 0.064044 0.438974 0.512227 0.404019 0.326652 0.300554 0.294129 0.293739 0.294175 0.293619 0.291945 0.289748 0.287619 0.286 0.285374  1.65174e+07 4.27293e+06 2.00806e+06 516087 74646.9 42219.3 64740.4 74883.5 14451 22035.6 18894.8 14561.4 4528.4 2260.3 2119.99 5826.59
1.10325e+06 1.10325e+06 0.00271748 0.0281239 0.231781 0.283875 0.208627 0.161235 0.146015 0.142205 0.141897 0.142154 0.14194 0.141147 0.140066 0.139002 0.138183 0.137864  5.46806e+07 8.7152e+06 2.19055e+06 540689 126831 27328.5 19104.2 31079.3 35889.6 6743.67 9913.64 8167.29 6054.84 1821.59 886.846 3058.6
628069 628069 0.000960339 0.0100328 0.0897337 0.112036 0.0795059 0.0602922 0.0543232 0.0528726 0.052791 0.0529285 0.0528794 0.0525996 0.0522012 0.0518019 0.0514916 0.0513702  4.59339e+07 1.85632e+07 3.08253e+06 712023 256937 139391 51455.7 29327.7 40452.7 51687.3 12271.8 16454 13716.4 10477.7 3225 6802.79
3.47973e+06 3.47973e+06 0.00244007 0.0252509 0.208228 0.254113 0.186495 0.144343 0.130977 0.127754 0.127603 0.127915 0.127772 0.127086 0.126128 0.125175 0.124439 0.124152  2.98624e+07 2.39885e+07 1.02042e+07 1.89062e+06 513616 257260 180397 73909.3 39887.4 51976.7 66052.5 16105.2 20544.2 16585 12484.1 11826.6
1.26458e+06 1.26458e+06 0.00203969 0.0211635 0.178445 0.219144 0.159382 0.122654 0.111057 0.108243 0.108097 0.108362 0.108245 0.107666 0.106853 0.106043 0.105416 0.105171  1.11674e+07 5.03314e+06 4.08941e+06 1.48504e+06 303534 101596 59602.3 44907 18655.3 9731.57 12260.3 15173 3617.07 4455.82 3519.97 5085.49
773939 773939 0.0011849 0.0123635 0.10938 0.136199 0.0971114 0.0738358 0.066578 0.0648101 0.0647069 0.0648696 0.064805 0.0644597 0.0639708 0.0634819 0.0631025 0.0629541  3.3906e+07 5.92963e+06 2.74943e+06 1.94008e+06 729761 177943 65107.5 39009.1 29090.9 11783 5949.99 7230.78 8633.66 1994.67 2398.87 4549.25
302521 302521 0.000511316 0.00536054 0.0494232 0.0623346 0.0436876 0.0328641 0.0295212 0.0287008 0.028645 0.0287157 0.0286874 0.0285341 0.0283164 0.0280982 0.0279287 0.0278624  3.84316e+07 1.22247e+07 1.92315e+06 1.00751e+06 828233 413266 157857 56839.5 38768.9 32831.1 14107.6 6870.03 8020.06 9626.54 2276.63 7776.93
3.81592e+06 3.81592e+06 0.00402108 0.0410924 0.306219 0.361983 0.275988 0.219349 0.201177 0.197056 0.197138 0.197735 0.197569 0.196553 0.195114 0.19368 0.192571 0.192138  1.12687e+07 1.75165e+07 6.85919e+06 1.17971e+06 748825 695943 414843 195402 68422.4 47660 40928 17487.3 8212.64 9207.93 10855.4 11283.9
1.52823e+06 1.52823e+06 0.00423637 0.0434614 0.333054 0.400679 0.303314 0.238565 0.217289 0.211923 0.211449 0.211741 0.211348 0.21013 0.208517 0.206946 0.205746 0.205281  8.91184e+06 1.86843e+06 2.91364e+06 763342 136319 117243 127468 84640.3 42396.3 14417.3 9871.92 8277.17 3434.26 1561.19 1707.82 4050.45
757880 757880 0.00211547 0.0219582 0.185647 0.228574 0.166154 0.127701 0.115514 0.112514 0.112314 0.112558 0.112416 0.111802 0.110951 0.110107 0.109455 0.1092  6.79437e+07 4.7195e+06 992635 1.07402e+06 277958 65560.6 64915.6 73066.9 48078.8 23420.6 7685.11 5062.49 4087.69 1641.88 728.275 2635.73
632983 632983 0.00121773 0.0127147 0.113094 0.14131 0.10059 0.0763287 0.0687434 0.0668697 0.0667331 0.0668818 0.0668033 0.0664401 0.065932 0.0654259 0.065034 0.0648809  6.72046e+07 1.90381e+07 1.61776e+06 339417 395964 218858 68029.8 66663.6 72422.3 55344.2 31455.7 9908.89 6522.86 5303.94 2137.31 4322.04
3.6515e+06 3.6515e+06 0.00307249 0.0312121 0.223572 0.25586 0.196362 0.158732 0.147475 0.145717 0.146617 0.147609 0.147832 0.147281 0.14632 0.145302 0.14449 0.144167  4.39021e+07 3.04275e+07 9.48671e+06 981464 253723 328057 240833 86592.1 81582.5 84767.8 66807.5 38727.8 11795.2 7542.8 6034.66 7261.42
1.36176e+06 1.36176e+06 0.00203672 0.0210739 0.173886 0.211058 0.154564 0.119818 0.108939 0.106432 0.10644 0.106793 0.106735 0.106199 0.105417 0.10463 0.104016 0.103776  4.22004e+07 7.88649e+06 4.97739e+06 968572 102123 37226.1 56188.2 46946.2 18117.3 16721.6 16832.2 13162.9 7490.07 2212.91 1384.71 2405.22
1.0946e+06 1.0946e+06 0.00114327 0.0119371 0.106195 0.132555 0.0943169 0.071586 0.0644911 0.0627493 0.0626346 0.0627842 0.0627171 0.0623802 0.0619053 0.0614311 0.0610634 0.0609196  2.07677e+07 2.23875e+07 4.27775e+06 2.23073e+06 437865 56077.2 22727.8 35358.2 29389.7 11091.1 9926.21 9647.76 7283.05 4017.57 1158.93 1948.62
463624 463624 0.000424923 0.00445701 0.0412743 0.0521167 0.0364559 0.0273945 0.0245998 0.0239144 0.0238681 0.0239278 0.0239048 0.0237773 0.023596 0.0234141 0.0232727 0.0232174  2.51001e+07 9.90283e+06 6.6285e+06 1.6482e+06 942005 334460 76783 31022.7 37278.7 38295.8 15396 13145.4 12049.8 9302.06 5161.82 3970.9
4.46665e+06 4.46665e+06 0.0038875 0.039642 0.290953 0.340654 0.260684 0.208348 0.191801 0.188311 0.188667 0.189414 0.189364 0.188456 0.187115 0.18576 0.184704 0.18429  2.28406e+07 1.25702e+07 6.83581e+06 3.65434e+06 1.32317e+06 808738 385468 104699 42063.5 45269.3 47874.9 19452.6 15894.4 13978.6 10670.1 10427.2
1.53873e+06 1.53873e+06 0.0046143 0.0471686 0.351425 0.418672 0.320127 0.253736 0.231899 0.226518 0.226168 0.226556 0.226177 0.224903 0.223198 0.221533 0.220258 0.219764  6.48302e+06 3.73739e+06 2.13998e+06 811904 378454 207819 147008 80429.2 22825.5 9015.55 9203.47 9569.14 3812.27 3013.83 2580 3852.33
798470 798470 0.00214036 0.0222281 0.188681 0.232899 0.169101 0.129777 0.117289 0.114183 0.113942 0.114165 0.114005 0.113374 0.112505 0.111646 0.110984 0.110726  3.89132e+07 3.42986e+06 1.9677e+06 729948 267087 169168 109015 80473.6 43774.9 12097.8 4612.98 4530.97 4536.79 1749.69 1349.64 2827.95
281879 281879 0.000696449 0.00729358 0.066604 0.0837901 0.0589701 0.0444644 0.0399704 0.0388661 0.0387899 0.0388834 0.0388432 0.0386348 0.0383398 0.0380448 0.0378157 0.037726  1.48755e+07 1.16492e+07 1.27769e+06 602936 353286 280234 143079 115904 87113 60016.2 17685.7 6566.36 5897.51 6128.66 2428.58 5658.58
2.62084e+06 2.62084e+06 0.00352975 0.0360005 0.264956 0.309195 0.236022 0.188765 0.174028 0.171082 0.171572 0.172367 0.172397 0.171615 0.170417 0.169192 0.168231 0.167854  2.6096e+07 8.6295e+06 6.14108e+06 861563 420637 358080 357946 169897 147555 107668 76976.7 22505 8111.35 6915.78 7111.44 9317.18
1.10481e+06 1.10481e+06 0.00441379 0.0452574 0.345195 0.415252 0.315045 0.247969 0.225819 0.220173 0.219621 0.21988 0.219442 0.218161 0.216479 0.214846 0.213601 0.213118  2.55708e+06 4.2703e+06 1.48829e+06 679785 99498.7 62421.8 68778.4 75994.9 35610.5 31209.5 22108.6 15594.4 4429.46 1549.04 1283.9 3013.99
828568 828568 0.0027666 0.028634 0.236054 0.289359 0.212696 0.164344 0.148805 0.144901 0.144566 0.144812 0.144582 0.143767 0.142663 0.141577 0.140742 0.140417  4.63263e+06 1.35404e+06 2.26576e+06 541738 244378 47513.4 34377.6 39202.8 42894.7 19534.9 16512 11249.1 7639.44 2100.39 716.665 1951.09
188309 188309 0.000634808 0.00665069 0.0609473 0.0767525 0.0539353 0.0406295 0.0365091 0.0354953 0.0354245 0.03551 0.0354736 0.0352833 0.035014 0.0347444 0.034535 0.0344531  1.07688e+07 7.25589e+06 649546 777604 297233 197392 61938.2 34981.5 46902.1 56753.5 24637 21464.5 14614.6 10213.8 2780.03 3486.22
2.66057e+06 2.66057e+06 0.0042566 0.0434904 0.323302 0.382892 0.29246 0.232373 0.212929 0.208396 0.208355 0.208898 0.208666 0.20756 0.206024 0.204503 0.20333 0.202874  9.1078e+06 7.96655e+06 5.35847e+06 473047 561394 313504 242196 84896.2 44287.9 59983.8 71770.2 29975.2 25587.3 16941 11691.9 7082.45
637678 637678 0.00288138 0.0298077 0.244702 0.299766 0.220757 0.170718 0.154595 0.150528 0.150164 0.150405 0.150157 0.149305 0.148156 0.147028 0.146162 0.145825  2.66899e+06 1.745e+06 1.40039e+06 600899 56240.6 84517.7 62190.4 52487.7 18797.1 9404.84 12481.3 14488.4 5826.01 4841.73 3131.33 3424.63
591975 591975 0.00269152 0.0278641 0.230235 0.282274 0.207261 0.160074 0.14493 0.141136 0.140822 0.141072 0.140856 0.140066 0.138992 0.137934 0.137121 0.136804  2.75585e+07 1.41636e+06 946392 620206 274214 31551.5 52422.1 39410.5 32848.3 11441.3 5529.88 7068.4 7908.56 3080.32 2498.47 3322.94
270498 270498 0.000825662 0.00864067 0.0784118 0.0984918 0.0695067 0.0524846 0.0471963 0.0458933 0.0458009 0.0459086 0.0458592 0.0456122 0.0452637 0.0449156 0.0446455 0.0445398  2.0772e+07 9.18874e+06 851439 489130 494758 265925 39872.5 49360.3 47641.5 43093.3 15517.7 6980.73 8855.13 9836.45 3770.66 7141.01
1.50163e+06 1.50163e+06 0.00179325 0.0186331 0.159049 0.195937 0.14178 0.108803 0.0984463 0.0959461 0.0958234 0.0960666 0.0959683 0.095457 0.0947362 0.0940168 0.0934593 0.0932415  1.57415e+07 1.28898e+07 5.64488e+06 785101 440017 563423 307947 53136.5 58070.7 60778.2 54897.9 19454.5 8391.07 10314.4 11207.6 12257.7
891973 891973 0.00244588 0.0253261 0.2098 0.25668 0.188105 0.145344 0.131743 0.128419 0.128222 0.128509 0.128349 0.127652 0.126684 0.125724 0.124984 0.124695  1.73062e+06 2.7263e+06 2.34972e+06 956050 155181 95964.3 139977 76687.5 13745.2 14203.4 14909.9 13124.5 4506.58 1879.48 2258.93 5055.53
606587 606587 0.00173987 0.0181143 0.157099 0.195072 0.140377 0.107158 0.0966727 0.0940642 0.0938592 0.0940488 0.0939236 0.0934055 0.0926894 0.0919796 0.0914314 0.0912176  3.16306e+07 918486 1.48181e+06 1.06497e+06 445113 87801.2 59910.8 89465.2 48522.2 8475.34 8472.53 8574.83 7279.78 2422.06 986.042 3766.08
437615 437615 0.00129025 0.0134643 0.11918 0.148675 0.106043 0.0805725 0.0726041 0.07064 0.070501 0.0706599 0.0705777 0.0701945 0.0696583 0.0691242 0.0687106 0.068549  2.1617e+07 1.16961e+07 444198 633680 555200 266632 82250.9 56600.1 109339 55312.6 10287.5 9162.75 9651.18 8166.66 2695.28 5187.43
2.67437e+06 2.67437e+06 0.00355266 0.0359639 0.250789 0.284991 0.220811 0.179663 0.167343 0.165497 0.166566 0.167703 0.167958 0.167337 0.166252 0.165104 0.164187 0.163824  8.72925e+06 1.02784e+07 7.41814e+06 343751 470915 521036 281173 103050 67049.1 136774 65903.9 12397.5 10369.1 10843.7 9018.83 8585.43
973051 973051 0.00392485 0.0403375 0.313676 0.3787 0.284995 0.223364 0.203199 0.198118 0.197676 0.197967 0.197613 0.196481 0.194974 0.193503 0.192377 0.19194  3.11228e+06 1.56418e+06 1.69374e+06 783607 37035.1 62344.1 89351.1 53850.3 21049.4 13269.1 27140.7 12580.1 2322.69 1867.6 1924.22 3079.17
754599 754599 0.00368772 0.0379374 0.297473 0.359558 0.269602 0.210932 0.191824 0.187044 0.186664 0.186973 0.186663 0.185608 0.18419 0.182801 0.181736 0.181322  2.57705e+07 1.64891e+06 834680 649569 299394 18397.7 35348.2 52302.5 31216.1 11867.9 7221.27 14214.2 6346.25 1134.48 890.122 2341.03
296410 296410 0.000816338 0.00854121 0.0773732 0.097079 0.0685477 0.051794 0.0465933 0.0453173 0.0452325 0.0453429 0.0452967 0.0450542 0.0447109 0.0443675 0.0441009 0.0439966  2.08026e+07 1.09142e+07 1.46222e+06 329749 257757 249187 27926.7 42214.9 64495.9 37320.2 16043.4 9536.76 19613 8447.62 1527.11 4212.14
3.62282e+06 3.62282e+06 0.00364551 0.0373811 0.286087 0.341191 0.257657 0.203311 0.185875 0.181813 0.181779 0.18228 0.182101 0.181146 0.179805 0.178473 0.177443 0.177041  3.16909e+07 1.83231e+07 7.29455e+06 1.43437e+06 308940 261112 318637 40351.6 54470.7 83594 47730.8 20530.6 11726.5 23675.3 9943.12 6688.59
769781 769781 0.00136929 0.014274 0.125238 0.155656 0.111389 0.0848515 0.0765472 0.0745166 0.0743913 0.0745709 0.0744913 0.0740916 0.0735287 0.072967 0.0725316 0.0723614  3.18123e+07 5.36257e+06 3.64648e+06 961444 217153 57025.7 54434.8 72404.9 9415 12075.8 18209.4 10111.5 4236.04 2339.51 4631.58 3199.18
753002 753002 0.000971793 0.0101523 0.0907902 0.113366 0.0804581 0.0610145 0.0549729 0.0535036 0.0534197 0.0535578 0.0535074 0.0532238 0.0528204 0.0524163 0.0521023 0.0519794  3.55743e+07 1.69118e+07 2.96344e+06 1.91499e+06 536749 139117 39024.1 37739.4 49560.4 6280.5 7799.61 11349.3 6082.34 2470.02 1331.92 4381.96
