1 2 1 1 13.586 54 3970 3.09141
1 3 1 1 27.0172 54 859 1.55457
1 5 1 1 5.56783 54 194 7.54333
1 6 1 1 10.6932 54 5686 3.92772
1 7 1 1 51.278 54 751 0.819065
1 10 1 1 56.2196 54 9560 0.747071
1 11 1 1 5.68434 54 828 7.38871
1 14 1 1 33.8471 54 5977 1.24087
1 15 1 1 4.73511 54 266 8.86991
1 18 1 1 41.1736 54 2823 1.02007
1 19 1 1 37.6871 54 666 1.11444
1 22 1 1 19.0029 54 3124 2.21019
1 23 1 1 6.71261 54 50 6.25688
1 26 1 1 53.4105 54 1955 0.786362
1 27 1 1 10.6945 54 145 3.92727
1 30 1 1 25.5448 54 2521 1.64417
1 31 1 1 16.0016 54 311 2.62474
1 34 1 1 17.8813 54 2694 2.34883
1 35 1 1 20.0632 54 170 2.09339
1 38 1 1 64.9527 54 1064 0.646624
1 39 1 1 12.7987 54 60 3.28159
1 42 1 1 28.9123 54 2576 1.45267
1 43 1 1 6.55506 54 5 6.40726
1 44 3 3 3.27249 54 1 12.8343
1 46 1 1 10.4762 54 3633 4.0091
1 47 1 1 5.59908 54 5 7.50124
1 50 1 1 59.4361 54 6266 0.706641
1 51 1 1 18.0547 54 68 2.32627
1 53 1 1 10.2554 54 276 4.0954
1 54 1 1 108.674 54 2185 0.386477
1 58 1 1 21.0088 54 7160 1.99917
1 62 1 1 18.7264 54 2846 2.24282
1 66 1 1 25.6859 54 1159 1.63514
1 70 1 1 26.446 54 194 1.58814
1 71 1 1 6.4773 54 15 6.48418
1 74 1 1 10.8123 54 1758 3.88446
1 76 1 1 32.9329 54 139 1.27532
1 78 1 1 17.6678 54 5394 2.37721
1 78 3 3 2.40108 54 1 17.4921
1 79 1 1 12.2667 54 284 3.4239
1 82 1 1 45.218 54 4172 0.928834
1 83 1 1 33.6239 54 734 1.24911
1 83 2 2 51.3125 54 100 0.818515
1 84 1 1 0.959645 54 3 43.7662
1 85 3 3 0.0971268 54 2 432.424
1 86 1 1 26.2733 54 1680 1.59858
1 86 2 2 24.1848 54 158 1.73663
1 86 3 3 0.357115 54 1 117.609
1 87 1 1 8.59482 54 40 4.88667
1 90 1 1 12.3672 54 2030 3.39607
1 90 2 2 9.72484 54 100 4.31884
1 91 1 1 35.5939 54 569 1.17998
1 94 1 1 26.7111 54 2326 1.57238
1 94 3 3 3.80427 54 1 11.0402
1 95 1 1 17.9163 54 20 2.34423
1 98 1 1 38.5861 54 5174 1.08848
1 99 1 1 104.249 54 3563 0.402883
1 102 1 1 49.1829 54 17275 0.853955
1 103 1 1 80.5945 54 3730 0.521127
1 106 1 1 52.6051 54 5314 0.798401
1 107 1 1 44.715 54 32 0.939282
1 110 1 1 66.9328 54 4552 0.627495
1 111 1 1 60.3406 54 692 0.696048
1 113 1 1 8.26577 54 4 5.0812
1 114 1 1 35.492 54 21772 1.18337
1 114 2 2 70.4491 54 418 0.596175
1 114 3 3 2.62641 54 7 15.9914
1 115 1 1 49.9049 54 3886 0.841601
1 118 1 1 45.4103 54 26023 0.924901
1 118 2 2 33.8742 54 207 1.23988
1 119 1 1 126.773 54 1429 0.331302
1 120 3 3 0.794618 54 3 52.8556
1 122 1 1 44.0148 54 4936 0.954225
1 123 1 1 81.5779 54 4866 0.514846
1 124 1 1 93.3862 54 1139 0.449745
1 124 3 3 0.115877 54 5 362.452
1 125 3 3 38.1337 54 115 1.10139
1 126 1 1 55.2672 54 6555 0.759944
1 126 2 2 27.1057 54 614 1.54949
1 127 1 1 18.4564 54 1194 2.27564
1 128 1 1 15.1144 54 1407 2.77881
1 129 1 1 8.97289 54 100 4.68077
1 129 3 3 0.21591 54 2 194.525
1 130 1 1 43.8242 54 8511 0.958375
1 130 2 2 87.0121 54 606 0.482691
1 131 1 1 14.4751 54 3350 2.90153
1 132 1 1 5.05795 54 1359 8.30375
1 133 1 1 14.8582 54 65 2.82673
1 134 1 1 68.5254 54 8222 0.612911
1 134 2 2 56.7988 54 1170 0.739452
1 135 1 1 278.022 54 5277 0.151067
1 136 1 1 75.6654 54 1455 0.555076
1 137 1 1 2.2781 54 30 18.4364
1 138 1 1 245.653 54 4376 0.170973
1 138 2 2 84.2733 54 1146 0.498379
1 139 1 1 21.8025 54 2091 1.92638
1 140 1 1 3.54145 54 137 11.8596
1 141 1 1 10.6449 54 84 3.94555
1 142 1 1 74.0299 54 2700 0.567339
1 142 2 2 62.2945 54 508 0.674217
1 143 1 1 73.7964 54 3778 0.569133
1 144 1 1 3.88486 54 85 10.8112
1 146 1 1 33.5995 54 3632 1.25002
1 146 2 2 27.8304 54 300 1.50914
1 147 1 1 125.574 54 2217 0.334463
1 147 2 2 31.189 54 224 1.34663
1 148 1 1 16.4664 54 1017 2.55065
1 149 1 1 24.3903 54 41 1.722
1 150 1 1 69.3913 54 7919 0.605263
1 150 2 2 46.7457 54 3414 0.898478
1 151 1 1 138.472 54 6313 0.303311
1 152 1 1 25.6453 54 3476 1.63773
1 153 1 1 20.8547 54 173 2.01394
1 154 1 1 27.6537 54 17818 1.51878
1 155 1 1 154.78 54 14497 0.271353
1 156 1 1 17.6612 54 3079 2.3781
1 157 1 1 26.4477 54 912 1.58804
1 158 1 1 26.6712 54 12114 1.57473
1 159 1 1 37.2947 54 9998 1.12617
1 160 1 1 11.5897 54 4899 3.6239
1 161 1 1 7.24907 54 67 5.79385
1 162 1 1 23.5325 54 14243 1.78477
1 163 1 1 56.9467 54 16847 0.737532
1 164 1 1 16.7848 54 3786 2.50226
1 165 1 1 22.0162 54 659 1.90768
1 166 1 1 36.0019 54 21464 1.16661
1 167 1 1 47.8514 54 12396 0.877717
1 167 3 3 6.88795 54 3 6.09761
1 168 1 1 28.7302 54 8206 1.46187
1 169 1 1 13.0844 54 16 3.20993
1 170 1 1 53.0692 54 14156 0.79142
1 171 1 1 114.344 54 10871 0.367311
1 172 1 1 23.9423 54 3499 1.75422
1 173 3 3 2.25876 54 1 18.5943
1 174 1 1 65.2909 54 2813 0.643275
1 175 1 1 6.3186 54 25 6.64704
1 176 1 1 20.773 54 45 2.02186
1 176 3 3 5.26419 54 2 7.97843
1 178 1 1 26.2523 54 6216 1.59986
1 179 1 1 50.5278 54 6464 0.831225
1 180 1 1 55.6618 54 874 0.754557
1 182 1 1 70.1547 54 13509 0.598677
1 183 1 1 19.9161 54 3065 2.10885
1 184 1 1 40.6948 54 760 1.03207
1 185 1 1 15.3805 54 89 2.73073
1 186 1 1 38.9822 54 7777 1.07741
1 187 1 1 21.7688 54 3087 1.92936
1 188 1 1 106.605 54 2704 0.393979
2 2 1 4 19.7056 54 2480 2.13137
2 3 1 4 61.75 54 5296 0.680162
2 4 1 4 17.3689 54 499 2.41811
2 6 1 4 12.1469 54 4563 3.45767
2 7 1 4 46.1766 54 5642 0.909551
2 8 1 4 40.7028 54 1425 1.03187
2 10 1 4 25.4061 54 5149 1.65315
2 11 1 4 43.2677 54 4944 0.970701
2 12 1 4 17.9437 54 1010 2.34065
2 12 3 6 0.90482 54 1 46.4181
2 14 1 4 26.894 54 3782 1.56169
2 15 1 4 27.8577 54 2376 1.50766
2 16 1 4 34.7381 54 450 1.20905
2 16 3 6 14.8143 54 13 2.8351
2 17 2 6 14.8578 54 12 2.8268
2 18 1 4 27.0277 54 192 1.55396
2 19 1 4 34.5127 54 4612 1.21694
2 20 1 4 9.28617 54 326 4.52285
2 20 3 6 0.887719 54 2 47.3123
2 22 1 4 19.9491 54 1749 2.10536
2 23 1 4 30.9084 54 3446 1.35885
2 24 1 4 60.2326 54 1207 0.697296
2 24 3 6 8.32834 54 7 5.04302
2 25 3 6 2.94587 54 1 14.2572
2 26 1 4 34.9976 54 3571 1.20008
2 27 1 4 45.7099 54 5790 0.918837
2 27 3 6 2.06207 54 6 20.3679
2 28 1 4 19.8374 54 1494 2.11722
2 29 2 6 16.3186 54 5 2.57375
2 30 1 4 39.5221 54 1000 1.0627
2 31 1 4 45.87 54 2944 0.915632
2 32 1 4 12.4221 54 580 3.38106
2 34 1 4 15.1945 54 2396 2.76415
2 35 1 4 39.3893 54 4728 1.06628
2 36 1 4 20.3492 54 948 2.06397
2 38 1 4 63.4976 54 2378 0.661442
2 39 1 4 59.1693 54 4288 0.709827
2 40 1 4 32.4047 54 1850 1.29611
2 42 1 4 25.8898 54 2909 1.62226
2 43 1 4 38.5845 54 12716 1.08852
2 44 1 4 23.7017 54 1285 1.77203
2 46 1 4 27.3536 54 8558 1.53545
2 47 1 4 30.3677 54 13450 1.38305
2 48 1 4 34.9522 54 2416 1.20164
2 50 1 4 46.4735 54 7592 0.903741
2 51 1 4 44.9207 54 20669 0.93498
2 52 1 4 19.1555 54 2348 2.19258
2 52 3 6 9.18044 54 11 4.57495
2 54 1 4 40.4735 54 4523 1.03772
2 55 1 4 29.4493 54 11310 1.42618
2 56 1 4 23.4644 54 1729 1.78994
2 56 3 6 32.6212 54 21 1.2875
2 58 1 4 28.7729 54 5222 1.45971
2 59 1 4 48.1147 54 10215 0.872915
2 60 1 4 20.0758 54 2244 2.09207
2 60 3 6 2.46223 54 2 17.0577
2 62 1 4 31.7641 54 6600 1.32225
2 63 1 4 25.5024 54 9644 1.64691
2 63 3 6 4.4532 54 4 9.43143
2 64 1 4 25.6066 54 2075 1.6402
2 66 1 4 34.7212 54 2300 1.20963
2 67 1 4 27.4182 54 7980 1.53183
2 67 3 6 1.82557 54 2 23.0065
2 68 1 4 22.2703 54 962 1.88592
2 68 3 6 0.00023879 54 22 175887
2 70 1 4 28.8253 54 3297 1.45705
2 71 1 4 62.5168 54 8678 0.671819
2 72 1 4 21.7242 54 3388 1.93333
2 74 1 4 69.8387 54 5464 0.601385
2 75 1 4 49.3992 54 5910 0.850217
2 76 1 4 44.8012 54 1646 0.937474
2 78 1 4 22.6524 54 7811 1.85411
2 79 1 4 33.8778 54 14481 1.23975
2 79 3 6 12.2839 54 7 3.41911
2 80 1 4 16.9699 54 3615 2.47498
2 80 3 6 2.38981 54 7 17.5746
2 82 1 4 31.2177 54 5030 1.34539
2 83 1 4 34.9889 54 20094 1.20038
2 83 2 5 52.2682 54 974 0.803547
2 84 1 4 25.7246 54 5041 1.63268
2 84 3 6 22.702 54 18 1.85006
2 86 1 4 38.7661 54 9675 1.08342
2 86 2 5 22.5179 54 118 1.86518
2 87 1 4 37.6775 54 15213 1.11472
2 87 2 5 25.5973 54 1107 1.6408
2 88 1 4 18.4701 54 3968 2.27394
2 88 3 6 22.6597 54 27 1.85351
2 90 1 4 47.9521 54 8618 0.875873
2 90 2 5 40.9567 54 239 1.02547
2 91 1 4 41.6389 54 13488 1.00867
2 91 2 5 74.6413 54 1047 0.562692
2 92 1 4 79.8228 54 6403 0.526165
2 92 2 5 21.1538 54 120 1.98546
2 94 1 4 71.5189 54 8642 0.587258
2 95 1 4 50.8893 54 30146 0.825321
2 96 1 4 18.3009 54 6166 2.29497
2 96 3 6 9.75023 54 3 4.30759
2 98 1 4 32.636 54 1864 1.28692
2 99 1 4 52.6832 54 32928 0.797218
2 99 3 6 0.845025 54 2 49.7027
2 100 1 4 63.3474 54 4554 0.663011
2 100 3 6 18.9432 54 5 2.21716
2 102 1 4 57.7208 54 7520 0.727641
2 103 1 4 48.9566 54 29963 0.857902
2 103 3 6 35.0977 54 25 1.19666
2 104 1 4 20.0675 54 13466 2.09294
2 104 3 6 34.8799 54 60 1.20413
2 106 1 4 80.1442 54 10129 0.524056
2 107 1 4 55.4826 54 28715 0.756994
2 107 3 6 11.6872 54 8 3.59366
2 108 1 4 161.772 54 10069 0.259625
2 108 3 6 0.101998 54 5 411.774
2 110 1 4 43.2942 54 6215 0.970108
2 110 3 6 1.64843 54 1 25.4787
2 111 1 4 120.172 54 25165 0.349501
2 111 3 6 0.0998914 54 2 420.457
2 112 1 4 102.504 54 4621 0.409739
2 112 3 6 11.5358 54 6 3.64084
2 114 1 4 54.4889 54 17686 0.770799
2 114 2 5 41.5413 54 2112 1.01104
2 115 1 4 66.5025 54 15945 0.631555
2 115 3 6 4.71608 54 2 8.9057
2 116 1 4 18.5951 54 7007 2.25866
2 116 3 6 2.92668 54 1 14.3508
2 118 1 4 138.061 54 19854 0.304214
2 118 2 5 151.639 54 2679 0.276973
2 119 1 4 58.6877 54 41459 0.715653
2 119 2 5 59.9152 54 5527 0.700991
2 119 3 6 25.8143 54 24 1.62701
2 120 1 4 23.848 54 17917 1.76115
2 120 2 5 58.2451 54 105 0.721091
2 120 3 6 25.1976 54 41 1.66683
2 122 1 4 86.121 54 15179 0.487686
2 122 2 5 41.3419 54 2582 1.01592
2 123 1 4 114.915 54 52821 0.365488
2 123 2 5 43.452 54 6051 0.966584
2 123 3 6 2.07883 54 1 20.2037
2 124 1 4 53.4709 54 11162 0.785474
2 124 3 6 1.22696 54 1 34.2309
2 126 1 4 77.1047 54 21947 0.544714
2 126 2 5 64.1639 54 2165 0.654573
2 127 1 4 52.8998 54 44291 0.793954
2 127 2 5 72.9194 54 7199 0.575979
2 128 1 4 23.3431 54 23050 1.79925
2 128 2 5 24.3189 54 421 1.72705
2 130 1 4 94.2031 54 7949 0.445845
2 130 2 5 43.1754 54 742 0.972776
2 131 1 4 97.6934 54 35127 0.429916
2 131 2 5 91.9705 54 812 0.456668
2 131 3 6 6.86158 54 11 6.12104
2 132 1 4 55.6235 54 20085 0.755076
2 132 3 6 13.241 54 7 3.17197
2 134 1 4 98.1383 54 12097 0.427967
2 134 2 5 81.9475 54 3287 0.512523
2 135 1 4 71.5499 54 42867 0.587003
2 135 2 5 54.6997 54 5968 0.767829
2 136 1 4 25.7283 54 28832 1.63244
2 136 2 5 32.0907 54 224 1.30879
2 138 1 4 86.493 54 1117 0.485588
2 138 2 5 70.3433 54 5721 0.597072
2 139 1 4 90.6074 54 35555 0.463538
2 139 2 5 73.9383 54 7736 0.568041
2 139 3 6 3.44948 54 3 12.1758
2 140 1 4 19.6846 54 13854 2.13365
2 140 3 6 11.559 54 12 3.63355
2 142 1 4 90.333 54 3483 0.464946
2 142 2 5 28.1816 54 1783 1.49033
2 143 1 4 116.282 54 30624 0.361192
2 143 2 5 35.5979 54 1533 1.17984
2 144 1 4 45.8544 54 11235 0.915943
2 146 1 4 60.0162 54 3611 0.699811
2 146 2 5 34.3524 54 9855 1.22262
2 147 1 4 65.856 54 31822 0.637755
2 147 2 5 48.4254 54 5176 0.867314
2 148 1 4 26.6721 54 11552 1.57468
2 150 1 4 99.9501 54 1384 0.42021
2 150 2 5 37.5698 54 1940 1.11792
2 151 1 4 32.7912 54 28929 1.28083
2 151 2 5 89.6731 54 2378 0.468368
2 152 1 4 29.8753 54 11518 1.40584
2 154 1 4 34.6738 54 7225 1.21129
2 154 2 5 36.797 54 101 1.1414
2 155 1 4 73.1073 54 32680 0.574498
2 155 2 5 14.7899 54 399 2.83978
2 156 1 4 33.6449 54 23992 1.24833
2 157 2 6 4.37435 54 2 9.60142
2 158 1 4 44.2897 54 781 0.948303
2 159 1 4 73.0413 54 25078 0.575017
2 159 2 5 80.2391 54 524 0.523436
2 159 3 6 19.4383 54 4 2.16068
2 160 1 4 22.2845 54 19973 1.88472
2 162 1 4 27.4563 54 712 1.5297
2 163 1 4 41.5105 54 29289 1.01179
2 163 3 6 3.56769 54 2 11.7723
2 164 1 4 33.0456 54 16654 1.27097
2 164 3 6 8.39277 54 3 5.00431
2 166 1 4 93.4287 54 3589 0.44954
2 167 1 4 62.3695 54 31787 0.673406
2 167 3 6 41.385 54 25 1.01486
2 168 1 4 37.5589 54 11536 1.11824
2 168 3 6 7.61441 54 2 5.51586
2 169 2 6 2.73973 54 5 15.33
2 170 1 4 103.592 54 2375 0.405436
2 170 2 5 53.2712 54 951 0.788418
2 171 1 4 154.437 54 25077 0.271955
2 171 2 5 91.1279 54 1933 0.460891
2 171 3 6 19.9846 54 17 2.10161
2 172 1 4 76.3931 54 4010 0.549788
2 172 3 6 66.3274 54 57 0.633223
2 173 2 6 7.87274 54 2 5.33487
2 174 1 4 23.15 54 9212 1.81425
2 174 2 5 15.0829 54 105 2.78461
2 174 3 6 2.18834 54 4 19.1927
2 175 1 4 129.953 54 27674 0.323195
2 175 3 6 25.7071 54 62 1.63379
2 176 1 4 98.9605 54 4015 0.424412
2 176 3 6 0.00273121 54 172 15377.8
2 177 2 6 35.7427 54 18 1.17506
2 178 1 4 39.6995 54 7007 1.05795
2 179 1 4 100.823 54 30797 0.416573
2 179 3 6 18.082 54 34 2.32276
2 180 1 4 50.5888 54 11795 0.830223
2 180 3 6 52.2353 54 108 0.804055
2 182 1 4 73.0891 54 3167 0.574641
2 182 3 6 0.33293 54 1 126.153
2 183 1 4 74.9377 54 30403 0.560465
2 183 3 6 9.29859 54 11 4.51681
2 184 1 4 17.7528 54 5468 2.36582
2 184 3 6 3.00162 54 76 13.9924
2 186 1 4 67.5431 54 6616 0.621825
2 187 1 4 48.7723 54 33982 0.861145
2 187 3 6 17.1826 54 8 2.44433
2 188 1 4 26.186 54 10140 1.60391
2 188 3 6 22.5083 54 12 1.86597
3 1 1 7 34.5994 54 4462 1.21389
3 2 1 7 103.965 54 12381 0.403983
3 3 1 7 84.8941 54 7817 0.494734
3 4 1 7 33.8932 54 2502 1.23919
3 4 2 9 3.3016 54 2 12.7211
3 5 1 7 35.4388 54 1239 1.18514
3 6 1 7 67.2753 54 3891 0.6243
3 7 1 7 73.8619 54 4667 0.568629
3 7 2 9 8.35205 54 9 5.0287
3 8 1 7 35.1897 54 1744 1.19353
3 8 3 9 12.6861 54 4 3.31071
3 9 1 7 40.3999 54 1802 1.03961
3 9 2 9 5.36393 54 7 7.83007
3 10 1 7 75.2483 54 4405 0.558152
3 10 3 9 3.8826 54 5 10.8175
3 11 1 7 44.6274 54 2573 0.941126
3 12 1 7 10.9982 54 6734 3.8188
3 12 2 9 10.1095 54 72 4.15449
3 13 1 7 25.6785 54 1308 1.63561
3 14 1 7 53.5658 54 3073 0.784083
3 15 1 7 33.797 54 930 1.24271
3 16 1 7 21.8193 54 1072 1.9249
3 17 1 7 33.1382 54 944 1.26742
3 18 1 7 47.1102 54 1000 0.891527
3 19 1 7 14.318 54 514 2.93338
3 20 1 7 10.3219 54 67 4.06904
3 20 3 9 9.63098 54 4 4.36093
3 21 1 7 25.6597 54 66 1.63681
3 22 1 7 29.9627 54 548 1.40174
3 23 1 7 21.7597 54 110 1.93017
3 24 1 7 38.4897 54 150 1.0912
3 25 1 7 2.02229 54 10 20.7685
3 26 1 7 15.6935 54 263 2.67627
3 27 1 7 24.1714 54 53 1.73759
3 27 2 9 0.475062 54 1 88.4095
3 28 1 7 12.1564 54 255 3.45498
3 28 2 9 2.23917 54 5 18.7569
3 29 1 7 25.2973 54 3576 1.66025
3 30 1 7 60.9684 54 2229 0.688882
3 31 1 7 39.7946 54 1069 1.05542
3 32 1 7 27.9915 54 111 1.50045
3 33 1 7 48.7068 54 411 0.862303
3 34 1 7 22.6833 54 100 1.85158
3 35 1 7 8.03766 54 5 5.2254
3 36 1 7 18.2882 54 113 2.29657
3 37 1 7 26.6855 54 272 1.57389
3 38 1 7 32.1104 54 888 1.30799
3 39 1 7 30.4148 54 145 1.38091
3 40 1 7 23.2569 54 160 1.80592
3 41 1 7 39.8295 54 183 1.0545
3 42 1 7 17.3856 54 562 2.4158
3 43 1 7 42.1421 54 35 0.996627
3 44 1 7 29.9148 54 331 1.40399
3 45 1 7 36.2079 54 405 1.15997
3 46 1 7 21.2278 54 600 1.97854
3 47 1 7 28.1093 54 70 1.49417
3 48 1 7 23.37 54 191 1.79717
3 48 3 9 0.347422 54 1 120.89
3 49 1 7 59.2809 54 497 0.708491
3 50 1 7 23.33 54 132 1.80026
3 50 3 9 0.57783 54 3 72.6857
3 51 1 7 11.456 54 5 3.66621
3 52 1 7 36.4714 54 132 1.15159
3 53 1 7 32.2547 54 205 1.30214
3 54 1 7 46.0911 54 1094 0.911239
3 54 3 9 8.20064 54 2 5.12155
3 55 1 7 30.5187 54 275 1.3762
3 55 3 9 3.40297 54 1 12.3422
3 56 1 7 11.8023 54 100 3.55863
3 57 1 7 14.9764 54 188 2.80441
3 58 1 7 85.4833 54 407 0.491324
3 60 1 7 108.633 54 225 0.386621
3 61 1 7 29.9127 54 518 1.40409
3 62 1 7 9.27037 54 128 4.53056
3 63 1 7 21.2042 54 48 1.98074
3 64 1 7 48.0095 54 150 0.874826
3 65 1 7 40.5483 54 223 1.0358
3 66 1 7 35.3019 54 659 1.18974
3 67 1 7 12.7953 54 86 3.28246
3 68 1 7 28.8008 54 154 1.45829
3 69 1 7 18.8505 54 738 2.22806
3 70 1 7 59.3978 54 1502 0.707097
3 71 1 7 11.8495 54 25 3.54445
3 71 3 9 2.92249 54 2 14.3713
3 72 1 7 51.9675 54 364 0.808197
3 72 3 9 10.0911 54 6 4.16208
3 73 1 7 74.8826 54 293 0.560878
3 74 1 7 79.5855 54 422 0.527734
3 74 3 9 13.433 54 4 3.12662
3 75 1 7 38.9869 54 435 1.07729
3 76 1 7 11.8569 54 160 3.54225
3 77 1 7 14.7821 54 139 2.84128
3 78 1 7 31.845 54 192 1.31889
3 78 2 8 20.5923 54 72 2.0396
3 78 3 9 2.20998 54 2 19.0047
3 79 1 7 23.2682 54 15 1.80504
3 79 3 9 2.87359 54 1 14.6158
3 80 1 7 49.1948 54 298 0.853749
3 80 3 9 4.36232 54 1 9.6279
3 81 1 7 12.4674 54 92 3.36878
3 81 3 9 23.107 54 4 1.81763
3 82 1 7 54.1132 54 898 0.77615
3 82 3 9 20.7377 54 11 2.0253
3 83 1 7 9.02693 54 5 4.65275
3 83 3 9 0.85604 54 3 49.0631
3 84 1 7 62.4339 54 175 0.672711
3 84 3 9 2.70196 54 1 15.5443
3 85 1 7 81.8055 54 428 0.513413
3 86 1 7 79.0298 54 720 0.531445
3 86 3 9 28.5947 54 10 1.4688
3 87 1 7 8.0788 54 7 5.19879
3 87 3 9 3.7925 54 1 11.0745
3 88 1 7 46.3026 54 90 0.907077
3 88 3 9 15.5679 54 7 2.69786
3 89 1 7 29.6948 54 659 1.41439
3 90 1 7 33.1274 54 1182 1.26783
3 91 1 7 30.7733 54 25 1.36482
3 92 1 7 89.0753 54 304 0.471511
3 92 3 9 11.3519 54 5 3.69983
3 93 1 7 13.9296 54 829 3.01517
3 93 3 9 3.09235 54 1 13.5819
3 94 1 7 36.0546 54 948 1.1649
3 94 2 8 17.0631 54 240 2.46145
3 95 1 7 14.0571 54 15 2.9878
3 95 3 9 0.593036 54 1 70.822
3 96 1 7 27.8608 54 212 1.5075
3 96 3 9 2.14274 54 1 19.6011
3 97 1 7 33.7745 54 584 1.24354
3 98 1 7 15.7111 54 280 2.67327
3 98 2 8 18.0895 54 145 2.32179
3 98 3 9 12.6309 54 4 3.32519
3 99 2 8 76.3128 54 1868 0.550366
3 99 3 9 13.5521 54 10 3.09916
3 100 1 7 50.5306 54 97 0.83118
3 100 2 8 22.8369 54 3345 1.83913
3 100 3 9 6.28951 54 10 6.67779
3 101 1 7 54.4685 54 413 0.771088
3 102 1 7 16.9384 54 103 2.47958
3 103 1 7 9.25644 54 57 4.53738
3 103 3 9 9.54549 54 2 4.39999
3 104 1 7 20.6179 54 41 2.03707
3 104 3 9 6.60571 54 10 6.35814
3 105 1 7 15.5323 54 30 2.70405
3 106 1 7 14.6981 54 181 2.85751
3 108 1 7 13.1628 54 60 3.19081
3 109 1 7 44.0991 54 56 0.952401
3 110 1 7 5.21255 54 9 8.05747
3 112 1 7 13.8965 54 99 3.02235
3 113 1 7 9.57994 54 99 4.38416
3 114 1 7 52.9213 54 202 0.793632
3 116 1 7 29.9585 54 48 1.40194
3 116 3 9 4.07544 54 1 10.3056
3 118 1 7 93.1907 54 5977 0.450689
3 119 1 7 11.1386 54 15 3.77067
3 120 1 7 9.42609 54 6 4.45572
3 121 1 7 28.1058 54 4625 1.49435
3 121 3 9 0.0601266 54 1 698.526
3 122 1 7 46.1163 54 4949 0.91074
3 124 1 7 22.3734 54 627 1.87723
3 124 3 9 3.19062e-07 54 4 1.31636e+08
3 125 1 7 35.5927 54 1285 1.18002
3 125 3 9 0.0401119 54 3 1047.07
3 126 1 7 62.9515 54 1296 0.667181
3 126 2 8 82.159 54 780 0.511204
3 128 1 7 53.4407 54 378 0.785918
3 128 3 9 6.02346 54 3 6.97274
3 129 1 7 32.8545 54 3022 1.27836
3 130 1 7 12.1932 54 393 3.44455
3 131 2 8 3.67593 54 282 11.4257
3 132 1 7 21.686 54 414 1.93673
3 133 1 7 111.431 54 3098 0.376914
3 134 1 7 16.9865 54 525 2.47255
3 135 1 7 7.83444 54 361 5.36094
3 136 1 7 11.3663 54 313 3.69515
3 137 1 7 33.3698 54 1603 1.25862
3 137 3 9 13.4731 54 20 3.11732
3 138 1 7 126.55 54 1447 0.331884
3 138 3 9 10.613 54 4 3.95739
3 139 1 7 26.7258 54 76 1.57152
3 140 1 7 17.2771 54 175 2.43097
3 140 2 8 3.67105 54 139 11.4409
3 140 3 9 14.2519 54 7 2.94698
3 141 1 7 80.5273 54 640 0.521562
3 142 1 7 67.2601 54 272 0.624441
3 143 1 7 12.2422 54 282 3.43074
3 144 1 7 18.5829 54 547 2.26014
3 145 1 7 89.7539 54 2342 0.467946
3 146 1 7 107.245 54 630 0.391628
3 147 1 7 16.0283 54 50 2.62036
3 148 1 7 24.0716 54 948 1.74479
3 149 1 7 55.1112 54 7373 0.762095
3 150 1 7 63.3404 54 5092 0.663084
3 151 1 7 60.4612 54 1842 0.694661
3 152 1 7 30.2699 54 166 1.38752
3 153 1 7 47.9253 54 7284 0.876364
3 154 1 7 34.8922 54 2667 1.20371
3 155 1 7 27.0111 54 682 1.55492
3 156 1 7 5.72758 54 243 7.33294
3 157 1 7 59.0365 54 14501 0.711424
3 157 3 9 8.39211 54 7 5.0047
3 158 1 7 15.7084 54 6628 2.67373
3 158 2 8 9.33306 54 8 4.50013
3 159 1 7 12.446 54 1061 3.37458
3 160 3 9 10.9594 54 53 3.83234
3 161 1 7 32.4982 54 10178 1.29238
3 162 1 7 34.8073 54 2135 1.20664
3 162 2 8 14.0462 54 17 2.99012
3 163 1 7 14.4516 54 966 2.90625
3 164 1 7 23.9492 54 1132 1.75371
3 164 2 8 1.69433 54 28 24.7886
3 165 1 7 7.95787 54 10834 5.27779
3 166 1 7 99.1495 54 2765 0.423603
3 166 2 8 22.1297 54 35 1.89791
3 166 3 9 16.4925 54 4 2.54661
3 168 1 7 26.1663 54 502 1.60512
3 169 1 7 13.2794 54 4864 3.1628
3 169 2 8 24.5747 54 58 1.70908
3 169 3 9 21.1495 54 10 1.98586
3 170 1 7 54.2567 54 5051 0.774098
3 170 2 8 12.9589 54 245 3.24102
3 171 3 9 38.7327 54 28 1.08435
3 172 1 7 35.0811 54 620 1.19723
3 172 3 9 21.8631 54 15 1.92105
3 173 1 7 11.0665 54 9440 3.79522
3 173 3 9 18.8652 54 123 2.22632
3 174 1 7 48.6728 54 3587 0.862904
3 174 2 8 11.141 54 199 3.76986
3 174 3 9 11.683 54 144 3.59498
3 175 3 9 5.90123 54 7 7.11716
3 176 1 7 9.93848 54 610 4.226
3 176 3 9 1.60667 54 1 26.141
3 177 1 7 22.1933 54 5029 1.89246
3 177 3 9 38.154 54 63 1.1008
3 178 1 7 49.6289 54 711 0.846282
3 178 2 8 23.1222 54 169 1.81643
3 179 2 8 2.33575 54 104 17.9814
3 179 3 9 13.4013 54 9 3.13402
3 180 1 7 19.5661 54 473 2.14657
3 180 3 9 57.0895 54 37 0.735687
3 181 1 7 27.5305 54 2341 1.52558
3 181 2 8 37.5602 54 38 1.1182
3 181 3 9 24.0588 54 54 1.74572
3 182 1 7 17.2522 54 1273 2.43447
3 182 2 8 16.7733 54 97 2.50398
3 182 3 9 17.8377 54 9 2.35456
3 183 2 8 6.95113 54 40 6.04218
3 183 3 9 1.6548 54 7 25.3807
3 184 1 7 24.3759 54 914 1.72301
3 184 2 8 25.9582 54 20 1.61798
3 185 3 9 14.9524 54 8 2.80892
3 186 2 8 14.6631 54 30 2.86433
3 187 3 9 4.37052 54 2 9.60985
3 188 3 9 19.1898 54 6 2.18867
4 1 1 22 24.7088 54 579 1.6998
4 1 2 23 96.3974 54 195 0.435697
4 2 1 22 22.4232 54 540 1.87306
4 2 2 23 40.3636 54 145 1.04054
4 3 1 22 15.531 54 514 2.70427
4 3 2 23 66.5666 54 56 0.630947
4 4 2 23 41.7915 54 83 1.00499
4 5 2 23 173.621 54 267 0.241907
4 6 2 23 48.8405 54 283 0.859943
4 7 1 22 48.1658 54 3002 0.871988
4 7 2 23 11.8222 54 90 3.55263
4 8 1 22 2.30735 54 234 18.2027
4 8 2 23 150.772 54 936 0.278566
4 9 2 23 59.2636 54 433 0.708698
4 10 1 22 5.02226 54 68 8.36276
4 10 2 23 74.0922 54 253 0.566862
4 11 1 22 34.6093 54 618 1.21355
4 11 2 23 2.80056e-05 54 73 1.4997e+06
4 12 2 23 16.2436 54 370 2.58563
4 13 2 23 97.6164 54 410 0.430256
4 14 1 22 18.5715 54 81 2.26152
4 14 2 23 21.4152 54 271 1.96122
4 15 1 22 55.9677 54 728 0.750432
4 15 2 23 34.5033 54 165 1.21727
4 16 2 23 93.9504 54 463 0.447045
4 17 1 22 15.4322 54 40 2.72158
4 17 2 23 109.066 54 637 0.385089
4 18 2 23 112.217 54 920 0.374274
4 19 1 22 42.6311 54 172 0.985196
4 19 2 23 49.0897 54 54 0.855577
4 20 2 23 51.1166 54 20 0.821651
4 21 2 23 66.0962 54 44 0.635437
4 22 1 22 26.0834 54 20 1.61022
4 22 2 23 100.685 54 365 0.417143
4 23 1 22 18.2201 54 29 2.30515
4 23 2 23 17.9133 54 29 2.34462
4 24 2 23 39.0878 54 65 1.0745
4 25 2 23 83.6165 54 416 0.502293
4 26 1 22 45.4565 54 1785 0.923959
4 26 2 23 130.065 54 870 0.322915
4 27 1 22 20.9108 54 29 2.00853
4 27 2 23 38.6552 54 227 1.08653
4 28 1 22 5.82553 54 15 7.20965
4 28 2 23 42.8879 54 31 0.979298
4 29 1 22 15.2892 54 338 2.74704
4 29 2 23 12.8805 54 105 3.26074
4 30 1 22 38.628 54 1011 1.08729
4 30 2 23 94.48 54 520 0.444538
4 31 2 23 45.0009 54 44 0.933314
4 32 1 22 6.76927 54 230 6.20451
4 32 2 23 66.417 54 130 0.632368
4 33 2 23 150.891 54 325 0.278347
4 34 2 23 161.911 54 236 0.259401
4 35 2 23 33.6821 54 30 1.24695
4 36 2 23 25.2095 54 90 1.66604
4 37 1 22 16.3043 54 5 2.576
4 37 2 23 26.1595 54 355 1.60554
4 38 2 23 125.8 54 440 0.333864
4 39 1 22 46.4285 54 70 0.904617
4 39 2 23 36.7715 54 145 1.14219
4 40 2 23 26.5934 54 113 1.57934
4 41 1 22 27.463 54 45 1.52933
4 41 2 23 69.3381 54 320 0.605728
4 42 1 22 6.51096 54 6 6.45066
4 42 2 23 45.027 54 165 0.932775
4 43 1 22 39.7404 54 54 1.05686
4 43 2 23 21.1515 54 5 1.98567
4 44 2 23 19.649 54 27 2.13751
4 45 1 22 34.8528 54 221 1.20507
4 45 2 23 105.735 54 90 0.397221
4 46 1 22 4.60567 54 94 9.11919
4 46 2 23 43.6679 54 227 0.961805
4 47 1 22 7.08913 54 16 5.92456
4 47 2 23 38.1265 54 114 1.1016
4 48 2 23 60.8512 54 87 0.690208
4 49 1 22 42.7868 54 343 0.981612
4 49 2 23 46.8898 54 113 0.895717
4 50 1 22 38.0366 54 148 1.1042
4 50 2 23 12.5279 54 222 3.35253
4 51 2 23 61.5239 54 81 0.682662
4 52 1 22 5.58731 54 25 7.51703
4 52 2 23 34.2116 54 52 1.22765
4 53 1 22 9.615 54 96 4.36817
4 53 2 23 51.7678 54 67 0.811315
4 54 1 22 40.2879 54 1023 1.0425
4 54 2 23 0.00169911 54 288 24718.9
4 55 1 22 18.6494 54 631 2.25209
4 55 2 23 40.0869 54 76 1.04773
4 56 1 22 75.3452 54 203 0.557435
4 56 2 23 91.8544 54 50 0.457245
4 57 1 22 8.30821 54 35 5.05524
4 57 2 23 53.0689 54 448 0.791424
4 58 2 23 94.5151 54 358 0.444374
4 59 1 22 8.44629 54 13 4.9726
4 59 2 23 90.8873 54 132 0.462111
4 60 1 22 5.68374 54 11 7.3895
4 60 2 23 15.9369 54 15 2.63539
4 61 1 22 79.643 54 108 0.527354
4 61 2 23 58.1644 54 18 0.722092
4 62 1 22 5.25942 54 25 7.98567
4 62 2 23 52.9502 54 95 0.793198
4 63 1 22 29.7083 54 70 1.41375
4 63 2 23 24.0663 54 21 1.74518
4 64 2 23 11.1127 54 34 3.77945
4 65 1 22 8.75391 54 115 4.79785
4 65 2 23 105.98 54 44 0.396301
4 66 1 22 25.1712 54 57 1.66858
4 66 2 23 56.0888 54 580 0.748813
4 67 2 23 54.4096 54 52 0.771923
4 68 1 22 2.14379 54 9 19.5914
4 68 2 23 46.8931 54 85 0.895654
4 69 1 22 13.3431 54 47 3.1477
4 69 2 23 58.9037 54 252 0.713029
4 70 1 22 25.729 54 102 1.6324
4 70 2 23 40.0484 54 388 1.04873
4 71 2 23 26.279 54 31 1.59823
4 72 1 22 8.69129 54 79 4.83242
4 72 2 23 30.078 54 69 1.39637
4 73 1 22 1.00277 54 24 41.8842
4 73 2 23 50.158 54 27 0.837354
4 74 1 22 42.0258 54 248 0.999386
4 74 2 23 18.92 54 33 2.21987
4 75 1 22 4.20229 54 75 9.99454
4 75 2 23 4.93468 54 11 8.51119
4 76 1 22 14.3777 54 23 2.92118
4 76 2 23 69.1047 54 111 0.607773
4 77 1 22 15.6011 54 104 2.69213
4 77 2 23 233.997 54 765 0.17949
4 78 1 22 71.2562 54 83 0.589422
4 78 2 23 39.7499 54 346 1.05661
4 79 2 23 45.0427 54 36 0.932449
4 80 1 22 55.3351 54 70 0.759012
4 80 2 23 44.2244 54 43 0.949702
4 81 2 23 0.000388787 54 159 108028
4 82 1 22 24.9376 54 1034 1.6842
4 82 2 23 69.0665 54 161 0.608109
4 83 2 23 0.629609 54 31 66.7081
4 84 1 22 14.6935 54 25 2.8584
4 84 2 23 83.4283 54 123 0.503427
4 85 1 22 5.95352 54 20 7.05466
4 85 2 23 57.5567 54 2165 0.729715
4 86 1 22 11.0202 54 68 3.81119
4 86 2 23 55.7874 54 272 0.752858
4 87 2 23 0.419388 54 17 100.146
4 88 1 22 18.0623 54 171 2.32528
4 88 2 23 91.2073 54 72 0.460489
4 89 1 22 39.3831 54 110 1.06645
4 89 2 23 186.716 54 437 0.224941
4 90 1 22 23.8227 54 120 1.76302
4 90 2 23 50.3225 54 175 0.834617
4 91 2 23 31.225 54 18 1.34508
4 92 1 22 15.1819 54 45 2.76644
4 92 2 23 89.8392 54 810 0.467502
4 93 1 22 4.75216 54 6 8.83808
4 93 2 23 73.4018 54 3510 0.572193
4 94 1 22 84.8351 54 215 0.495078
4 94 2 23 19.2202 54 125 2.1852
4 95 2 23 14.9544 54 12 2.80855
4 96 1 22 35.9565 54 218 1.16808
4 96 2 23 1.98461e-05 54 32 2.11629e+06
4 97 1 22 22.3423 54 25 1.87984
4 97 2 23 52.0315 54 178 0.807204
4 98 1 22 13.8382 54 145 3.03508
4 98 2 23 27.5457 54 176 1.52474
4 99 2 23 23.1534 54 8 1.81399
4 100 1 22 22.8516 54 229 1.83795
4 100 2 23 45.9278 54 44 0.914479
4 101 1 22 3.18545 54 47 13.185
4 101 2 23 97.6965 54 295 0.429903
4 102 1 22 27.8705 54 45 1.50697
4 102 2 23 70.4237 54 233 0.59639
4 103 2 23 24.4705 54 19 1.71635
4 104 1 22 57.5651 54 275 0.729609
4 104 2 23 67.1 54 40 0.625932
4 105 1 22 25.351 54 1018 1.65674
4 105 2 23 87.3125 54 103 0.481031
4 106 1 22 7.78271 54 14 5.39658
4 106 2 23 41.7124 54 204 1.0069
4 107 2 23 14.7953 54 4 2.83874
4 108 1 22 16.8678 54 491 2.48995
4 108 2 23 52.6813 54 29 0.797247
4 109 1 22 67.2399 54 6476 0.624629
4 109 2 23 95.1945 54 378 0.441202
4 110 1 22 6.44466 54 105 6.51702
4 110 2 23 26.828 54 400 1.56553
4 111 1 23 4.67127 54 1 8.99114
4 112 1 22 22.7726 54 277 1.84432
4 112 2 23 17.192 54 18 2.443
4 113 1 22 23.9614 54 3674 1.75282
4 113 2 23 45.6392 54 190 0.920261
4 114 2 23 50.0292 54 73 0.839509
4 115 2 23 12.9182 54 5 3.25124
4 116 1 22 17.667 54 358 2.37732
4 116 2 23 5.42615e-05 54 56 774030
4 117 2 23 212.104 54 1052 0.198016
4 118 1 22 23.6248 54 3470 1.77779
4 118 2 23 64.7034 54 560 0.649116
4 119 2 23 3.85103 54 2 10.9062
4 120 1 22 21.5469 54 1194 1.94924
4 120 2 23 89.9386 54 58 0.466985
4 121 1 22 21.6447 54 1283 1.94043
4 121 2 23 237.854 54 146 0.176579
4 122 1 22 13.1958 54 3907 3.18283
4 122 2 23 28.5378 54 33 1.47173
4 123 2 23 0.470196 54 17 89.3244
4 124 1 22 32.1078 54 415 1.30809
4 124 2 23 64.2267 54 113 0.653934
4 125 1 22 76.635 54 1400 0.548053
4 125 2 23 120.067 54 3577 0.349803
4 126 1 22 33.3378 54 2466 1.25983
4 126 2 23 36.1005 54 67 1.16342
4 127 1 23 2.94023 54 14 14.2846
4 128 1 22 10.5284 54 234 3.98922
4 128 2 23 41.0002 54 36 1.02438
4 129 1 22 16.1232 54 176 2.60494
4 129 2 23 1.1206 54 27 37.4799
4 130 1 22 13.796 54 104 3.04437
4 130 2 23 76.2579 54 257 0.550763
4 131 2 23 10.5831 54 9 3.96861
4 132 1 22 5.60708 54 250 7.49053
4 132 2 23 57.8149 54 44 0.726457
4 133 2 23 81.6652 54 436 0.514295
4 134 1 22 19.3679 54 149 2.16853
4 134 2 23 2.10039 54 18 19.9963
4 136 1 22 29.8887 54 275 1.40521
4 137 2 23 84.2047 54 98 0.498784
4 138 2 23 11.4037 54 89 3.68301
4 139 2 23 2.12657e-07 54 7 1.97502e+08
4 140 1 22 11.3461 54 183 3.70172
4 140 2 23 92.3692 54 22 0.454697
4 141 1 22 34.2793 54 720 1.22523
4 142 1 22 59.5758 54 329 0.704984
4 144 1 22 86.3526 54 399 0.486378
4 145 1 22 51.7514 54 541 0.811572
4 146 1 22 9.21404 54 84 4.55826
4 148 1 22 6.04169 54 150 6.95169
4 152 1 22 10.2292 54 17 4.1059
4 153 1 22 25.539 54 400 1.64454
4 156 1 22 29.636 54 330 1.4172
4 157 2 23 103.25 54 187 0.406781
4 158 1 22 13.1837 54 208 3.18576
4 158 2 23 89.0796 54 22 0.471488
4 159 1 22 24.0212 54 189 1.74845
4 159 2 23 6.33081 54 5 6.63422
4 160 1 22 16.767 54 629 2.50493
4 160 2 23 31.3678 54 10 1.33895
4 161 2 23 12.6907 54 118 3.30951
4 162 2 23 12.9799 54 70 3.23576
4 163 1 22 24.5244 54 175 1.71258
4 163 2 23 16.7818 54 3 2.5027
4 164 2 23 81.7918 54 586 0.513499
4 165 2 23 54.4767 54 266 0.770972
4 166 2 23 27.1495 54 161 1.54699
4 167 2 23 6.24252 54 7 6.72805
4 168 2 23 2.98259 54 24 14.0817
4 169 2 23 82.2715 54 96 0.510505
4 170 2 23 94.7007 54 36 0.443502
4 171 2 23 18.7083 54 41 2.245
4 172 2 23 22.1215 54 16 1.8986
4 173 1 22 6.51802 54 1394 6.44368
4 173 2 23 113.672 54 251 0.369483
4 174 2 23 88.1783 54 89 0.476308
4 175 2 23 7.64399 54 2 5.49451
4 176 1 22 8.67382 54 50 4.84216
4 176 2 23 42.8437 54 59 0.980307
4 177 1 22 9.38557 54 523 4.47496
4 177 2 23 17.638 54 70 2.38123
4 178 1 22 30.8734 54 1018 1.3604
4 178 2 23 8.81228e-05 54 134 476608
4 179 2 23 41.3227 54 48 1.01639
4 180 1 22 35.2765 54 200 1.19059
4 180 2 23 1.24387 54 60 33.7657
4 181 1 22 23.2906 54 827 1.80331
4 181 2 23 50.1274 54 76 0.837865
4 182 2 23 75.7217 54 45 0.554663
4 183 2 23 211.477 54 1136 0.198603
4 184 1 22 28.827 54 291 1.45697
4 184 2 23 0.000239415 54 190 175427
4 185 2 23 110.612 54 267 0.379704
4 186 2 23 0.000205231 54 79 204648
4 187 2 23 7.11751 54 20 5.90094
5 2 5 17 8.10074 54 7 5.18471
5 3 5 17 10.9433 54 3 3.83798
5 5 7 17 12.3025 54 5 3.41395
5 6 5 17 18.506 54 11 2.26953
5 7 5 17 23.7243 54 34 1.77034
5 8 7 17 13.5798 54 23 3.09282
5 9 7 17 0.000153352 54 104 273880
5 10 5 17 16.2374 54 39 2.58662
5 11 6 17 12.0126 54 11 3.49634
5 12 7 17 19.5437 54 108 2.14903
5 13 7 17 5.35068 54 19 7.84946
5 14 7 17 2.30993 54 117 18.1823
5 15 7 17 4.39087 54 5 9.56531
5 16 7 17 20.7088 54 45 2.02812
5 17 7 17 29.0473 54 80 1.44592
5 20 7 17 8.74361 54 19 4.80351
5 21 7 17 2.38608 54 1 17.6021
5 23 7 17 4.83523 54 4 8.68626
5 27 7 17 3.84131 54 11 10.9338
5 28 7 17 3.82493 54 9 10.9806
5 29 7 17 0.339651 54 1 123.656
5 33 1 10 11.0283 54 126 3.80837
5 33 3 12 26.6763 54 3957 1.57443
5 34 1 10 4.51494 54 7 9.30246
5 34 3 12 16.7314 54 3375 2.51025
5 35 1 10 2.81035 54 25 14.9447
5 35 3 12 18.77 54 3445 2.23761
5 36 1 10 9.13409 54 175 4.59816
5 36 3 12 26.741 54 2391 1.57062
5 37 1 10 6.21492 54 154 6.75793
5 37 3 12 20.1808 54 2556 2.08119
5 38 1 10 7.99053 54 189 5.25622
5 38 3 12 21.087 54 3614 1.99175
5 39 1 10 11.8672 54 100 3.53918
5 39 3 12 27.5135 54 2543 1.52652
5 40 1 10 8.16675 54 95 5.1428
5 40 3 12 44.8508 54 1540 0.936439
5 41 1 10 68.5119 54 235 0.613032
5 41 3 12 45.5633 54 1312 0.921794
5 42 1 10 20.4815 54 411 2.05064
5 42 3 12 110.712 54 2347 0.379364
5 43 1 10 25.3208 54 1102 1.65871
5 43 3 12 160.602 54 1728 0.261516
5 44 1 10 46.9696 54 947 0.894195
5 44 3 12 59.4122 54 3435 0.706925
5 44 6 17 8.18281 54 3 5.13271
5 45 1 10 16.2949 54 724 2.57749
5 45 3 12 41.9627 54 2759 1.00089
5 46 1 10 22.2273 54 362 1.88957
5 46 3 12 61.9549 54 3902 0.677913
5 47 1 10 24.3055 54 162 1.728
5 47 3 12 113.389 54 2286 0.370406
5 48 1 10 32.9194 54 617 1.27584
5 48 3 12 29.554 54 1635 1.42113
5 49 1 10 48.2021 54 1413 0.871332
5 49 3 12 49.8841 54 2152 0.841952
5 50 1 10 57.647 54 658 0.728573
5 50 3 12 74.0752 54 1459 0.566992
5 51 1 10 26.4175 54 1034 1.58985
5 51 3 12 45.7676 54 1032 0.917679
5 52 1 10 27.9754 54 1493 1.50132
5 52 3 12 55.3464 54 1075 0.758857
5 53 1 10 17.0689 54 1218 2.46062
5 53 3 12 31.3661 54 1263 1.33903
5 53 4 13 32.2175 54 1426 1.30364
5 54 1 10 40.6877 54 839 1.03225
5 54 2 11 26.353 54 2040 1.59374
5 54 3 12 52.8228 54 1046 0.795111
5 54 4 13 29.0412 54 738 1.44622
5 55 1 10 43.3371 54 834 0.969147
5 55 2 11 76.4989 54 3208 0.549028
5 55 3 12 76.2589 54 377 0.550755
5 55 4 13 21.4927 54 2659 1.95415
5 56 1 10 32.5236 54 862 1.29137
5 56 2 11 23.9183 54 4235 1.75598
5 56 3 12 23.9536 54 515 1.75339
5 56 4 13 18.7863 54 2555 2.23568
5 57 1 10 11.5063 54 4 3.65017
5 57 4 13 4.77946 54 3677 8.7876
5 58 1 10 25.2142 54 815 1.66573
5 58 3 12 12.3603 54 1890 3.39798
5 58 4 13 26.1107 54 9215 1.60854
5 59 1 10 73.4399 54 810 0.571896
5 59 3 12 24.799 54 1561 1.69362
5 59 4 13 36.7982 54 16489 1.14136
5 60 1 10 83.4541 54 1260 0.503271
5 60 3 12 21.7104 54 2826 1.93456
5 60 4 13 31.8254 54 12907 1.3197
5 61 1 10 57.3752 54 877 0.732023
5 61 3 12 19.2198 54 5114 2.18525
5 61 4 13 22.7204 54 13467 1.84856
5 62 1 10 57.4475 54 1116 0.731102
5 62 2 11 201.846 54 3511 0.20808
5 62 3 12 62.0849 54 884 0.676493
5 62 4 13 18.7983 54 19680 2.23424
5 63 1 10 33.3548 54 1310 1.25919
5 63 2 11 132.344 54 4056 0.317355
5 63 3 12 34.2859 54 651 1.22499
5 63 4 13 62.7636 54 16499 0.669177
5 64 1 10 50.3313 54 1700 0.834471
5 64 2 11 79.8085 54 3816 0.52626
5 64 3 12 38.5746 54 467 1.0888
5 64 4 13 46.4475 54 21384 0.904247
5 66 6 15 8.50578 54 161 4.93782
5 67 5 14 25.271 54 408 1.66198
5 67 6 15 9.1076 54 96 4.61153
5 70 5 14 7.36809 54 111 5.70025
5 71 6 15 20.3585 54 84 2.06302
5 73 4 13 14.0511 54 258 2.98909
5 74 4 13 8.32093 54 619 5.04751
5 75 4 13 2.87288 54 1291 14.6195
5 76 4 13 0.788904 54 1236 53.2384
5 78 5 14 72.898 54 773 0.576148
5 78 6 15 119.237 54 1152 0.352241
5 79 4 13 9.00507 54 755 4.66404
5 80 4 13 3.10415 54 345 13.5303
5 82 3 12 5.95541 54 103 7.05241
5 85 1 10 82.0793 54 14963 0.5117
5 85 3 12 94.9456 54 11961 0.442358
5 86 1 10 52.5035 54 16437 0.799946
5 86 3 12 153.831 54 9969 0.273027
5 87 1 10 62.7314 54 16367 0.669521
5 87 3 12 54.8297 54 10233 0.766009
5 88 1 10 97.707 54 13579 0.429856
5 88 3 12 284.508 54 7450 0.147623
5 89 1 10 48.059 54 16615 0.873926
5 89 3 12 66.4387 54 9794 0.632162
5 90 1 10 102.911 54 16805 0.40812
5 90 3 12 66.1119 54 8121 0.635287
5 91 1 10 130.106 54 13262 0.322814
5 91 3 12 114.89 54 7580 0.365566
5 92 1 10 46.788 54 10947 0.897665
5 92 3 12 82.8479 54 7253 0.506953
5 94 5 14 10.5761 54 46.9155 3.97124
5 99 5 14 93.4295 54 905.681 0.449537
5 99 6 15 65.6197 54 500.874 0.640052
5 100 5 14 17.5487 54 441.75 2.39334
5 101 1 10 22.255 54 1341 1.88722
5 101 3 12 55.7577 54 3829 0.753259
5 101 5 14 15.0003 54 61.4007 2.79994
5 101 6 15 37.1002 54 40.0001 1.13207
5 102 1 10 35.0013 54 1792 1.19996
5 102 3 12 119.394 54 4948 0.351775
5 103 1 10 11.6247 54 2598 3.61299
5 103 3 12 94.2877 54 4751 0.445445
5 104 1 10 14.958 54 759 2.80786
5 104 3 12 41.1062 54 664 1.02174
5 105 1 10 4.98907 54 219 8.4184
5 105 3 12 42.2853 54 1266 0.993253
5 106 1 10 45.1145 54 982 0.930964
5 106 3 12 114.092 54 3552 0.368124
5 107 1 10 28.6644 54 2359 1.46523
5 107 3 12 129.728 54 6106 0.323755
5 108 1 10 19.1971 54 39 2.18783
5 108 3 12 29.4411 54 2329 1.42658
5 109 1 10 78.1423 54 532 0.537481
5 109 3 12 57.1545 54 3491 0.734851
5 109 5 14 4.99149 54 87.9746 8.41432
5 109 6 15 14.3412 54 180 2.92863
5 110 1 10 51.9119 54 132 0.809063
5 110 3 12 38.3139 54 3037 1.09621
5 110 6 15 24.1667 54 336.926 1.73793
5 110 7 17 6.35173e-08 54 1 6.61237e+08
5 111 1 10 22.6725 54 53 1.85246
5 111 3 12 42.764 54 137 0.982134
5 112 1 10 0.322433 54 64 130.259
5 112 3 12 2.45513 54 128 17.1071
5 113 1 10 38.7094 54 674 1.08501
5 113 3 12 94.5359 54 2935 0.444276
5 114 1 10 21.613 54 574 1.94328
5 114 3 12 156.477 54 3780 0.268409
5 114 5 14 17.6843 54 34 2.37498
5 115 1 10 28.5581 54 858 1.47068
5 115 3 12 42.3292 54 4460 0.992223
5 116 1 10 34.0247 54 468 1.2344
5 116 3 12 69.7524 54 3401 0.602129
5 117 1 10 36.2515 54 575 1.15857
5 117 3 12 34.9195 54 4648 1.20277
5 118 1 10 43.6286 54 302 0.962671
5 118 3 12 64.8933 54 6853 0.647216
5 119 1 10 16.0879 54 505 2.61065
5 119 3 12 131.811 54 5094 0.318637
5 120 1 10 8.74951 54 438 4.80027
5 120 3 12 101.558 54 2824 0.413555
5 121 1 10 7.56289 54 340 5.55343
5 121 3 12 66.0551 54 3576 0.635833
5 122 1 10 10.5851 54 268 3.96782
5 122 3 12 68.5769 54 5519 0.612452
5 123 1 10 14.6919 54 256 2.85872
5 123 3 12 14.1291 54 2935 2.97258
5 124 1 10 31.6998 54 345 1.32493
5 124 3 12 37.3296 54 273 1.12511
5 125 1 10 29.3316 54 203 1.4319
5 125 3 12 11.7358 54 1210 3.57879
5 126 1 10 54.947 54 419 0.764373
5 126 3 12 39.0208 54 2806 1.07635
5 126 5 14 26.5879 54 163.608 1.57967
5 126 6 15 97.8077 54 937.36 0.429414
5 127 1 10 57.6928 54 182 0.727993
5 127 3 12 58.3051 54 2378 0.720348
5 127 6 15 77.1948 54 365 0.544078
5 128 1 10 25.915 54 85 1.62068
5 128 3 12 71.9923 54 5386 0.583395
5 129 1 10 0.546184 54 105 76.8972
5 129 3 12 86.9104 54 2872 0.483256
5 130 1 10 9.52921 54 5 4.4075
5 130 3 12 99.3969 54 905 0.422548
5 131 3 12 55.0234 54 1011 0.763312
5 131 5 14 39.5322 54 868.264 1.06242
5 132 1 10 9.03389 54 4 4.64916
5 132 3 12 21.0972 54 1148 1.99078
5 133 1 10 95.8063 54 1890 0.438384
5 133 3 12 42.2921 54 5602 0.993094
5 134 1 10 72.4656 54 896 0.579586
5 134 3 12 79.5751 54 6326 0.527803
5 134 5 14 20.2971 54 320.219 2.06926
5 135 1 10 41.0432 54 1290 1.02331
5 135 3 12 161.781 54 7658 0.25961
5 136 1 10 41.4178 54 1324 1.01406
5 136 3 12 49.6436 54 3929 0.84603
5 136 5 14 40.2014 54 49.5678 1.04474
5 136 8 17 6.36831 54 3 6.59516
5 137 1 10 42.4772 54 1465 0.988765
5 137 3 12 139.25 54 3520 0.301617
5 137 5 14 24.3409 54 68.2079 1.72549
5 137 8 17 2.76954 54 1 15.165
5 138 1 10 78.5482 54 1128 0.534703
5 138 3 12 57.9732 54 6594 0.724473
5 138 5 14 18.5812 54 539.127 2.26034
5 138 6 15 10.4681 54 73.0001 4.01221
5 139 1 10 33.0667 54 1301 1.27016
5 139 3 12 138.888 54 9029 0.302401
5 140 1 10 116.705 54 1736 0.359882
5 140 3 12 68.1612 54 6788 0.616186
5 141 1 10 74.2145 54 1326 0.565927
5 141 3 12 53.9969 54 5030 0.777823
5 142 1 10 21.6678 54 1041 1.93836
5 142 3 12 142.258 54 6059 0.295239
5 142 6 15 22.4941 54 30 1.86715
5 143 1 10 75.891 54 988 0.553426
5 143 3 12 65.6649 54 6914 0.639611
5 144 1 10 111.937 54 1290 0.375212
5 144 3 12 47.5808 54 4145 0.882709
5 144 8 17 0.228984 54 1 183.419
5 145 1 10 56.0001 54 1322 0.749999
5 145 3 12 62.9832 54 4153 0.666845
5 145 8 17 2.53023 54 1 16.5993
5 146 1 10 61.3479 54 890 0.68462
5 146 3 12 69.8345 54 6133 0.601422
5 147 1 10 28.7508 54 999 1.46083
5 147 3 12 73.6666 54 6221 0.570136
5 148 1 10 65.5168 54 1010 0.641056
5 148 3 12 55.2189 54 6611 0.760609
5 149 1 10 70.406 54 2559 0.59654
5 149 3 12 34.2553 54 4645 1.22609
5 150 1 10 157.023 54 1636 0.267477
5 150 3 12 80.0962 54 5894 0.52437
5 151 1 10 63.3097 54 1911 0.663405
5 151 3 12 72.3646 54 1709 0.580394
5 152 1 10 58.6847 54 4312 0.715689
5 152 3 12 30.7973 54 3296 1.36376
5 153 1 10 22.6732 54 2421 1.85241
5 153 2 11 53.5622 54 975 0.784135
5 153 3 12 28.8762 54 2524 1.45448
5 153 4 13 27.1096 54 5606 1.54926
5 153 5 15 127.74 54 62.4888 0.328793
5 153 6 16 2.12626 54 3 19.753
5 154 1 10 81.9865 54 2489 0.51228
5 154 2 11 63.1799 54 293 0.664768
5 154 3 12 21.2147 54 21104 1.97976
5 154 4 13 46.424 54 1851 0.904704
5 154 5 14 36.3373 54 1053.48 1.15584
5 155 1 10 55.6491 54 3306 0.754729
5 155 3 12 46.4188 54 31032 0.904805
5 155 4 13 109.092 54 8295 0.384995
5 156 1 10 84.3282 54 3691 0.498054
5 156 2 11 92.2875 54 268 0.4551
5 156 3 12 62.9187 54 34152 0.667528
5 156 4 13 235.404 54 8919 0.178416
5 156 5 14 10.2974 54 85.652 4.07872
5 157 1 10 118.013 54 3345 0.355894
5 157 2 11 56.8587 54 2866 0.738673
5 157 3 12 82.5601 54 22897 0.50872
5 157 4 13 55.9504 54 2502 0.750665
5 158 1 10 117.752 54 4866 0.356683
5 158 2 11 144.866 54 1545 0.289923
5 158 3 12 47.3645 54 37681 0.886741
5 158 4 13 69.9099 54 1621 0.600774
5 159 1 10 72.8077 54 3866 0.576862
5 159 2 11 81.8922 54 1582 0.512869
5 159 3 12 43.2978 54 32308 0.970026
5 159 4 13 25.6369 54 919 1.63827
5 159 7 16 90.1693 54 2799 0.46579
5 160 1 10 53.4295 54 7075 0.786082
5 160 2 11 46.1158 54 5331 0.910751
5 160 3 12 78.6299 54 20662 0.534148
5 160 4 13 35.044 54 4080 1.19849
5 160 6 16 61.422 54 4812 0.683794
5 161 1 10 50.7743 54 5141 0.82719
5 161 2 11 51.3157 54 1917 0.818463
5 161 3 12 52.5414 54 12789 0.799369
5 161 4 13 168.599 54 5219 0.249112
5 161 7 16 54.2541 54 6269 0.774135
5 161 8 17 8.99541 54 31 4.66905
5 162 1 10 103.702 54 6541 0.405005
5 162 2 11 36.6506 54 558 1.14596
5 162 3 12 40.7807 54 18112 1.0299
5 162 4 13 29.8459 54 186 1.40723
5 162 5 14 54.8241 54 591.123 0.766087
5 162 7 16 187.955 54 9903 0.223458
5 162 8 17 2.3695 54 1 17.7252
5 163 1 10 43.544 54 12605 0.964541
5 163 2 11 71.5724 54 957 0.586818
5 163 3 12 58.3649 54 20045 0.719611
5 163 4 13 138.303 54 5901 0.303681
5 163 5 15 33.7254 54 154.059 1.24535
5 163 6 16 98.404 54 10147 0.426812
5 164 1 10 32.8787 54 7879 1.27742
5 164 2 11 191.059 54 2298 0.219827
5 164 3 12 76.9859 54 35381 0.545555
5 164 4 13 138.125 54 1232 0.304072
5 164 5 14 14.9978 54 519.267 2.80042
5 164 7 16 217.878 54 10422 0.192768
5 165 1 10 19.2788 54 15651 2.17856
5 165 2 11 79.5396 54 2755 0.528039
5 165 3 12 47.1073 54 61525 0.891582
5 165 4 13 154.458 54 2961 0.271918
5 165 5 15 38.6097 54 39.9999 1.08781
5 165 6 16 180.091 54 9995 0.233215
5 166 1 10 36.3476 54 14364 1.15551
5 166 2 11 99.7968 54 1466 0.420855
5 166 3 12 55.3241 54 76078 0.759163
5 166 4 13 157.476 54 4054 0.266708
5 166 5 14 31.8266 54 1638.07 1.31965
5 166 6 15 63.755 54 511 0.658772
5 166 7 16 134.253 54 11227 0.312841
5 166 8 17 14.2849 54 6 2.94016
5 167 1 10 31.967 54 9812 1.31386
5 167 2 11 109.705 54 1039 0.382843
5 167 3 12 106.283 54 32022 0.39517
5 167 4 13 138.944 54 5964 0.302281
5 167 5 15 13.5834 54 139.238 3.09201
5 167 6 16 127.722 54 10684 0.32884
5 167 7 17 9.04091 54 13 4.64555
5 168 1 10 20.3316 54 11604 2.06575
5 168 2 11 63.685 54 1254 0.659496
5 168 3 12 98.4858 54 93684 0.426457
5 168 4 13 59.7661 54 116 0.70274
5 168 5 16 73.9857 54 11233 0.567677
5 168 6 17 3.15944 54 2 13.2935
5 169 1 10 82.218 54 2634 0.510837
5 169 2 11 18.8543 54 440 2.2276
5 169 3 12 107.318 54 135502 0.391359
5 169 4 13 87.5007 54 7276 0.479996
5 169 5 14 31.9301 54 1000 1.31537
5 169 6 15 1.34419 54 84.169 31.2456
5 169 7 16 155.143 54 9564 0.270718
5 170 1 10 110.107 54 8805 0.381447
5 170 2 11 20.3334 54 386 2.06557
5 170 3 12 53.9969 54 240907 0.777822
5 170 4 13 98.3237 54 5821 0.427161
5 170 5 14 74.6038 54 2000 0.562974
5 170 6 15 64.9734 54 1797.25 0.646418
5 170 7 16 153.431 54 24913 0.273739
5 171 1 10 98.9325 54 13650 0.424532
5 171 2 11 26.8989 54 392 1.5614
5 171 3 12 198.68 54 44365 0.211396
5 171 4 13 114.666 54 4294 0.366281
5 171 6 16 135.205 54 22787 0.310639
5 171 7 17 7.5042 54 2 5.59687
5 172 1 10 49.0077 54 10851 0.857008
5 172 2 11 13.2011 54 331 3.18154
5 172 3 12 242.678 54 106916 0.173069
5 172 4 13 115.295 54 5155 0.364284
5 172 6 16 136.165 54 14841 0.30845
5 173 1 10 39.0163 54 6151 1.07647
5 173 2 11 83.2126 54 427 0.504731
5 173 3 12 46.509 54 131732 0.903052
5 173 4 13 45.8718 54 182 0.915595
5 173 7 17 7.29031 54 6 5.76107
5 174 1 10 158.946 54 6401 0.26424
5 174 2 11 44.0505 54 1373 0.953451
5 174 3 12 44.9291 54 123184 0.934805
5 174 4 13 98.3121 54 283 0.427211
5 174 5 14 21.5875 54 1278 1.94557
5 174 8 17 29.2535 54 9 1.43573
5 175 1 10 89.1744 54 9603 0.470987
5 175 2 11 71.3283 54 3251 0.588827
5 175 3 12 188.377 54 33421 0.222957
5 175 4 13 104.86 54 877 0.400533
5 175 6 17 29.808 54 27 1.40902
5 176 1 10 169.564 54 1080 0.247694
5 176 2 11 100.856 54 837 0.416437
5 176 3 12 83.32 54 58244 0.504081
5 176 4 13 14.7226 54 88 2.85276
5 176 5 14 77.647 54 1000 0.54091
5 176 7 17 7.50472 54 6 5.59648
5 177 1 10 84.7913 54 9584 0.495334
5 177 2 11 43.2226 54 365 0.971714
5 177 3 12 137.165 54 48012 0.306201
5 177 4 13 61.3527 54 2940 0.684567
5 177 6 16 136.315 54 25131 0.30811
5 178 1 10 151.441 54 9259 0.277336
5 178 2 11 23.4852 54 279 1.78836
5 178 3 12 164.542 54 43453 0.255254
5 178 4 13 15.5489 54 53 2.70115
5 178 5 14 55.9978 54 1387.52 0.750029
5 178 7 16 114.525 54 27087 0.366731
5 179 1 10 71.1479 54 9165 0.590319
5 179 2 11 48.5621 54 709 0.864872
5 179 3 12 259.231 54 35704 0.162017
5 179 5 14 7.8753 54 139.708 5.33313
5 179 6 15 78.4425 54 507.621 0.535424
5 179 7 16 139.842 54 23577 0.300339
5 179 8 17 2.36329e-05 54 19 1.77718e+06
5 180 1 10 98.1663 54 9522 0.427845
5 180 2 11 153.169 54 532 0.274208
5 180 3 12 307.368 54 64491 0.136644
5 180 4 13 22.1926 54 441 1.89252
5 180 5 14 76.7944 54 1000 0.546915
5 180 7 16 127.109 54 22120 0.330426
5 180 8 17 13.7672 54 17 3.05072
5 181 1 10 214.897 54 8737 0.195443
5 181 2 11 37.5458 54 148 1.11863
5 181 3 12 379.77 54 46894 0.110593
5 181 4 13 118.797 54 3589 0.353545
5 181 5 14 87.5972 54 1276.68 0.479467
5 181 6 15 16.339 54 501.948 2.57054
5 181 7 16 87.9083 54 22321 0.477771
5 181 8 17 22.3414 54 41 1.87992
5 182 1 10 179.938 54 8898 0.233413
5 182 2 11 41.2652 54 624 1.01781
5 182 3 12 508.026 54 49205 0.082673
5 182 4 13 126.921 54 5669 0.330913
5 182 5 14 23.8446 54 611.789 1.7614
5 182 6 15 57.0604 54 1000 0.736063
5 182 7 16 103.154 54 23832 0.407156
5 182 8 17 7.27237 54 28 5.77528
5 183 1 10 109.937 54 14967 0.382036
5 183 2 11 164.972 54 577 0.254589
5 183 3 12 59.8852 54 60411 0.701341
5 183 4 13 110.806 54 2636 0.37904
5 183 5 14 19.5487 54 275.066 2.14848
5 183 6 15 39.1898 54 1960 1.07171
5 183 7 16 92.7944 54 22259 0.452614
5 183 8 17 44.2549 54 26 0.949048
5 184 1 10 74.4542 54 13029 0.564105
5 184 2 11 56.8597 54 106 0.73866
5 184 3 12 106.294 54 139514 0.395129
5 184 4 13 52.8511 54 2612 0.794685
5 184 5 14 104.441 54 1630.28 0.402141
5 184 6 15 43.8408 54 429.076 0.958012
5 184 7 16 86.117 54 21839 0.487709
5 185 1 10 119.895 54 10956 0.350305
5 185 2 11 194.224 54 839 0.216245
5 185 3 12 348.903 54 56723 0.120377
5 185 4 13 132.011 54 1054 0.318156
5 185 5 14 93.2786 54 1000 0.450264
5 185 6 15 43.4457 54 219.988 0.966723
5 185 8 17 6.45906 54 4 6.5025
5 186 1 10 198.691 54 9401 0.211383
5 186 2 11 89.657 54 389 0.468452
5 186 3 12 224.238 54 66287 0.187301
5 186 4 13 76.312 54 2236 0.550372
5 186 5 14 80.1871 54 1468 0.523775
5 186 6 15 53.9492 54 2529.33 0.77851
5 186 8 17 2.99167 54 2 14.039
5 187 1 10 147.665 54 17021 0.284428
5 187 2 11 208.045 54 467 0.20188
5 187 3 12 173.374 54 52164 0.242251
5 187 4 13 105.531 54 4321 0.397986
5 187 5 15 14.5952 54 105.702 2.87767
5 187 7 17 4.31731 54 1 9.72828
5 188 1 10 211.231 54 16407 0.198835
5 188 2 11 83.1224 54 290 0.505279
5 188 3 12 134.556 54 161620 0.312139
5 188 4 13 74.5172 54 2305 0.563629
5 188 5 14 87.1765 54 1080.52 0.481781
5 188 6 15 23.6607 54 388 1.7751
6 1 1 18 28.7098 54 4932 1.46291
6 1 2 21 3.41985 54 9 12.2812
6 2 1 18 25.3352 54 6171 1.65777
6 2 2 21 0.000683652 54 120 61434.8
6 3 1 18 47.5318 54 5603 0.88362
6 3 2 21 37.3939 54 162 1.12318
6 4 1 18 50.5219 54 1828 0.831323
6 4 4 21 37.8513 54 362 1.10961
6 5 4 21 4.58264 54 4 9.16502
6 6 4 21 21.9343 54 25 1.91481
6 7 2 21 52.0432 54 513 0.807021
6 8 1 18 35.2026 54 1628 1.19309
6 8 4 21 44.3476 54 240 0.947063
6 9 1 18 20.5185 54 1513 2.04693
6 9 4 21 12.0942 54 24 3.47274
6 10 1 18 23.9327 54 2389 1.75492
6 10 2 21 14.8496 54 6 2.82836
6 11 1 18 21.9924 54 3614 1.90975
6 11 3 21 0.000741948 54 321 56607.7
6 12 1 18 18.1716 54 2312 2.3113
6 12 4 21 4.19777 54 262 10.0053
6 13 1 18 38.8893 54 2156 1.07999
6 13 4 21 9.13521 54 11 4.5976
6 14 1 18 20.2334 54 4554 2.07578
6 14 3 21 33.8451 54 92 1.24095
6 15 1 18 25.042 54 7052 1.67719
6 15 3 21 16.2093 54 65 2.59111
6 16 1 18 59.679 54 1622 0.703765
6 16 4 21 13.0036 54 263 3.22988
6 17 1 18 60.7461 54 8039 0.691403
6 17 4 21 5.275 54 34 7.96208
6 18 1 18 41.6708 54 11963 1.0079
6 19 1 18 21.3316 54 8039 1.96891
6 19 3 21 65.9155 54 106 0.63718
6 20 1 18 32.036 54 7923 1.31103
6 20 4 21 53.9015 54 149 0.779199
6 21 1 18 27.5324 54 5727 1.52548
6 21 4 21 2.85359 54 2 14.7183
6 22 1 18 21.9591 54 18621 1.91264
6 23 1 18 23.8668 54 42920 1.75977
6 23 4 21 33.7534 54 84 1.24432
6 24 1 18 31.5479 54 11949 1.33131
6 24 4 21 55.8667 54 60 0.751789
6 25 1 18 46.171 54 5651 0.909662
6 26 1 18 34.3641 54 13722 1.22221
6 26 4 21 18.4593 54 32 2.27528
6 27 1 18 101.442 54 19311 0.41403
6 27 3 21 10.1573 54 4 4.13495
6 28 1 18 64.2608 54 13526 0.653587
6 28 3 21 4.68516 54 17 8.96448
6 29 1 18 21.6708 54 2000 1.93809
6 30 1 18 36.2536 54 17499 1.1585
6 31 1 18 17.3583 54 6000 2.41959
6 32 1 18 28.1461 54 6336 1.49221
6 33 1 18 20.9968 54 3998 2.0003
6 34 1 18 65.5044 54 8708 0.641178
6 35 1 18 84.7996 54 6000 0.495285
6 36 1 18 84.5311 54 4002 0.496859
6 51 1 18 46.1608 54 1321 0.909862
6 52 1 18 23.9411 54 1350 1.7543
6 53 1 18 18.5834 54 945 2.26008
6 54 1 18 30.7385 54 2841 1.36637
6 55 1 18 47.1555 54 3193 0.89067
6 56 1 18 43.2198 54 2011 0.971778
6 58 1 18 72.2455 54 1994 0.581351
6 59 1 18 74.8925 54 422 0.560804
6 61 1 18 74.0455 54 641 0.567219
6 62 1 18 104.225 54 998 0.402975
6 63 1 18 51.7482 54 182 0.811623
6 67 1 18 38.5846 54 608 1.08852
6 68 1 18 36.7027 54 188 1.14433
6 68 2 19 59.5189 54 687 0.705659
6 68 3 20 76.2943 54 833 0.5505
6 69 1 18 264.256 54 2401 0.158937
6 69 2 19 42.6561 54 2598 0.984619
6 69 3 20 130.526 54 1680 0.321774
6 70 1 18 112.444 54 755 0.373519
6 70 2 19 33.1338 54 3232 1.26759
6 70 3 20 49.4587 54 1204 0.849193
6 71 1 18 25.0305 54 5056 1.67795
6 71 3 20 38.1955 54 1795 1.09961
6 72 1 18 24.2002 54 596 1.73552
6 72 2 19 10.1678 54 408 4.13069
6 72 3 20 11.8553 54 2345 3.54271
6 73 1 18 91.128 54 6884 0.46089
6 73 2 19 15.9294 54 244 2.63663
6 73 3 20 14.6233 54 187 2.87212
6 74 1 18 108.819 54 8659 0.385961
6 74 2 19 40.1769 54 457 1.04538
6 74 3 20 40.47 54 1056 1.0378
6 75 1 18 65.2775 54 50 0.643407
6 75 2 19 11.788 54 50 3.56294
6 76 1 18 57.732 54 2101 0.727499
6 76 3 20 72.3082 54 635 0.580847
6 77 1 18 94.1196 54 9794 0.446241
6 77 2 19 74.9347 54 1534 0.560488
6 77 3 20 84.9791 54 2658 0.494239
6 78 1 18 8.72069 54 4485 4.81613
6 78 2 19 57.7845 54 1193 0.726839
6 78 3 20 45.5126 54 1484 0.922821
6 79 1 18 23.0758 54 2523 1.82009
6 80 1 18 47.1035 54 6925 0.891654
6 80 3 20 16.1948 54 72 2.59342
6 81 1 18 70.0999 54 783 0.599145
6 81 2 19 24.063 54 271 1.74542
6 81 3 20 45.9468 54 226 0.914101
6 82 1 18 53.9849 54 2446 0.777996
6 83 1 18 15.2269 54 99 2.75828
6 84 1 18 43.1275 54 1173 0.973857
6 85 2 19 28.5722 54 451 1.46996
6 85 3 20 39.6429 54 152 1.05946
6 87 3 20 44.533 54 99.9998 0.943121
6 88 2 19 32.6405 54 472.805 1.28674
6 88 3 20 16.0088 54 249.615 2.62356
6 89 2 19 62.3537 54 535.445 0.673577
6 89 3 20 83.8739 54 166.957 0.500751
6 90 1 18 36.7138 54 38 1.14398
6 90 2 19 111.922 54 679.387 0.37526
6 91 1 18 49.1371 54 927 0.854752
6 91 2 19 2.78616 54 66.3381 15.0745
6 92 1 18 65.5904 54 51 0.640338
6 93 1 18 29.7076 54 254 1.41378
6 93 2 19 21.7841 54 620 1.92801
6 93 3 20 9.90397 54 406 4.24072
6 94 1 18 49.3138 54 850 0.851688
6 94 2 19 44.0459 54 2188.42 0.953551
6 94 3 20 32.8964 54 1074 1.27674
6 95 2 19 43.6475 54 1232 0.962254
6 95 3 20 1.48298 54 1211.82 28.3213
6 96 1 18 22.1698 54 1049 1.89447
6 96 2 19 17.2578 54 485.282 2.43368
6 96 3 20 26.6074 54 1096.2 1.57851
6 96 4 21 12.2905 54 6 3.41728
6 97 2 19 18.0937 54 1787.28 2.32125
6 97 3 20 12.234 54 524 3.43306
6 98 1 18 42.2865 54 3397 0.993226
6 98 2 19 32.1359 54 737.792 1.30695
6 98 3 20 21.4122 54 825.838 1.9615
6 98 4 21 8.55153 54 21 4.9114
6 99 2 19 41.1724 54 1047.07 1.0201
6 99 3 20 28.6342 54 37.7751 1.46678
6 100 1 18 11.7917 54 121 3.56182
6 100 2 19 27.7985 54 1351.26 1.51088
6 101 2 19 27.0171 54 1761.99 1.55457
6 101 3 20 22.5347 54 1603.07 1.86379
6 101 4 21 15.9103 54 5 2.63979
6 102 2 19 39.3608 54 616.063 1.06705
6 103 2 19 41.7967 54 579.289 1.00486
6 104 2 19 24.8341 54 583.834 1.69122
6 104 3 20 11.4824 54 63.454 3.65778
6 104 4 21 5.49184 54 2 7.64771
6 105 2 19 45.9445 54 1073.68 0.914146
6 106 1 18 61.9681 54 1470 0.677768
6 106 2 19 69.4855 54 3198.44 0.604443
6 106 3 20 46.8519 54 962.696 0.896442
6 107 1 18 91.6608 54 14620 0.458211
6 107 2 19 64.6036 54 847.895 0.650119
6 108 1 18 41.5366 54 2238 1.01116
6 108 2 19 37.8117 54 322.241 1.11077
6 109 2 19 43.0774 54 790.034 0.974989
6 109 3 20 42.5085 54 508.258 0.988037
6 110 1 18 61.4972 54 13270 0.682957
6 110 2 19 33.2403 54 1586.18 1.26353
6 110 3 20 22.8533 54 58.55 1.83781
6 111 2 19 32.6285 54 1047.24 1.28722
6 111 3 20 16.4792 54 37.0275 2.54867
6 112 1 18 56.3471 54 3398 0.74538
6 112 2 19 7.10205 54 69.6155 5.91379
6 112 4 21 6.72863 54 2 6.24198
6 113 1 18 121.03 54 3384 0.347021
6 113 2 19 29.7507 54 2295.88 1.41173
6 113 3 20 33.3341 54 1323.83 1.25997
6 114 1 18 97.1022 54 3013 0.432534
6 114 2 19 50.766 54 1826.58 0.827325
6 114 3 20 11.7167 54 1024.6 3.58462
6 114 4 21 26.1924 54 29 1.60352
6 115 1 19 17.2857 54 105.274 2.42976
6 115 2 20 13.7032 54 327.704 3.06498
6 116 1 19 29.7574 54 122.88 1.41141
6 116 3 21 5.7468 54 2 7.30841
6 117 2 19 45.3969 54 944.658 0.925173
6 117 3 20 53.1692 54 380.999 0.789931
6 118 2 19 81.0032 54 995.299 0.518498
6 118 4 21 12.3555 54 7 3.39929
6 119 2 19 79.5467 54 2139.63 0.527992
6 119 4 21 5.72828 54 6 7.33205
6 120 2 19 111.394 54 2379.96 0.377041
6 120 3 20 93.6351 54 2951.55 0.44855
6 120 4 21 8.21126 54 6 5.11493
6 121 1 18 117.062 54 4368 0.358785
6 121 2 19 51.0667 54 3748.78 0.822453
6 121 3 20 27.699 54 384.839 1.5163
6 121 4 21 5.63574 54 2 7.45243
6 122 1 18 64.1408 54 16024 0.65481
6 122 2 19 75.3566 54 3453.88 0.55735
6 122 3 20 25.208 54 1141.42 1.66614
6 122 4 21 24.5486 54 9 1.71089
6 123 1 18 48.1638 54 7216 0.872025
6 123 2 19 71.3078 54 3000 0.588996
6 123 3 20 18.1554 54 630.412 2.31337
6 123 4 21 23.7307 54 16 1.76986
6 124 1 18 83.9892 54 9210 0.500064
6 124 2 19 115.472 54 4437.27 0.363723
6 124 3 20 45.5861 54 605.348 0.921333
6 124 4 21 83.8452 54 30 0.500923
6 125 1 18 41.7528 54 12042 1.00592
6 125 2 19 128.27 54 5283.51 0.327435
6 125 3 20 21.3338 54 2420.23 1.96871
6 125 4 21 1.63724 54 15 25.6529
6 126 1 18 94.082 54 5489 0.446419
6 126 2 19 152.281 54 2788.3 0.275806
6 126 3 20 105.748 54 2152 0.397169
6 126 4 21 23.814 54 13 1.76367
6 127 1 18 82.7022 54 20238 0.507846
6 127 2 19 25.4241 54 2174.77 1.65198
6 127 3 20 56.9629 54 199.336 0.737322
6 127 4 21 78.0249 54 34 0.53829
6 128 2 19 33.355 54 1651.18 1.25918
6 128 3 20 43.7438 54 498.421 0.960135
6 128 4 21 7.42411e-05 54 54 565725
6 129 2 19 44.455 54 4000 0.944777
6 129 3 20 15.1858 54 675.047 2.76575
6 129 4 21 7.89292 54 3 5.32123
6 130 2 19 53.122 54 3865.4 0.790632
6 130 3 20 4.95998 54 402.887 8.46778
6 130 4 21 22.4423 54 70 1.87147
6 131 2 19 81.8428 54 2947.03 0.513179
6 131 3 20 27.9534 54 819.233 1.5025
6 131 4 21 35.7309 54 43 1.17545
6 132 2 19 53.9863 54 4134.58 0.777975
6 132 3 20 32.0419 54 2486.48 1.31079
6 132 4 21 2.71495 54 6 15.4699
6 133 1 18 38.597 54 784 1.08817
6 133 2 19 44.9609 54 3579.6 0.934144
6 133 3 20 47.5921 54 2168.15 0.8825
6 133 4 21 1.89052e-08 54 1 2.22162e+09
6 134 2 19 57.6544 54 4000 0.728479
6 134 3 20 42.0064 54 704.236 0.999847
6 134 4 21 3.9472 54 3 10.6404
6 135 2 19 104.646 54 3675.5 0.401355
6 135 3 20 56.4847 54 2143.76 0.743565
6 135 4 21 40.0406 54 105 1.04894
6 136 2 19 91.8718 54 4516.86 0.457159
6 136 3 20 23.3059 54 2764.69 1.80212
6 136 4 21 28.4975 54 77 1.47381
6 137 2 19 42.5651 54 4954.12 0.986724
6 137 3 20 19.8398 54 2340.49 2.11695
6 137 4 21 1.43939 54 9 29.1791
6 138 2 19 130.507 54 4827.01 0.321822
6 138 3 20 44.2462 54 2978.39 0.949233
6 138 4 21 1.85676e-05 54 233 2.262e+06
6 139 1 18 41.0951 54 3107 1.02202
6 139 2 19 44.7649 54 3000 0.938235
6 139 3 20 34.395 54 550.041 1.22111
6 139 4 21 13.8592 54 4 3.03047
6 140 2 19 75.0299 54 4128.69 0.559777
6 140 3 20 39.5602 54 2629.92 1.06167
6 140 4 21 61.8879 54 71 0.678646
6 141 2 19 86.4057 54 4231.28 0.486079
6 141 3 20 75.9805 54 3839.53 0.552773
6 141 4 21 25.6203 54 45 1.63932
6 142 2 19 54.9442 54 3561.66 0.764412
6 142 3 20 77.5103 54 3205.2 0.541864
6 142 4 21 45.4277 54 22 0.924545
6 143 2 19 62.2549 54 3637.14 0.674645
6 143 3 20 49.0778 54 1043.96 0.855785
6 144 2 19 140.573 54 3262 0.298777
6 144 3 20 75.6642 54 2953.01 0.555084
6 144 4 21 3.38491 54 3 12.408
6 145 2 19 93.5196 54 3488.12 0.449104
6 145 3 20 47.752 54 2716.3 0.879545
6 146 2 19 90.3102 54 4653.01 0.465064
6 146 3 20 94.6127 54 3565.18 0.443915
6 146 4 21 9.40995e-05 54 89 446336
6 147 2 19 64.0639 54 3225.09 0.655596
6 147 3 20 11.1343 54 1001.38 3.77214
6 147 4 21 14.3381 54 10 2.92926
6 148 2 19 101.263 54 3999.04 0.414763
6 148 3 20 23.8589 54 3119.29 1.76035
6 148 4 21 16.753 54 24 2.50702
6 149 2 19 47.7445 54 4967.21 0.879682
6 149 3 20 89.3531 54 2584.74 0.470045
6 149 4 21 15.7334 54 26 2.66948
6 150 1 19 62.8358 54 4732.4 0.668409
6 150 2 20 45.5951 54 3480.33 0.921151
6 151 1 19 34.5427 54 3000 1.21589
6 151 2 20 14.2789 54 1745.17 2.9414
6 151 3 21 13.3821 54 22 3.13852
6 152 1 19 66.7225 54 3761.93 0.629473
6 152 2 20 42.0831 54 2943.72 0.998024
6 152 3 21 19.2573 54 63 2.18099
6 153 1 19 83.3139 54 5208.12 0.504118
6 153 2 20 81.068 54 5732.16 0.518083
6 153 3 21 7.38938 54 7 5.68383
6 154 1 19 95.6101 54 4114.28 0.439284
6 154 2 20 81.1866 54 4180.52 0.517327
6 155 1 19 75.4317 54 2513.3 0.556795
6 155 2 20 134.072 54 3979.96 0.313264
6 155 3 21 16.6948 54 27 2.51576
6 156 1 19 226.855 54 5959.58 0.18514
6 156 2 20 266.127 54 5935.76 0.157819
6 156 3 21 12.4743 54 29 3.36692
6 157 2 19 297.732 54 5593.17 0.141067
6 157 3 20 243.526 54 5211.89 0.172466
6 157 4 21 32.9916 54 71 1.27305
6 158 2 19 95.4605 54 5050.8 0.439973
6 158 3 20 85.6214 54 3447.67 0.490532
6 158 4 21 11.1939 54 22 3.75205
6 159 2 19 57.1037 54 3988.31 0.735504
6 159 3 20 66.206 54 3788.58 0.634383
6 159 4 21 6.55444e-05 54 32 640787
6 160 2 19 284.335 54 6950.19 0.147713
6 160 3 20 188.458 54 6812.19 0.222861
6 160 4 21 9.02184 54 127 4.65537
6 161 2 19 84.0756 54 5346.6 0.499551
6 161 3 20 202.205 54 5294.54 0.20771
6 161 4 21 27.5558 54 16 1.52418
6 162 2 19 113.554 54 5000 0.369868
6 162 3 20 86.4655 54 3641.54 0.485743
6 162 4 21 0.00423744 54 249 9911.64
6 163 2 19 375.046 54 4125.7 0.111986
6 163 3 20 142.086 54 3039.44 0.295596
6 163 4 21 19.6281 54 74 2.13979
6 164 2 19 102.059 54 5858.86 0.411528
6 164 3 20 110.958 54 6910.93 0.378523
6 164 4 21 22.1817 54 48 1.89345
6 165 2 19 218.752 54 5897.44 0.191998
6 165 3 20 82.7945 54 6180.41 0.50728
6 165 4 21 28.2071 54 17 1.48899
6 166 2 19 118.234 54 5175.96 0.355227
6 166 3 20 160.966 54 5347.97 0.260925
6 166 4 21 42.6629 54 38 0.984461
6 167 2 19 137.144 54 3098.1 0.306248
6 167 3 20 129.744 54 4184.01 0.323714
6 167 4 21 21.1212 54 17 1.98852
6 168 2 19 153.734 54 6301.58 0.273199
6 168 3 20 117.074 54 6070.58 0.358748
6 168 4 21 18.382 54 24 2.28484
6 169 2 19 136.402 54 5502.62 0.307913
6 169 3 20 80.9286 54 4988.62 0.518976
6 169 4 21 6.41988 54 9 6.54217
6 170 1 19 149.525 54 4090.92 0.280889
6 170 2 20 61.6295 54 3892.31 0.681492
6 170 3 21 68.9947 54 106 0.608743
6 171 2 19 124.011 54 4086.56 0.338678
6 171 3 20 90.3916 54 3406.5 0.464645
6 171 4 21 30.1293 54 23 1.39399
6 172 1 19 88.1582 54 5781.62 0.476416
6 172 2 20 69.4522 54 5715.14 0.604732
6 172 3 21 0.815961 54 6 51.4731
6 173 2 19 64.2945 54 4789.42 0.653244
6 173 3 20 103.356 54 4321.26 0.406362
6 173 4 21 4.5714 54 11 9.18756
6 174 1 19 76.2079 54 3907.32 0.551124
6 174 2 20 51.7361 54 2761.29 0.811812
6 174 3 21 23.9047 54 42 1.75697
6 175 1 19 43.9021 54 4080.87 0.956675
6 175 2 20 74.9934 54 2345.61 0.560049
6 175 3 21 25.9244 54 21 1.62009
6 176 2 19 39.2707 54 5326.48 1.0695
6 176 3 20 23.5179 54 3275.48 1.78587
6 176 4 21 38.2645 54 200 1.09762
6 177 2 19 51.5224 54 5323.72 0.81518
6 177 3 20 19.5496 54 4772.61 2.14839
6 177 4 21 34.8222 54 59 1.20613
6 178 2 19 59.3406 54 4460.91 0.707778
6 178 3 20 96.0535 54 6490 0.437256
6 178 4 21 23.0734 54 75 1.82028
6 179 2 19 127.404 54 3658.27 0.329659
6 179 3 20 86.1343 54 3701.89 0.487611
6 179 4 21 42.2925 54 83 0.993084
6 180 2 19 154.184 54 5475.84 0.272401
6 180 3 20 232.859 54 6069.82 0.180367
6 180 4 21 47.8216 54 162 0.878264
6 181 2 19 175.415 54 5102.25 0.239433
6 181 3 20 235.506 54 5343.1 0.178339
6 181 4 21 0.000119322 54 59 351989
6 182 2 19 128.691 54 5054.68 0.326364
6 182 3 20 124.699 54 4633.23 0.336811
6 182 4 21 55.6809 54 226 0.754299
6 183 2 19 95.3399 54 3424.97 0.440529
6 183 3 20 98.7586 54 3157.2 0.42528
6 183 4 21 27.6411 54 415 1.51948
6 184 2 19 188.557 54 4458.81 0.222744
6 184 3 20 184.135 54 6044.87 0.228093
6 184 4 21 4.53502 54 14 9.26126
6 185 2 19 215.114 54 5101.91 0.195246
6 185 3 20 75.8403 54 5263.77 0.553795
6 185 4 21 0.306119 54 12 137.201
6 186 2 19 138.354 54 3412.66 0.303568
6 186 3 20 103.9 54 2824.51 0.404236
6 186 4 21 23.4716 54 132 1.7894
6 187 2 19 164.954 54 1629.17 0.254616
6 187 3 20 164.896 54 2705.03 0.254706
6 187 4 21 12.4707 54 18 3.36789
6 188 2 19 89.8076 54 2372.39 0.467667
6 188 3 20 146.102 54 2733.06 0.287471
7 1 1 24 19.8451 54 1345 2.11639
7 1 3 27 56.6424 54 322 0.741494
7 2 1 24 6.67879 54 347 6.28857
7 2 2 27 35.2499 54 23 1.19149
7 3 2 27 1.28036 54 24 32.8034
7 4 1 24 15.6663 54 1968 2.68091
7 4 4 27 19.3986 54 80 2.1651
7 5 1 24 50.2574 54 1620 0.835698
7 5 4 27 7.70944 54 34 5.44787
7 6 1 24 21.4953 54 540 1.95391
7 6 4 27 48.1177 54 124 0.872859
7 7 1 24 18.3636 54 1045 2.28713
7 7 2 27 29.1111 54 326 1.44275
7 8 1 24 13.0174 54 2775 3.22646
7 8 4 27 79.3603 54 630 0.529232
7 9 1 24 37.1515 54 1358 1.13051
7 9 4 27 82.2553 54 207 0.510606
7 10 2 27 27.8541 54 66 1.50786
7 11 1 24 11.9118 54 360 3.52592
7 11 4 27 18.1426 54 84 2.31499
7 12 1 24 10.9962 54 30 3.8195
7 12 4 27 15.3919 54 147 2.7287
7 13 1 24 13.8073 54 230 3.04186
7 13 4 27 17.8383 54 52 2.35449
7 14 4 27 13.6007 54 50 3.08808
7 15 1 24 11.719 54 654 3.58392
7 15 4 27 8.68637 54 23 4.83516
7 16 1 24 17.5463 54 878 2.39366
7 16 4 27 18.1045 54 124 2.31986
7 17 1 24 45.1326 54 1424 0.930592
7 17 4 27 26.4676 54 45 1.58684
7 18 1 24 109.211 54 419 0.384578
7 18 3 27 22.6496 54 40 1.85434
7 19 1 24 49.3066 54 492 0.851813
7 19 4 27 21.6286 54 13 1.94187
7 20 4 27 19.08 54 76 2.20126
7 21 1 24 27.4206 54 25 1.53169
7 21 4 27 12.1315 54 8 3.46206
7 22 4 27 8.71863 54 31 4.81727
7 23 4 27 15.6868 54 11 2.67742
7 24 1 24 14.8762 54 3282 2.82329
7 24 4 27 3.05325 54 36 13.7558
7 25 1 24 19.7618 54 3138 2.12531
7 25 4 27 35.822 54 18 1.17246
7 26 1 24 32.2758 54 612 1.30128
7 26 4 27 147.891 54 253 0.283994
7 27 1 24 20.5006 54 2025 2.04872
7 27 4 27 35.4235 54 83 1.18565
7 28 1 24 54.513 54 4367 0.770458
7 28 4 27 34.0171 54 130 1.23467
7 29 1 24 41.8555 54 2511 1.00345
7 29 4 27 4.6322 54 7 9.06696
7 31 1 24 21.9873 54 626 1.9102
7 31 4 27 11.3298 54 26 3.70703
7 32 1 24 15.7093 54 3601 2.67357
7 32 4 27 21.6543 54 27 1.93957
7 33 1 24 86.1264 54 29 0.487655
7 33 4 27 13.1793 54 4 3.18683
7 34 1 24 66.1648 54 1352 0.634778
7 35 1 24 20.8576 54 3995 2.01365
7 35 4 27 20.7489 54 26 2.0242
7 36 1 24 12.9459 54 35 3.24426
7 36 4 27 27.1177 54 83 1.5488
7 37 1 24 3.40792 54 25 12.3242
7 39 4 27 13.2371 54 6 3.17291
7 44 1 24 12.1776 54 27 3.44895
7 49 1 24 12.4124 54 23 3.38371
7 53 1 24 0.970913 54 55 43.2583
7 53 4 27 1.03006 54 1 40.7743
7 55 1 24 9.50344 54 25 4.41945
7 56 1 24 23.983 54 695 1.75124
7 57 1 24 125.566 54 492 0.334486
7 60 1 24 20.6914 54 205 2.02982
7 61 1 24 97.2954 54 717 0.431675
7 61 4 27 5.5432 54 2 7.57685
7 62 1 24 77.9699 54 289 0.53867
7 64 1 24 46.9965 54 190 0.893684
7 65 1 24 24.9916 54 380 1.68056
7 66 1 24 73.9409 54 800 0.568021
7 66 2 25 26.0646 54 271 1.61138
7 66 3 26 55.2323 54 768 0.760425
7 67 1 24 76.5963 54 384 0.548329
7 67 2 25 62.5505 54 1560 0.671457
7 67 3 26 154.194 54 2480 0.272384
7 67 4 27 12.972 54 15 3.23774
7 68 1 24 71.4432 54 1058 0.58788
7 68 2 25 37.81 54 996 1.11082
7 68 3 26 148.335 54 2119 0.283143
7 68 4 27 17.6898 54 6 2.37425
7 69 1 24 151.178 54 1836 0.277818
7 69 2 25 23.2999 54 994 1.80258
7 69 3 26 66.011 54 357 0.636258
7 70 1 24 29.9327 54 175 1.40315
7 70 2 25 16.7771 54 896 2.50341
7 70 3 26 32.6463 54 1414 1.28652
7 71 3 26 21.5622 54 429 1.94786
7 72 2 25 27.672 54 829 1.51778
7 72 3 26 16.1923 54 1567 2.59382
7 73 1 24 29.9162 54 202 1.40392
7 73 2 25 28.0155 54 2993 1.49917
7 73 3 26 19.3391 54 563 2.17177
7 74 1 24 49.756 54 2088 0.84412
7 74 2 25 46.3896 54 1702 0.905375
7 74 3 26 38.7811 54 301 1.083
7 75 1 24 34.3745 54 3096 1.22184
7 75 2 25 32.5586 54 493 1.28998
7 75 3 26 14.4586 54 72 2.90485
7 75 4 27 2.21718 54 1 18.943
7 76 1 24 9.49394 54 6 4.42387
7 76 2 25 34.024 54 648 1.23442
7 76 3 26 46.005 54 1163 0.912945
7 77 1 24 26.4262 54 1297 1.58933
7 77 2 25 80.3653 54 894 0.522614
7 77 3 26 99.7421 54 3477 0.421086
7 78 1 24 59.3419 54 2500 0.707763
7 78 2 25 41.7725 54 449 1.00545
7 78 3 26 47.0747 54 1040 0.892198
7 79 1 24 93.4659 54 5257 0.449362
7 79 2 25 16.8916 54 1012 2.48644
7 79 3 26 77.4356 54 897 0.542386
7 79 4 27 3.62946 54 1 11.572
7 80 1 24 44.5897 54 243 0.941921
7 80 2 25 8.38154 54 825 5.01101
7 80 3 26 15.6184 54 897 2.68913
7 80 4 27 16.4725 54 4 2.54971
7 81 1 24 81.8274 54 551 0.513276
7 81 2 25 6.42188 54 292 6.54014
7 81 3 26 26.9537 54 769 1.55823
7 82 1 24 25.2681 54 75 1.66217
7 82 4 27 2.22887 54 1 18.8436
7 83 1 24 19.1166 54 1962 2.19705
7 83 2 25 66.018 54 2307 0.636191
7 83 3 26 31.3849 54 2044 1.33822
7 83 4 27 8.947 54 3 4.69431
7 84 1 24 80.3785 54 799 0.522528
7 84 2 25 28.149 54 2077 1.49206
7 84 3 26 27.5377 54 1719 1.52518
7 85 1 24 64.7073 54 311 0.649077
7 85 2 25 26.0329 54 708.479 1.61334
7 85 3 26 82.8743 54 745 0.506791
7 86 2 25 22.4001 54 1003.85 1.87499
7 86 3 26 30.2425 54 583.442 1.38877
7 86 4 27 16.0662 54 10 2.61418
7 87 2 25 20.8631 54 255.604 2.01312
7 87 3 26 60.8501 54 438.24 0.690221
7 87 4 27 4.29772 54 2 9.77262
7 88 1 24 4.46829 54 110 9.39957
7 88 2 25 62.3234 54 991.627 0.673904
7 88 3 26 67.1017 54 926.974 0.625916
7 89 1 24 15.872 54 75 2.64617
7 89 2 25 104.905 54 5108.62 0.400364
7 89 3 26 70.1631 54 497 0.598605
7 89 4 27 1.23328 54 1 34.0556
7 90 2 25 113.356 54 1495 0.370513
7 90 3 26 116.26 54 329.295 0.361258
7 90 4 27 32.3564 54 12 1.29804
7 91 1 24 31.3921 54 442 1.33791
7 91 2 25 11.6425 54 1138.65 3.60749
7 91 3 26 113.328 54 954.628 0.370606
7 91 4 27 61.3548 54 34 0.684543
7 92 1 24 17.2183 54 159 2.43926
7 92 2 25 12.6818 54 2336.89 3.31185
7 92 3 26 22.3703 54 519.123 1.87749
7 92 4 27 8.79193 54 4 4.77711
7 93 1 24 92.8343 54 171 0.452419
7 93 2 25 57.1154 54 1130.4 0.735354
7 93 3 26 0.337993 54 2065.77 124.263
7 94 1 24 202.924 54 101 0.206974
7 94 2 25 60.1335 54 2998.07 0.698446
7 94 3 26 106.361 54 2316.56 0.394882
7 94 4 27 34.5415 54 31 1.21593
7 95 2 25 34.6493 54 1149.92 1.21215
7 95 3 26 55.8049 54 2433 0.752622
7 95 4 27 31.2132 54 36 1.34558
7 96 1 24 8.39993 54 20 5.00004
7 96 2 25 21.624 54 864.706 1.94228
7 96 3 26 33.0632 54 4132 1.2703
7 96 4 27 31.9199 54 50 1.31579
7 97 1 24 24.5133 54 60 1.71336
7 97 2 25 53.5348 54 5218.62 0.784537
7 97 3 26 57.6094 54 3934.93 0.729048
7 97 4 27 1.59177 54 1 26.3858
7 98 1 24 130.396 54 221 0.322096
7 98 2 25 49.3524 54 1769.31 0.851023
7 98 3 26 43.2126 54 1757 0.971939
7 98 4 27 8.02138 54 5 5.23601
7 99 2 25 73.9506 54 2663.19 0.567946
7 99 3 26 42.5766 54 2340.91 0.986458
7 99 4 27 20.114 54 33 2.08809
7 100 1 24 3.28725 54 20 12.7766
7 100 2 25 56.1107 54 2601.75 0.748521
7 100 3 26 60.1914 54 1157.84 0.697774
7 100 4 27 50.7606 54 93 0.827414
7 101 1 24 40.8845 54 127 1.02728
7 101 2 25 122.239 54 3089.87 0.343588
7 101 3 26 59.0982 54 856.097 0.710681
7 101 4 27 16.869 54 72 2.48977
7 102 2 25 59.0834 54 859.005 0.710859
7 102 3 26 19.0262 54 307.323 2.20748
7 102 4 27 23.6893 54 33 1.77295
7 103 2 25 47.3775 54 319.048 0.886497
7 103 4 27 28.0847 54 18 1.49548
7 104 1 24 23.9036 54 171 1.75706
7 104 2 25 35.9852 54 1388.94 1.16715
7 104 3 26 30.6323 54 32.9999 1.3711
7 104 4 27 1.06133 54 4 39.5731
7 105 2 25 51.1531 54 3564.06 0.821064
7 105 3 26 84.3945 54 1133.86 0.497663
7 105 4 27 0.0470572 54 5 892.531
7 106 2 25 98.9461 54 4105.76 0.424473
7 106 3 26 59.8281 54 3370.62 0.702012
7 106 4 27 3.48894e-05 54 50 1.2038e+06
7 107 2 25 106.281 54 1510.7 0.39518
7 107 3 26 109.206 54 972.648 0.384593
7 107 4 27 19.0302 54 20 2.20702
7 108 1 24 10.423 54 25 4.02955
7 108 2 25 102.078 54 2756.1 0.41145
7 108 3 26 76.5655 54 1883.87 0.54855
7 108 4 27 1.43845 54 4 29.1981
7 109 1 24 19.5546 54 1485 2.14784
7 109 2 25 61.0871 54 2861.61 0.687543
7 109 3 26 191.756 54 1320.81 0.219029
7 109 4 27 1.56277 54 2 26.8754
7 110 2 25 53.309 54 3051.41 0.787859
7 110 3 26 2.49996 54 471.208 16.8003
7 110 4 27 13.8311 54 18 3.03662
7 111 2 25 26.8878 54 3757.86 1.56205
7 111 3 26 25.1985 54 1777.25 1.66676
7 111 4 27 12.5545 54 5 3.3454
7 112 1 24 43.5715 54 207 0.963934
7 112 2 25 42.742 54 1158.59 0.98264
7 112 3 26 3.34428 54 2050.63 12.5588
7 112 4 27 21.8717 54 11 1.92029
7 113 1 24 18.7783 54 2134 2.23662
7 113 2 25 115.264 54 3655.57 0.36438
7 113 3 26 75.4828 54 1898.43 0.556418
7 113 4 27 10.7764 54 6 3.8974
7 114 1 24 21.158 54 40 1.98506
7 114 2 25 94.1424 54 4208.85 0.446133
7 114 3 26 44.6574 54 1677 0.940493
7 114 4 27 12.1358 54 4 3.46082
7 115 1 25 54.5832 54 1689.01 0.769467
7 115 2 26 66.782 54 637.029 0.628912
7 115 3 27 35.8347 54 53 1.17205
7 116 2 25 65.7147 54 1798.13 0.639127
7 116 3 26 73.6255 54 1261.62 0.570454
7 116 4 27 24.7119 54 12 1.69959
7 117 2 25 103.311 54 2890.21 0.406541
7 117 3 26 145.056 54 2566.56 0.289543
7 117 4 27 24.7877 54 19 1.69439
7 118 2 25 105.305 54 3547.26 0.398842
7 118 3 26 133.743 54 3016.77 0.314035
7 119 1 25 44.8556 54 1380.11 0.936338
7 119 2 26 80.0579 54 816.63 0.52462
7 119 3 27 25.2406 54 46 1.66398
7 120 2 25 25.8718 54 1484.91 1.62339
7 120 3 26 82.5302 54 555.694 0.508904
7 120 4 27 44.9077 54 36 0.935252
7 121 1 24 7.44778 54 380 5.63927
7 121 2 25 158.456 54 3420.93 0.265058
7 121 3 26 85.1627 54 1572.81 0.493173
7 121 4 27 60.8495 54 33 0.690228
7 122 1 24 7.10711 54 6 5.90957
7 122 2 25 75.0998 54 1507.87 0.559256
7 122 3 26 42.7304 54 1271.79 0.982906
7 122 4 27 0.333872 54 26 125.797
7 123 2 25 69.125 54 2923.99 0.607595
7 123 3 26 46.4372 54 568.736 0.904447
7 123 4 27 59.2472 54 53 0.708895
7 124 2 25 271.616 54 1603.97 0.15463
7 124 3 26 239.862 54 2764.12 0.175101
7 124 4 27 10.8803 54 52 3.86019
7 125 1 24 74.8427 54 2518 0.561177
7 125 2 25 177.498 54 3374.75 0.236623
7 125 3 26 219.476 54 3329.01 0.191365
7 125 4 27 5.54352e-05 54 290 757641
7 126 1 24 44.6104 54 3466 0.941483
7 126 2 25 95.48 54 1882.13 0.439883
7 126 3 26 95.2411 54 2313.82 0.440986
7 126 4 27 116.868 54 73 0.35938
7 127 2 25 30.2712 54 2302.67 1.38746
7 127 3 26 49.3111 54 2274.82 0.851735
7 127 4 27 3.12355 54 6 13.4462
7 128 2 25 44.0966 54 1389.78 0.952453
7 128 3 26 36.1883 54 532.657 1.1606
7 128 4 27 4.54211 54 40 9.24681
7 129 1 24 41.269 54 97 1.01771
7 129 2 25 35.2293 54 2737.52 1.19219
7 129 3 26 48.826 54 1751.46 0.860197
7 129 4 27 16.5322 54 44 2.5405
7 130 2 25 52.9934 54 3842.75 0.792552
7 130 3 26 39.5842 54 4056.05 1.06103
7 130 4 27 39.4829 54 80 1.06375
7 131 2 25 144.008 54 4673 0.29165
7 131 3 26 92.8587 54 2021 0.4523
7 131 4 27 0.00265875 54 198 15796.9
7 132 2 25 198.388 54 6544.27 0.211707
7 132 3 26 146.505 54 2697.59 0.286679
7 132 4 27 55.4943 54 37 0.756835
7 133 1 24 73.7443 54 1263 0.569536
7 133 2 25 94.0427 54 3162.58 0.446605
7 133 3 26 154.591 54 4051.43 0.271684
7 133 4 27 31.9838 54 59 1.31317
7 134 2 25 120.205 54 4969.41 0.349403
7 134 3 26 119.853 54 4078.81 0.350429
7 134 4 27 0.0360836 54 870 1163.97
7 135 2 25 88.7494 54 3827.76 0.473242
7 135 3 26 69.5088 54 3762.76 0.60424
7 135 4 27 68.308 54 83 0.614862
7 136 2 25 138.228 54 5107.1 0.303846
7 136 3 26 90.4238 54 1569.72 0.464479
7 136 4 27 47.9113 54 77 0.876619
7 137 2 25 57.2188 54 5907.93 0.734024
7 137 3 26 61.8857 54 2378.36 0.678671
7 137 4 27 78.4949 54 73 0.535067
7 138 2 25 128.679 54 6697.24 0.326394
7 138 3 26 109.513 54 4520.66 0.383516
7 138 4 27 0.000173821 54 108 241628
7 139 2 25 63.3008 54 2305.87 0.663499
7 139 3 26 64.776 54 1398.61 0.648388
7 139 4 27 0.00838262 54 525 5010.37
7 140 1 24 4.19334 54 239 10.0159
7 140 2 25 103.005 54 5389.2 0.407749
7 140 3 26 45.4562 54 2125.14 0.923966
7 140 4 27 94.7389 54 169 0.443324
7 141 2 25 104.69 54 9052.2 0.401185
7 141 3 26 44.4387 54 3550.04 0.945122
7 141 4 27 21.7587 54 183 1.93026
7 142 2 25 86.5663 54 7702.18 0.485177
7 142 3 26 65.1839 54 4862.3 0.644331
7 142 4 27 0.000245825 54 49 170853
7 143 2 25 51.2569 54 3795.72 0.819402
7 143 3 26 77.2747 54 4844.64 0.543516
7 143 4 27 51.3121 54 88 0.818521
7 144 2 25 172.327 54 8442.57 0.243722
7 144 3 26 241.13 54 5727.26 0.17418
7 144 4 27 62.3888 54 67 0.673198
7 145 2 25 159.247 54 9102.91 0.263741
7 145 3 26 166.175 54 4000.84 0.252745
7 145 4 27 60.1653 54 43 0.698077
7 146 2 25 95.1665 54 6620.91 0.441332
7 146 3 26 66.9225 54 3706.81 0.627592
7 146 4 27 8.04528 54 140 5.22045
7 147 2 25 89.2949 54 6599.04 0.470352
7 147 3 26 34.8405 54 3656.77 1.20549
7 147 4 27 10.2461 54 343 4.09911
7 148 2 25 103.237 54 5961.81 0.406832
7 148 3 26 54.9643 54 2208.36 0.764132
7 148 4 27 59.385 54 172 0.70725
7 149 2 25 84.1881 54 5444.18 0.498883
7 149 3 26 109.168 54 3733.77 0.384728
7 149 4 27 0.000857092 54 273 49002.9
7 150 2 25 93.446 54 8675.98 0.449457
7 150 3 26 68.8246 54 7005.29 0.610247
7 150 4 27 21.4224 54 176 1.96057
7 151 2 25 119.96 54 5833.38 0.350117
7 151 3 26 133.003 54 5552.48 0.315781
7 151 4 27 8.36662 54 206 5.01995
7 152 2 25 147.053 54 6578.46 0.285611
7 152 3 26 53.8004 54 1478.57 0.780663
7 152 4 27 0.473115 54 24 88.7734
7 153 2 25 65.2348 54 9791.04 0.643828
7 153 3 26 110.943 54 8227.69 0.378571
7 153 4 27 23.7967 54 69 1.76495
7 154 2 25 36.0665 54 11676.3 1.16451
7 154 3 26 76.3132 54 12449.9 0.550363
7 154 4 27 33.4164 54 18 1.25687
7 155 1 25 13.0256 54 3103.43 3.22443
7 155 2 26 50.3867 54 10147.5 0.833553
7 155 3 27 16.7244 54 122 2.5113
7 156 2 25 106.64 54 14011.2 0.393848
7 156 3 26 73.955 54 8600.41 0.567913
7 156 4 27 6.6012 54 20 6.36248
7 157 2 25 192.776 54 13918.5 0.21787
7 157 3 26 185.343 54 7651.18 0.226607
7 157 4 27 6.61936 54 5 6.34502
7 158 2 25 94.5788 54 13576.9 0.444074
7 158 3 26 48.3741 54 7490.41 0.868233
7 158 4 27 3.23569 54 10 12.9802
7 159 2 25 25.9003 54 5298.67 1.6216
7 159 3 26 70.2545 54 9867.98 0.597827
7 160 2 25 66.4724 54 12636.1 0.631842
7 160 3 26 52.9944 54 7162.9 0.792537
7 160 4 27 0.0077797 54 393 5398.67
7 161 2 25 279.981 54 10949.2 0.15001
7 161 3 26 145.969 54 7971.38 0.287733
7 161 4 27 32.7155 54 37 1.28379
7 162 2 25 123.93 54 17265 0.3389
7 162 3 26 57.2983 54 9993.42 0.733007
7 162 4 27 0.00376508 54 193 11155.1
7 163 1 25 51.411 54 6965.7 0.816946
7 163 2 26 117.101 54 5138.19 0.358665
7 163 3 27 0.004397 54 308 9551.97
7 164 2 25 164.148 54 12145.3 0.255867
7 164 3 26 80.9418 54 7861.46 0.518891
7 164 4 27 3.92428 54 81 10.7026
7 165 2 25 293.723 54 11790 0.142992
7 165 3 26 81.3208 54 11336.1 0.516473
7 165 4 27 70.5123 54 93 0.595641
7 166 2 25 162.072 54 13063.8 0.259144
7 166 3 26 65.2442 54 13092.2 0.643736
7 166 4 27 0.00773559 54 576 5429.45
7 167 2 25 96.6804 54 5407.31 0.434421
7 167 3 26 213.292 54 10068.9 0.196914
7 167 4 27 71.5757 54 25 0.586791
7 168 2 25 116.591 54 10500 0.360235
7 168 3 26 217.407 54 9811.34 0.193186
7 168 4 27 0.014553 54 376 2886.01
7 169 2 25 202.937 54 11913.1 0.20696
7 169 3 26 84.3989 54 9061.35 0.497637
7 169 4 27 13.5327 54 278 3.10358
7 170 2 25 222.054 54 11921.7 0.189143
7 170 3 26 151.528 54 10182.9 0.277176
7 170 4 27 0.00490669 54 468 8559.75
7 171 2 25 71.2308 54 5593.99 0.589632
7 171 3 26 174.046 54 9733.32 0.241316
7 171 4 27 45.7169 54 298 0.918697
7 172 2 25 236.88 54 9859.74 0.177305
7 172 3 26 178.472 54 7247.14 0.235331
7 172 4 27 0.00123897 54 152 33899.3
7 173 2 25 172.853 54 11593.6 0.242981
7 173 3 26 63.7805 54 9966.52 0.658508
7 173 4 27 44.0829 54 55 0.952751
7 174 2 25 174.448 54 9355.71 0.240759
7 174 3 26 200.006 54 9327.86 0.209993
7 174 4 27 49.6138 54 131 0.846539
7 175 1 25 80.602 54 1355.31 0.521079
7 175 2 26 51.609 54 8211.84 0.813811
7 175 3 27 19.6788 54 75 2.13428
7 176 2 25 70.2334 54 9262 0.598006
7 176 3 26 307.934 54 10714.3 0.136393
7 176 4 27 43.515 54 149 0.965184
7 177 2 25 52.8205 54 10649.2 0.795145
7 177 3 26 142.341 54 12268.5 0.295067
7 177 4 27 20.6525 54 18 2.03365
7 178 2 25 98.469 54 15459.7 0.42653
7 178 3 26 105.602 54 16272.8 0.397719
7 178 4 27 2.3916 54 2 17.5615
7 179 2 25 64.4985 54 3866.55 0.651178
7 179 3 26 90.5822 54 10166 0.463667
7 179 4 27 70.9588 54 138 0.591893
7 180 2 25 241.355 54 12704.7 0.174017
7 180 3 26 148.068 54 13658.2 0.283653
7 180 4 27 52.0177 54 81 0.807418
7 181 2 25 217.45 54 13424.5 0.193148
7 181 3 26 134.639 54 15552.3 0.311945
7 181 4 27 4.42016 54 2 9.50192
7 182 1 25 70.4483 54 15156.1 0.596182
7 182 2 26 47.9069 54 10432.4 0.8767
7 182 3 27 42.0979 54 66 0.997674
7 183 1 25 109.131 54 3755.43 0.384857
7 183 2 26 70.0211 54 10780.4 0.599819
7 183 3 27 35.9424 54 297 1.16854
7 184 2 25 156.771 54 11873.6 0.267906
7 184 3 26 178.139 54 7919.02 0.235771
7 184 4 27 0.000126532 54 126 331932
7 185 2 25 231.65 54 13192.4 0.181308
7 185 3 26 139.638 54 13219.4 0.300777
7 185 4 27 0.000358427 54 88 117179
7 186 2 25 181.974 54 12341.9 0.230802
7 186 3 26 83.7238 54 11408.3 0.501649
7 186 4 27 60.4061 54 197 0.695294
7 187 1 25 72.0195 54 3131.97 0.583176
7 187 2 26 67.7873 54 10577.6 0.619585
7 187 3 27 8.19644 54 81 5.12418
7 188 2 25 154.159 54 9478.26 0.272446
7 188 3 26 146.799 54 4923.4 0.286105
7 188 4 27 3.75694 54 61 11.1793
8 1 2 31 10.5808 54 398 3.96946
8 2 2 31 30.4072 54 1517 1.38125
8 3 2 31 0.0095305 54 996 4406.9
8 4 2 31 57.8471 54 125 0.726052
8 5 2 31 0.00137792 54 335 30480.8
8 6 1 31 61.1918 54 694 0.686366
8 7 2 31 0.00948555 54 900 4427.79
8 8 2 31 40.0204 54 485 1.04947
8 9 2 31 50.5024 54 210 0.831644
8 10 1 28 56.1103 54 180 0.748526
8 10 2 31 67.9052 54 1173 0.618509
8 11 2 31 46.7789 54 801 0.897841
8 12 2 31 34.2535 54 77 1.22615
8 13 2 31 16.0791 54 7 2.61208
8 14 2 31 10.6783 54 103 3.93319
8 15 1 28 24.996 54 284 1.68027
8 15 2 31 32.7543 54 78 1.28228
8 17 1 28 33.8097 54 310 1.24225
8 17 2 31 62.5382 54 154 0.671589
8 18 4 31 46.9887 54 319 0.893833
8 19 2 31 39.2505 54 758 1.07005
8 20 2 31 94.314 54 131 0.445321
8 21 1 28 10.8612 54 30 3.86698
8 21 2 31 27.3837 54 193 1.53376
8 22 2 31 54.7693 54 127 0.766853
8 23 2 31 107.668 54 261 0.390088
8 24 1 28 9.65595 54 3 4.34965
8 24 2 31 73.5142 54 878 0.571318
8 25 1 28 30.0221 54 4714 1.39897
8 25 2 31 191.819 54 1386 0.218956
8 26 1 28 33.0572 54 24364 1.27052
8 26 2 31 54.3552 54 85 0.772695
8 27 1 28 24.8027 54 7520 1.69337
8 27 3 31 3.93886 54 66 10.663
8 28 1 28 28.1664 54 2236 1.49114
8 28 2 31 41.2312 54 316 1.01865
8 29 1 28 24.9797 54 2885 1.68137
8 29 2 31 53.7641 54 288 0.78119
8 30 2 31 74.0549 54 192 0.567147
8 31 1 28 48.6604 54 1007 0.863124
8 31 2 31 41.4827 54 287 1.01247
8 32 1 28 35.7835 54 1173 1.17373
8 32 2 31 66.5525 54 590 0.631081
8 33 1 28 43.6156 54 1761 0.962958
8 33 2 31 72.1946 54 193 0.581761
8 34 1 28 51.4883 54 15382 0.815719
8 35 1 28 6.70089 54 356 6.26783
8 35 2 31 44.844 54 83 0.93658
8 36 1 28 1.33304 54 56 31.507
8 36 2 31 37.0788 54 296 1.13272
8 37 2 31 21.7362 54 71 1.93226
8 39 3 31 20.4947 54 103 2.04931
8 40 1 28 44.0108 54 205 0.95431
8 40 4 31 25.149 54 284 1.67005
8 41 1 28 12.3524 54 8 3.40015
8 41 4 31 24.4135 54 168 1.72036
8 42 4 31 17.832 54 22 2.35532
8 43 4 31 31.0608 54 84 1.35219
8 44 1 28 26.188 54 40 1.60379
8 44 4 31 30.8939 54 524 1.35949
8 45 1 28 5.44298 54 46 7.71636
8 45 4 31 63.6807 54 240 0.65954
8 46 4 31 6.24547 54 11 6.72488
8 47 4 31 24.6887 54 40 1.70118
8 48 1 28 52.1669 54 47 0.805108
8 48 4 31 57.6132 54 979 0.729
8 49 1 28 3.28143 54 51 12.7993
8 49 4 31 41.7739 54 1037 1.00541
8 50 4 31 18.975 54 5 2.21344
8 51 4 31 28.2649 54 33 1.48594
8 52 1 28 24.1133 54 34 1.74178
8 52 4 31 50.9734 54 181 0.823959
8 53 4 31 57.6924 54 168 0.727999
8 54 4 31 35.8342 54 23 1.17206
8 55 4 31 37.243 54 110 1.12773
8 56 1 28 11.4189 54 205 3.6781
8 56 4 31 98.1731 54 104 0.427816
8 57 4 31 86.0226 54 968 0.488244
8 58 4 31 4.03165 54 5 10.4176
8 59 4 31 69.7139 54 152 0.602463
8 60 1 28 45.063 54 476 0.932028
8 60 4 31 66.0523 54 158 0.63586
8 61 1 28 32.169 54 141 1.30561
8 61 4 31 63.7299 54 73 0.659031
8 62 1 28 17.1708 54 137 2.44602
8 62 4 31 89.3522 54 53 0.47005
8 63 4 31 11.8871 54 15 3.53324
8 64 4 31 37.6032 54 21 1.11693
8 65 4 31 49.6968 54 215 0.845125
8 66 1 28 20.7682 54 371 2.02232
8 66 2 29 34.4125 54 324 1.22049
8 66 3 30 27.2853 54 186 1.53929
8 67 4 31 27.006 54 37 1.55521
8 68 1 28 8.29244 54 157 5.06485
8 68 4 31 33.5864 54 143 1.25051
8 69 4 31 31.0202 54 351 1.35396
8 70 4 31 16.9522 54 16 2.47756
8 71 4 31 26.1168 54 25 1.60816
8 72 1 28 26.1471 54 137 1.6063
8 72 2 29 6.4823 54 241 6.47918
8 72 3 30 18.3861 54 150 2.28434
8 72 4 31 43.5272 54 183 0.964914
8 73 2 29 39.7218 54 1796 1.05735
8 73 3 30 49.8611 54 1849 0.842341
8 73 4 31 28.0385 54 24 1.49794
8 74 2 29 35.3638 54 168 1.18766
8 74 3 30 56.348 54 1652 0.745368
8 74 4 31 25.5442 54 19 1.64421
8 75 2 29 40.2787 54 1943 1.04273
8 75 3 30 45.5711 54 5116 0.921637
8 75 4 31 10.5227 54 5 3.99136
8 76 1 28 96.7809 54 921 0.43397
8 76 2 29 43.2213 54 1096 0.971742
8 76 3 30 133.931 54 6260 0.313595
8 76 4 31 137.495 54 137 0.305465
8 77 1 28 19.2581 54 8 2.1809
8 77 3 30 36.4354 54 82.5 1.15272
8 77 4 31 71.884 54 793 0.584275
8 78 2 29 16.4462 54 50 2.55378
8 78 3 30 56.119 54 2631 0.74841
8 79 1 28 31.7852 54 9065 1.32137
8 79 2 29 30.3671 54 86 1.38307
8 79 3 30 50.5827 54 4541 0.830323
8 79 4 31 25.8766 54 26 1.62309
8 80 1 28 32.259 54 346 1.30196
8 80 2 29 34.2199 54 629 1.22736
8 80 3 30 40.4221 54 3988 1.03904
8 80 4 31 82.4189 54 127 0.509592
8 81 1 28 16.5888 54 3535 2.53183
8 81 2 29 45.608 54 3240 0.920892
8 81 3 30 43.4826 54 2855 0.965903
8 81 4 31 17.334 54 19 2.42298
8 82 1 28 16.144 54 2879 2.60159
8 82 2 29 40.8281 54 2631 1.0287
8 82 3 30 28.8528 54 3579 1.45566
8 82 4 31 10.1995 54 9 4.11786
8 83 1 28 11.7178 54 655 3.5843
8 83 2 29 51.1409 54 1114 0.82126
8 83 3 30 33.3893 54 1269 1.25789
8 83 4 31 1.68088e-06 54 15 2.4987e+07
8 84 1 28 16.3639 54 100 2.56662
8 84 2 29 29.0107 54 1250 1.44774
8 84 3 30 40.6262 54 900 1.03382
8 84 4 31 20.8683 54 111 2.01263
8 85 2 29 26.0404 54 3006 1.61288
8 85 3 30 32.7582 54 1366 1.28212
8 85 4 31 23.049 54 71 1.82221
8 86 2 29 21.8264 54 1527 1.92428
8 86 3 30 64.511 54 4683 0.651052
8 86 4 31 13.8853 54 11 3.02478
8 87 2 29 20.5332 54 3075 2.04547
8 87 3 30 35.6861 54 4635 1.17693
8 87 4 31 55.8136 54 26 0.752504
8 88 1 28 6.02441 54 60 6.97163
8 88 2 29 50.7242 54 1370 0.828008
8 88 3 30 24.3175 54 2638 1.72715
8 88 4 31 7.39068 54 60 5.68283
8 89 1 28 54.4321 54 297 0.771604
8 89 2 29 53.7515 54 3325.79 0.781373
8 89 3 30 61.3051 54 1912 0.685098
8 89 4 31 9.3364 54 8 4.49852
8 90 1 28 46.4313 54 257 0.904562
8 90 2 29 31.8583 54 764 1.31834
8 90 3 30 61.0734 54 4179 0.687697
8 91 2 29 45.9636 54 582 0.913767
8 91 3 30 66.5233 54 4010 0.631357
8 92 1 28 61.4883 54 553 0.683057
8 92 2 29 33.7064 54 1623 1.24605
8 92 3 30 135.286 54 5898 0.310454
8 92 4 31 68.5961 54 167 0.61228
8 93 1 28 143.225 54 656 0.293246
8 93 2 29 62.02 54 668 0.6772
8 93 3 30 98.4773 54 2243 0.426494
8 93 4 31 19.7526 54 155 2.1263
8 94 1 28 61.1984 54 413 0.686292
8 94 3 31 29.2023 54 20 1.43824
8 95 1 28 29.9212 54 51 1.40369
8 95 2 29 17.3885 54 70 2.41539
8 95 3 30 28.9001 54 150 1.45328
8 95 4 31 2.65122 54 1 15.8417
8 96 1 28 15.6745 54 180 2.67951
8 96 2 29 16.9069 54 82 2.48419
8 96 4 31 11.6979 54 6 3.5904
8 97 2 29 26.4552 54 1686 1.58759
8 97 3 30 20.2926 54 385 2.06972
8 97 4 31 1.0757 54 1 39.0442
8 98 1 28 50.7195 54 845 0.828085
8 98 2 29 51.1884 54 1135 0.820499
8 98 3 30 51.2171 54 2655 0.820039
8 98 4 31 29.7877 54 32 1.40998
8 99 1 28 90.0806 54 271 0.466249
8 99 2 29 32.8265 54 1757 1.27945
8 99 3 30 65.8956 54 3614 0.637372
8 99 4 31 2.88041 54 58 14.5813
8 100 1 28 24.6705 54 300 1.70244
8 100 2 29 44.5932 54 3307 0.941847
8 100 4 31 25.6947 54 27 1.63458
8 101 2 29 51.0673 54 3248 0.822443
8 101 3 30 9.73529 54 55 4.3142
8 101 4 31 5.80236 54 2 7.23843
8 102 2 29 33.0208 54 5388 1.27193
8 102 3 30 20.9031 54 1577 2.00927
8 102 4 31 27.4435 54 7 1.53042
8 103 2 29 18.7422 54 1750 2.24093
8 103 3 30 39.9315 54 3660 1.0518
8 103 4 31 26.3822 54 41 1.59198
8 104 2 29 32.1331 54 1670.94 1.30706
8 104 3 30 18.5845 54 175 2.25995
8 104 4 31 2.40636 54 4 17.4538
8 105 2 29 48.9705 54 6393 0.85766
8 105 3 30 16.9877 54 219.685 2.47238
8 106 2 29 31.0463 54 5246.55 1.35282
8 106 3 30 67.0479 54 788.062 0.626417
8 106 4 31 4.60239 54 5 9.12568
8 107 2 29 50.8449 54 6318.22 0.826042
8 107 3 30 46.2914 54 5854.41 0.907297
8 107 4 31 5.67065 54 4 7.40656
8 108 1 28 13.6463 54 50 3.07775
8 108 2 29 55.2551 54 6036.8 0.76011
8 108 3 30 63.7876 54 2544 0.658435
8 108 4 31 13.8799 54 110 3.02596
8 109 1 28 44.8393 54 548 0.936679
8 109 2 29 54.8131 54 5739.48 0.766241
8 109 3 30 17.96 54 69 2.33853
8 109 4 31 12.4222 54 107 3.38103
8 110 2 29 30.2958 54 8470.21 1.38633
8 110 4 31 173.112 54 87 0.242618
8 111 2 29 25.3313 54 8208.14 1.65803
8 111 4 31 16.4197 54 49 2.55791
8 112 1 28 29.6237 54 765 1.41778
8 112 2 29 26.8652 54 5583.05 1.56336
8 112 3 30 3.69785 54 280.802 11.358
8 112 4 31 22.9474 54 9 1.83027
8 113 2 29 115.549 54 8509.18 0.363482
8 113 3 30 42.7596 54 443.825 0.982235
8 113 4 31 22.0764 54 14 1.90248
8 114 2 29 35.2722 54 8426.35 1.19074
8 114 3 30 30.1719 54 335 1.39202
8 114 4 31 33.5642 54 30 1.25133
8 115 2 29 83.8506 54 8858.42 0.500891
8 115 3 30 43.8143 54 2637.78 0.958592
8 115 4 31 28.5334 54 65 1.47196
8 116 1 28 41.8764 54 58 1.00295
8 116 2 29 70.082 54 5049.14 0.599298
8 116 3 30 24.7694 54 945.806 1.69564
8 116 4 31 26.4823 54 63 1.58597
8 117 2 29 42.8187 54 4125.88 0.98088
8 117 3 30 12.144 54 67 3.4585
8 117 4 31 36.5696 54 69 1.1485
8 118 2 29 74.066 54 4883.05 0.567061
8 118 3 30 133.161 54 3155.87 0.315408
8 118 4 31 102.928 54 94 0.408053
8 119 2 29 89.524 54 6853.64 0.469148
8 119 3 30 148.94 54 3676.13 0.281992
8 119 4 31 27.6163 54 229 1.52084
8 120 1 28 8.57409 54 54 4.89848
8 120 2 29 167.972 54 5362.6 0.250042
8 120 3 30 60.0427 54 752 0.699502
8 120 4 31 36.3621 54 65 1.15505
8 121 2 29 169.085 54 6169.53 0.248396
8 121 3 30 35.4595 54 3125.3 1.18445
8 121 4 31 0.000795528 54 509 52795.1
8 122 2 29 63.6235 54 4266.49 0.660133
8 122 3 30 37.844 54 5594.71 1.10982
8 122 4 31 0.0874199 54 1998 480.44
8 123 2 29 102.761 54 1392.32 0.408714
8 123 3 30 41.4599 54 5295.14 1.01303
8 123 4 31 104.753 54 3617 0.400943
8 124 1 28 33.1537 54 75 1.26683
8 124 2 29 160.266 54 1048.08 0.262065
8 124 3 30 68.6785 54 5271.49 0.611545
8 124 4 31 0.00559086 54 2075 7512.26
8 125 4 31 175.359 54 1166 0.239508
8 126 3 31 150.974 54 2107 0.278194
8 127 1 29 36.5871 54 1271.68 1.14795
8 127 3 31 365.979 54 2298 0.114761
8 128 2 29 66.9751 54 4164.44 0.627099
8 128 3 30 31.5919 54 1317 1.32946
8 128 4 31 119.676 54 649 0.350946
8 129 2 29 80.6577 54 3050.49 0.520719
8 129 3 30 31.6146 54 635.023 1.3285
8 129 4 31 0.0280771 54 1197 1495.88
8 130 2 29 45.5633 54 4267.5 0.921794
8 130 3 30 15.8498 54 2716.11 2.64987
8 130 4 31 0.0188678 54 1108 2226.01
8 131 1 29 83.9581 54 3217.4 0.500249
8 131 2 30 107.417 54 1275 0.391001
8 131 3 31 0.0349035 54 3233 1203.32
8 132 2 29 49.5208 54 1848.44 0.848128
8 132 3 30 52.8235 54 463 0.7951
8 132 4 31 0.00720206 54 673 5831.66
8 133 2 29 9.8341 54 2144.41 4.27085
8 133 3 30 50.2025 54 671 0.836612
8 133 4 31 112.357 54 359 0.373808
8 134 2 29 93.6395 54 2022.88 0.448529
8 134 3 30 95.2433 54 2165.67 0.440976
8 134 4 31 0.0699727 54 2521 600.234
8 135 1 29 66.5584 54 2197.53 0.631024
8 135 2 30 195.28 54 3693.73 0.215075
8 135 3 31 244.819 54 1422 0.171555
8 136 2 29 23.1258 54 1783.28 1.81615
8 136 3 30 153.403 54 5401.5 0.273789
8 136 4 31 72.4083 54 1021 0.580044
8 137 2 29 32.9386 54 309 1.2751
8 137 3 30 24.0376 54 52 1.74726
8 137 4 31 0.0107444 54 900 3909
8 138 2 29 125.564 54 3620.86 0.334492
8 138 4 31 193.957 54 2822 0.216542
8 139 1 29 78.5083 54 5414.93 0.534975
8 139 2 30 136.949 54 2610.71 0.306683
8 139 3 31 132.327 54 3927 0.317395
8 140 1 29 138.19 54 7444.51 0.30393
8 140 2 30 73.0163 54 1096.2 0.575214
8 140 3 31 0.00103831 54 647 40450.2
8 141 2 29 24.9394 54 1865.35 1.68408
8 141 3 30 15.0898 54 129.083 2.78333
8 141 4 31 174.503 54 710 0.240684
8 142 2 29 115.865 54 6310.57 0.36249
8 142 3 30 45.1599 54 2010.38 0.930029
8 142 4 31 73.161 54 1524 0.574076
8 143 1 29 85.7217 54 6610.51 0.489957
8 143 2 30 131.183 54 4502 0.320163
8 143 3 31 143.442 54 955 0.292802
8 144 2 29 89.2821 54 4550 0.470419
8 144 3 30 55.3539 54 3884 0.758755
8 144 4 31 178.13 54 777 0.235783
8 145 2 29 116.152 54 2809.96 0.361595
8 145 3 30 43.7133 54 1107.47 0.960806
8 145 4 31 149.694 54 499 0.280573
8 146 1 29 72.3885 54 8413.96 0.580203
8 146 2 30 81.3062 54 3773.08 0.516566
8 146 3 31 44.44 54 872 0.945094
8 147 1 29 60.3758 54 3661.7 0.695643
8 147 2 30 104.068 54 3284.95 0.403581
8 147 3 31 22.4216 54 1447 1.8732
8 148 2 29 184.516 54 6341.68 0.227623
8 148 3 30 66.9967 54 3233.36 0.626896
8 148 4 31 52.0773 54 746 0.806494
8 149 2 29 125.202 54 5725.53 0.335457
8 149 3 30 41.2001 54 489.906 1.01941
8 149 4 31 59.1447 54 378 0.710122
8 150 2 29 93.9894 54 8816.42 0.446859
8 150 3 30 41.6009 54 2988.54 1.00959
8 150 4 31 111.466 54 2057 0.376798
8 151 2 29 88.0571 54 7706.29 0.476963
8 151 3 30 536.402 54 9967.38 0.0782995
8 151 4 31 0.21039 54 3591 199.629
8 152 2 29 196.782 54 9598.51 0.213434
8 152 3 30 295.466 54 5869.61 0.142148
8 152 4 31 134.215 54 2042 0.312931
8 153 2 29 198.886 54 15411 0.211176
8 153 3 30 104.896 54 9741.19 0.400397
8 153 4 31 87.7812 54 855 0.478462
8 154 1 29 181.098 54 8803.33 0.231919
8 154 2 30 8.15439 54 8242.96 5.1506
8 154 3 31 197.866 54 2502 0.212265
8 155 2 30 56.7721 54 8077.36 0.739801
8 155 3 31 245.664 54 2370 0.170965
8 156 2 29 123.084 54 10095.4 0.341232
8 156 3 30 75.5046 54 6163 0.556257
8 156 4 31 156.072 54 2465 0.269106
8 157 2 29 237.655 54 12535.8 0.176727
8 157 3 30 44.9713 54 465 0.933929
8 157 4 31 80.6611 54 2603 0.520697
8 158 2 29 102.724 54 22550.9 0.408864
8 158 3 30 15.8366 54 397.087 2.65208
8 158 4 31 0.0110084 54 2155 3815.26
8 159 1 29 18.1917 54 308.068 2.30875
8 159 2 30 27.8492 54 2315.69 1.50812
8 159 3 31 203.647 54 1349 0.206239
8 160 2 29 38.0114 54 13473.2 1.10493
8 160 3 30 27.5021 54 7541.16 1.52716
8 160 4 31 25.9831 54 780 1.61644
8 161 2 29 75.226 54 13969.8 0.558317
8 161 3 30 91.2151 54 9822.73 0.46045
8 161 4 31 72.167 54 317 0.581984
8 162 1 29 87.7021 54 18282.1 0.478894
8 162 2 30 104.536 54 11579.5 0.401774
8 162 3 31 61.4925 54 420 0.68301
8 163 1 29 43.1784 54 3267.9 0.972709
8 163 2 30 75.5214 54 15021 0.556134
8 163 3 31 147.977 54 453 0.283828
8 164 2 29 187.926 54 14673.8 0.223492
8 164 3 30 219.887 54 7390.17 0.191007
8 164 4 31 0.0740111 54 2244 567.483
8 165 2 29 63.542 54 15849.6 0.66098
8 165 3 30 120.305 54 1634.68 0.349114
8 165 4 31 0.000431761 54 681 97275.9
8 166 2 29 157.839 54 11372.6 0.266094
8 166 3 30 163.673 54 5219.65 0.25661
8 166 4 31 289.487 54 1424 0.145084
8 167 2 29 61.2003 54 2653.12 0.686271
8 167 3 30 33.549 54 12221.4 1.2519
8 167 4 31 105.952 54 1076 0.396404
8 168 2 29 54.3502 54 17007.1 0.772766
8 168 3 30 160.604 54 10654.8 0.261513
8 168 4 31 202.432 54 1082 0.207477
8 169 2 29 97.5498 54 20371.6 0.430549
8 169 3 30 135.114 54 9879.64 0.310849
8 169 4 31 126.011 54 291 0.333303
8 170 2 29 167.763 54 20714.6 0.250353
8 170 3 30 213.482 54 10414.4 0.196738
8 170 4 31 0.0030726 54 1074 13669.2
8 171 2 29 130.226 54 6015.41 0.322515
8 171 3 30 118.045 54 17709 0.355798
8 171 4 31 0.044452 54 3535 944.839
8 172 2 29 151.436 54 16758.6 0.277345
8 172 3 30 102.113 54 18353.5 0.411309
8 172 4 31 80.8303 54 1205 0.519607
8 173 2 29 151.447 54 21563.7 0.277324
8 173 3 30 29.3492 54 14876.8 1.43104
8 173 4 31 60.6177 54 496 0.692867
8 174 2 29 215.811 54 19494.1 0.194614
8 174 3 30 60.59 54 15075.7 0.693183
8 174 4 31 182.495 54 2648 0.230144
8 175 1 29 120.578 54 8391.33 0.348323
8 175 2 30 253.63 54 20375 0.165595
8 175 3 31 78.983 54 999 0.53176
8 176 2 29 101.837 54 22358.5 0.412422
8 176 3 30 78.2443 54 20914.7 0.536781
8 176 4 31 0.0429684 54 2715 977.462
8 177 2 29 80.7845 54 19338.8 0.519902
8 177 3 30 99.1662 54 11623.9 0.423531
8 177 4 31 55.7727 54 1175 0.753057
8 178 1 29 245.362 54 23115.1 0.171175
8 178 2 30 81.3254 54 12713 0.516444
8 178 3 31 221.531 54 1780 0.18959
8 179 1 29 121.846 54 4536.64 0.344698
8 179 2 30 59.5928 54 11720.5 0.704783
8 179 3 31 0.00960832 54 1905 4371.21
8 180 2 29 334.237 54 23938.1 0.12566
8 180 3 30 78.2341 54 7359.08 0.53685
8 180 4 31 1.28753e-05 54 1392 3.26206e+06
8 181 2 29 136.225 54 23157.7 0.308313
8 181 3 30 130.12 54 4587 0.322778
8 181 4 31 3.96053e-05 54 406 1.06046e+06
8 182 1 29 242.288 54 20944 0.173347
8 182 2 30 47.1514 54 8286.79 0.890748
8 182 3 31 139.437 54 1159 0.301211
8 183 1 29 104.908 54 9289.17 0.400352
8 183 2 30 99.5671 54 9372.63 0.421826
8 183 3 31 59.8805 54 1528 0.701397
8 184 2 29 123.052 54 15218.2 0.341318
8 184 3 30 89.4459 54 6362.4 0.469558
8 184 4 31 0.00568294 54 1029 7390.53
8 185 2 29 112.483 54 20837.9 0.373391
8 185 3 30 56.0101 54 5508.26 0.749865
8 185 4 31 252.894 54 1170 0.166077
8 186 2 29 191.888 54 19978.4 0.218878
8 186 3 30 53.6722 54 8434.86 0.782528
8 186 4 31 41.8822 54 1132 1.00281
8 187 1 29 62.1896 54 6973.46 0.675354
8 187 2 30 24.8567 54 13774.6 1.68969
8 187 3 31 0.0704169 54 1665 596.448
8 188 1 29 138.632 54 25815.1 0.302961
8 188 2 30 190.216 54 9103.48 0.220802
8 188 3 31 0.0960511 54 1957 437.267
