254088 254088 0.000218704 0.00229728 0.0214215 0.0270656 0.0188801 0.0141768 0.0127349 0.0123866 0.0123685 0.0124041 0.0123954 0.0123314 0.0122382 0.012144 0.0120703 0.0120414  4.81756e+07 2.92179e+07 5.03585e+06 1.78023e+06 649662 279551 95600.6 80888.2 64280.4 41169.3 17881.5 13398.5 9667.57 6055.58 2699.73 562.651
6.98776e+06 6.98776e+06 0.00344204 0.0354765 0.280921 0.340155 0.254161 0.198583 0.180644 0.176238 0.175954 0.176299 0.176043 0.175069 0.173739 0.172427 0.171416 0.171023  6.96452e+06 2.6258e+07 1.55856e+07 3.01128e+06 1.32823e+06 702009 376014 141669 115378 91620.9 59741 26696.4 19498.4 13807.1 8621.5 5032.02
2.08057e+06 2.08057e+06 0.00317328 0.0327501 0.262265 0.31829 0.236694 0.184455 0.167665 0.163556 0.163311 0.163654 0.163434 0.162539 0.161308 0.160089 0.159149 0.158782  1.8206e+06 1.24546e+06 4.53381e+06 2.04573e+06 403829 228983 145380 84896.5 33223 26294 20480.3 13198.2 5831.33 4135.9 2870.72 2829.96
546866 546866 0.00139329 0.0145334 0.127416 0.158338 0.113417 0.0864614 0.078038 0.0759915 0.0758778 0.076071 0.0759972 0.0755944 0.0750222 0.0744484 0.0740025 0.0738279  6.97235e+06 965279 670118 1.8755e+06 852627 212088 135309 88461.9 51195.9 19514.9 14929.5 11203.3 6959.79 2978.57 2061.77 2791.48
329407 329407 0.000517203 0.00542319 0.0497821 0.0626335 0.0439912 0.0331615 0.0298266 0.0290205 0.0289781 0.0290588 0.0290364 0.0288853 0.0286668 0.0284464 0.0282744 0.0282069  3.96865e+07 1.004e+07 2.67443e+06 535988 1.11179e+06 605050 200391 152164 114651 73416.1 32843.4 24925.4 18112.5 11466.7 5172.87 8344.38
6.21585e+06 6.21585e+06 0.00460047 0.0471076 0.353547 0.422716 0.322707 0.255337 0.233174 0.22767 0.227264 0.227622 0.227225 0.225936 0.224215 0.222532 0.221243 0.220743  7.57673e+07 2.59924e+07 8.18526e+06 2.39637e+06 489510 1.02498e+06 613242 230523 179359 138690 91180.7 41828.8 30754.6 21756.9 13684.3 16170.5
2.49181e+06 2.49181e+06 0.00394341 0.0404776 0.310128 0.371547 0.28104 0.221487 0.202174 0.19751 0.1973 0.19773 0.197465 0.196391 0.194915 0.193456 0.192333 0.191895  2.2731e+06 1.23571e+07 4.52658e+06 1.02746e+06 299753 81581.4 194514 124458 48846.8 37373.9 28414.4 18401.5 8305.29 5920.17 4097.09 5575.96
611014 611014 0.000641626 0.00672369 0.0613763 0.0771254 0.0543039 0.0409848 0.0368711 0.0358727 0.0358171 0.035914 0.0358845 0.0356967 0.0354265 0.0351541 0.0349418 0.0348585  5.49117e+07 1.20351e+06 6.55931e+06 1.66248e+06 368672 141826 44629.5 110643 70380.5 26923.4 19908 14576 9096.33 3975.77 2765.51 4436.55
178293 178293 0.000200124 0.00210298 0.0196771 0.0249024 0.0173491 0.0130137 0.0116846 0.0113624 0.0113443 0.0113759 0.0113674 0.0113083 0.0112226 0.011136 0.0110684 0.0110418  1.61077e+07 2.01638e+07 554038 3.41514e+06 1.26787e+06 542412 268356 66363.2 132800 85892.4 37420.1 28018 20252.2 12792.7 5771.38 10382.9
8.95425e+06 8.95425e+06 0.00708491 0.0714875 0.478253 0.556437 0.443509 0.360548 0.33221 0.325106 0.324532 0.324869 0.324158 0.322259 0.319813 0.317457 0.315671 0.314981  3.34283e+07 1.10485e+07 1.16217e+07 422958 2.69695e+06 1.24351e+06 665525 349956 84137.4 156713 101945 45786.5 33453.3 23628 14822.3 18741.3
1.51809e+06 1.51809e+06 0.0045049 0.0460739 0.342885 0.407633 0.311792 0.24748 0.22647 0.221416 0.221211 0.221684 0.221375 0.220167 0.218517 0.216891 0.21564 0.215154  4.06244e+06 5.51631e+06 1.8572e+06 1.00043e+06 39860.2 335321 200216 123196 66257.3 15555.9 27597.7 17595.4 7814.97 5546.85 3836.3 5411.35
878029 878029 0.00198054 0.0205948 0.175722 0.216994 0.157261 0.120643 0.109077 0.106239 0.106057 0.106298 0.106173 0.105599 0.104796 0.103996 0.103376 0.103134  4.46128e+07 2.14892e+06 2.90186e+06 629745 325107 17616.5 174429 108939 66751.6 34995.9 7937.5 13555.6 8325.55 3580.15 2479.43 4058.3
197307 197307 0.000352784 0.00370449 0.0344327 0.0435158 0.0304085 0.0228436 0.0205176 0.0199515 0.0199177 0.0199712 0.0199548 0.0198502 0.0196995 0.0195475 0.0194289 0.0193824  1.5948e+07 1.48994e+07 1.11662e+06 1.23179e+06 645740 473503 39656.1 277840 154052 107901 59390.7 13004.8 20472.2 12636.2 5644.99 10297
6.22687e+06 6.22687e+06 0.0061438 0.0623636 0.436665 0.513867 0.402925 0.323997 0.297367 0.290662 0.290085 0.290407 0.289795 0.288103 0.285904 0.283777 0.282161 0.281536  4.35819e+07 1.06317e+07 8.63555e+06 959091 952045 712456 556359 56685.1 343019 187384 137159 74959 15979.4 24018 14686.7 18605.7
1.56188e+06 1.56188e+06 0.00464985 0.0475442 0.352961 0.419884 0.321609 0.255304 0.233537 0.228232 0.227949 0.228385 0.228035 0.226771 0.225063 0.223385 0.222097 0.221596  9.14331e+06 7.27857e+06 1.83797e+06 867835 111306 129622 128718 105409 11680.7 65574.6 34880 25435.6 13531.6 2799.91 4088.98 5626.26
791446 791446 0.00118202 0.0123535 0.110099 0.137632 0.0979443 0.0743215 0.0669465 0.065134 0.0650124 0.0651674 0.0650988 0.0647501 0.0642571 0.0637634 0.0633799 0.0632298  1.4898e+08 4.83648e+06 3.82666e+06 619125 280596 49115.7 67343.9 69889 56941.8 6146.5 33317.5 17053.6 11977.2 6168.34 1245.29 4242.22
224315 224315 0.000227234 0.00238756 0.0223139 0.0282326 0.0196794 0.0147651 0.0132574 0.0128914 0.0128704 0.012906 0.0128962 0.012829 0.0127318 0.0126335 0.0125568 0.0125267  6.68498e+07 3.9354e+07 2.49155e+06 1.37581e+06 484885 307122 102091 90709 112253 84914 10985.8 51642.3 25340.6 18392 9630.4 8442.42
1.72496e+07 1.72496e+07 0.0109475 0.107513 0.594799 0.660027 0.558585 0.475105 0.445719 0.439046 0.439178 0.439867 0.438993 0.436542 0.433392 0.430372 0.428093 0.427214  3.05188e+07 3.04348e+07 1.86622e+07 1.9782e+06 998215 495933 360955 145676 108635 142452 103654 14268.8 61433.7 29401.5 21318.9 20846.3
3.81361e+06 3.81361e+06 0.00761886 0.0763138 0.484716 0.553137 0.447555 0.36907 0.342493 0.336377 0.33644 0.337168 0.336662 0.334841 0.3324 0.330016 0.328196 0.32749  6.87078e+07 5.33901e+06 4.61052e+06 896544 115915 83377.4 60601.4 51559 23346.8 15479.8 20665.4 14383.7 1997.58 8148.22 3813.59 5457.04
979574 979574 0.00125653 0.0131242 0.116357 0.145193 0.103537 0.0786628 0.0708782 0.0689629 0.0688362 0.0690017 0.0689301 0.068562 0.068041 0.0675191 0.0671137 0.066955  1.93005e+07 3.61507e+07 2.66556e+06 985516 163708 34367.2 32278.1 25420.5 21762.4 9619.49 6151.99 7889.46 5280.87 709.296 2821.48 3151.08
424693 424693 0.000303216 0.00318509 0.0296951 0.0375639 0.0262152 0.0196774 0.0176679 0.0171783 0.0171486 0.0171946 0.0171805 0.0170905 0.0169607 0.0168297 0.0167276 0.0166875  1.23827e+07 8.8501e+06 1.05826e+07 1.26419e+06 693342 292285 137429 75193.1 59691.9 50021 25188.5 14537.2 18905.2 12324.4 1844.65 14359.4
1.05989e+07 1.05989e+07 0.010681 0.105398 0.601096 0.674604 0.566999 0.47823 0.44648 0.438622 0.438092 0.43839 0.43728 0.434687 0.431453 0.428387 0.426088 0.425205  5.86098e+07 8.42968e+06 6.3537e+06 5.74418e+06 1.12433e+06 720328 366989 200271 103333 79555.5 66307 33848.4 18320.1 23470.4 14964.8 19683.1
1.48343e+06 1.48343e+06 0.00411782 0.0422794 0.324364 0.389798 0.294965 0.232146 0.211602 0.206503 0.206139 0.206495 0.206161 0.205004 0.203446 0.201915 0.200741 0.200284  7.28862e+07 9.73676e+06 1.38109e+06 433935 263939 117221 96387.6 55228.5 32694.8 16163.6 11991.5 9784.34 4932.68 2536.1 3203.19 4668.44
1.61835e+06 1.61835e+06 0.00141655 0.0147859 0.130317 0.162469 0.116179 0.0883867 0.0796705 0.0775195 0.0773682 0.0775443 0.0774565 0.0770386 0.0764511 0.0758643 0.075409 0.075231  1.73737e+08 3.85965e+07 5.17244e+06 509275 157490 126358 64669.8 55114.7 31322.7 18045.7 8613.19 6149.88 4833.6 2359.31 1183.6 3606.57
1.65807e+06 1.65807e+06 0.000877209 0.00918283 0.0830338 0.104161 0.0736598 0.0557101 0.0501424 0.0487831 0.0486988 0.0488221 0.0487758 0.0485172 0.0481484 0.0477781 0.0474899 0.047377  2.23866e+07 4.44516e+07 1.15444e+07 1.89021e+06 433499 265413 191108 138489 99913.5 56482.5 35432.7 16289.4 11342.1 8751.38 4299.23 8670.14
1.81952e+07 1.81952e+07 0.00961803 0.0957082 0.577943 0.658736 0.544443 0.452823 0.420179 0.411735 0.410811 0.410908 0.409768 0.407258 0.404157 0.401225 0.399029 0.398186  9.8181e+06 1.1106e+07 2.02739e+07 6.01027e+06 1.31443e+06 459649 336478 228630 190283 128516 71184 45203.6 20115.7 13523.7 10237.8 15055.3
2.52489e+06 2.52489e+06 0.00862037 0.0863191 0.545141 0.627818 0.511203 0.420686 0.388778 0.380462 0.379508 0.37962 0.378596 0.376283 0.373401 0.370665 0.36861 0.36782  3.59502e+07 1.76843e+06 1.75866e+06 1.23545e+06 345713 138731 68901 56671.9 37215.2 32801.7 20980.3 11209.1 7010.79 3012.57 1975.25 3651.91
2.21012e+06 2.21012e+06 0.00498651 0.0509432 0.375338 0.446726 0.343443 0.272861 0.249425 0.243557 0.2431 0.243458 0.243017 0.241632 0.239794 0.238001 0.23663 0.236098  1.21368e+08 1.89219e+07 882618 370100 227641 104983 54675.8 29133 23909.9 15230.3 12890.6 7897.08 4050.18 2447.52 1025.15 1878.82
1.18633e+06 1.18633e+06 0.0011324 0.0118397 0.105887 0.132525 0.0941809 0.0714051 0.0643044 0.0625597 0.0624414 0.0625893 0.0625227 0.0621873 0.0617132 0.0612385 0.0608698 0.0607255  5.19735e+07 3.35673e+07 5.48639e+06 526989 271640 272209 215492 108419 66630 51705.8 31579.8 29998.3 17595.7 9031.79 5589.39 6516.66
1.61868e+07 1.61868e+07 0.0110497 0.109198 0.627793 0.710175 0.597099 0.501693 0.466719 0.457333 0.45599 0.455782 0.454302 0.451412 0.447946 0.444711 0.442309 0.44139  3.43351e+07 2.45709e+07 1.61065e+07 2.9063e+06 546881 300859 323706 279876 142823 89757.4 67755.4 39412.3 37905.4 21398.5 10800.6 14390.6
1.95144e+06 1.95144e+06 0.0040564 0.0416291 0.31833 0.381564 0.288926 0.227702 0.207751 0.202873 0.2026 0.203005 0.202711 0.201595 0.200074 0.198575 0.197422 0.196973  2.37233e+07 5.67073e+06 3.75055e+06 850811 154786 66737.8 42358.7 49002.6 44377.5 22589.5 13969.4 10202 5654.43 5396.71 2961.34 3443.3
1.04437e+06 1.04437e+06 0.00153352 0.015997 0.140228 0.174605 0.12515 0.0953294 0.0859541 0.0836346 0.0834668 0.0836519 0.0835537 0.0831011 0.0824669 0.0818341 0.0813436 0.0811518  8.15576e+07 1.25603e+07 3.00873e+06 1.3704e+06 304077 73138.7 36462 24038.9 27621.2 24365.5 11981.2 7133.27 5019.21 2693.69 2508.68 2923.71
572319 572319 0.000558383 0.00585616 0.0538342 0.0678279 0.0476243 0.0358734 0.0322472 0.0313635 0.03131 0.0313924 0.0313652 0.0312002 0.0309632 0.0307246 0.0305387 0.0304658  5.04518e+07 2.69509e+07 4.74104e+06 1.08457e+06 688157 301317 140183 98651.8 48120.9 48143.4 46308.3 22118.6 13716.4 9319.29 4854.69 10095.1
1.60685e+07 1.60685e+07 0.0116202 0.11414 0.63071 0.704571 0.598439 0.508013 0.475083 0.466734 0.465975 0.466093 0.464778 0.461955 0.458502 0.455255 0.452834 0.451906  2.18181e+07 2.64608e+07 1.48314e+07 3.15245e+06 791019 613317 337175 190479 142645 64600.3 61165.7 58820.9 27213.3 16754.5 11063.2 17512.5
1.49361e+06 1.49361e+06 0.00320731 0.0330418 0.260966 0.314527 0.234916 0.183873 0.167526 0.163633 0.163514 0.163936 0.163764 0.162899 0.161683 0.160472 0.159535 0.159168  818851 3.70213e+06 3.98261e+06 765428 172666 71574.7 74293 47940.9 30174.3 22857.1 9696.92 8730.53 8234.29 3700.85 2241.77 3761.7
882383 882383 0.00180081 0.0187514 0.161847 0.200598 0.144703 0.110662 0.0999213 0.0972704 0.0970862 0.0973012 0.0971853 0.0966585 0.0959221 0.0951881 0.0946195 0.0943973  9.20395e+07 433910 1.98283e+06 1.58716e+06 302378 86998.5 41005.8 44061.2 28256.6 17351.2 12716.7 5200.45 4514.84 4125.24 1809.6 2881.59
550526 550526 0.000995849 0.0104174 0.0936145 0.117237 0.0831283 0.0629662 0.0566994 0.055168 0.0550722 0.0552098 0.055156 0.0548628 0.0544457 0.0540272 0.0537018 0.0535743  1.16626e+07 2.55797e+07 232503 1.09099e+06 874348 392395 167642 77620.7 69265.9 49020 33377.8 24865.3 10141.2 8185.65 7668.93 8496.71
6.89055e+06 6.89055e+06 0.00625397 0.0627341 0.404448 0.457364 0.366335 0.302357 0.281902 0.278081 0.279049 0.280288 0.280273 0.278993 0.277078 0.275138 0.273625 0.273032  1.73352e+07 7.91389e+06 1.32203e+07 178910 907126 759172 462244 225701 104215 86602.5 61443.3 42181.9 30789.3 12283.3 9565.74 18726.8
1.28525e+06 1.28525e+06 0.00475468 0.0485971 0.359589 0.427627 0.328007 0.26053 0.23831 0.232861 0.232541 0.232963 0.232591 0.231294 0.229549 0.227836 0.226524 0.226013  2.05358e+07 3.30753e+06 1.32375e+06 1.05062e+06 14826.8 108978 107448 79389.5 41537.8 19058.4 15061.8 10481 7077.68 5033.79 1961.3 4430.92
1.01915e+06 1.01915e+06 0.00212976 0.0221314 0.187702 0.231526 0.168232 0.129213 0.116837 0.113781 0.113569 0.113814 0.113672 0.113053 0.112193 0.111336 0.110674 0.110415  1.26332e+08 1.08618e+07 1.73725e+06 441883 336331 6502.87 56356.7 58068.2 42671.5 21741.1 9629.26 7321.63 4906.28 3207.15 2225.43 2772.83
496957 496957 0.000572742 0.00600603 0.0551535 0.0694644 0.0487942 0.0367649 0.0330519 0.0321473 0.032093 0.0321776 0.0321499 0.0319808 0.0317381 0.0314936 0.0313031 0.0312283  2.19325e+07 3.30942e+07 3.223e+06 922416 402158 316292 16704.9 122170 87439.4 73302.9 38681.4 17646.5 12212.4 8415.77 5464.04 8587.9
1.18848e+07 1.18848e+07 0.00839533 0.0840176 0.529021 0.606722 0.493833 0.407207 0.377095 0.36958 0.369012 0.36935 0.368496 0.366327 0.363567 0.360923 0.358927 0.358158  2.90228e+07 1.53949e+07 1.58362e+07 1.75455e+06 819645 437231 371024 24083.3 164075 105121 92529 48926.1 21849 14434.9 9838.27 16301
2.25354e+06 2.25354e+06 0.00599539 0.0609587 0.432173 0.510877 0.398929 0.319607 0.29276 0.285872 0.285173 0.285426 0.284791 0.283106 0.280931 0.278832 0.277238 0.276622  3.54344e+06 5.71988e+06 2.69351e+06 1.13185e+06 116945 100932 69093.6 64216.4 4447.87 29283.6 17351.7 15350.9 7952.46 3456.53 2211.4 3969.51
854817 854817 0.00204049 0.0212172 0.180911 0.223513 0.162058 0.124297 0.11233 0.109371 0.109161 0.109395 0.109259 0.108664 0.107836 0.107012 0.106374 0.106125  1.27788e+07 1.87209e+06 2.96595e+06 797803 316382 47091.2 48998.5 35182.5 32469.8 2184.05 13845.3 7877.86 6702.93 3358.81 1423.84 2498.63
240351 240351 0.000463842 0.00486703 0.0449392 0.056679 0.0397178 0.0298864 0.0268571 0.0261198 0.0260761 0.026146 0.0261243 0.0259874 0.0257902 0.0255915 0.0254365 0.0253757  2.74531e+07 9.77777e+06 1.25898e+06 1.51264e+06 520423 263371 67379.7 90494.5 67419.7 54822.1 4394.63 26631.1 13640.8 12184.3 6173.99 7191.3
8.16431e+06 8.16431e+06 0.00865658 0.0865769 0.542309 0.622298 0.50777 0.418965 0.387846 0.379924 0.379174 0.3794 0.378444 0.376173 0.373316 0.370595 0.368547 0.367758  2.1606e+07 1.95768e+07 7.93649e+06 1.18048e+06 1.39696e+06 570703 310842 89423.9 124054 90890.1 71655.2 5907.96 33641.8 16404 14644.5 15972.1
1.58991e+06 1.58991e+06 0.00395621 0.0405684 0.308504 0.368208 0.279134 0.2205 0.201524 0.197012 0.196887 0.19737 0.197141 0.196089 0.194629 0.19318 0.192061 0.191625  4.72476e+06 3.94029e+06 3.40433e+06 676946 105085 173481 91112.5 53350.2 15872.5 21909.1 15576.7 11834.3 954.925 5253.34 2475.45 4597.22
1.02829e+06 1.02829e+06 0.00202224 0.0210314 0.179609 0.222036 0.160894 0.123354 0.111465 0.108523 0.108312 0.108543 0.108406 0.107815 0.106993 0.106175 0.105542 0.105295  1.29398e+08 2.50077e+06 2.08624e+06 1.22471e+06 235744 48575.5 93260.7 51075.9 29777.9 8642.91 11535.5 7900.66 5785.2 452.1 2427.13 3207.14
241940 241940 0.000272358 0.00285882 0.0264953 0.0333896 0.023347 0.0175634 0.015791 0.0153657 0.0153466 0.0153924 0.0153827 0.0153038 0.0151886 0.0150719 0.0149806 0.0149448  2.18427e+07 4.18394e+07 1.29697e+06 1.50581e+06 784741 370437 97897 155412 79468 46106.7 14978.7 20184.4 13717.6 9654.19 787.408 9470.16
1.47924e+07 1.47924e+07 0.00859945 0.0853759 0.509796 0.57122 0.470817 0.394462 0.368822 0.36348 0.364105 0.365153 0.36475 0.36288 0.360315 0.357792 0.355859 0.355108  1.38168e+07 1.47446e+07 2.23973e+07 1.05045e+06 1.39045e+06 855096 497666 142911 212970 106029 60475.3 19606.9 25590.3 16900.5 11618.3 12210.9
1.57044e+06 1.57044e+06 0.00371314 0.0380571 0.288638 0.342892 0.259845 0.205681 0.188353 0.184404 0.18447 0.185044 0.184905 0.183964 0.182618 0.18127 0.180223 0.179814  6.61533e+07 2.30376e+06 2.2833e+06 1.37543e+06 75112.7 143941 124669 83157.6 24983.8 35870.1 17334.7 9559.52 3019.28 3832.35 2474.66 3435.17
1.22513e+06 1.22513e+06 0.00173705 0.018071 0.154894 0.191074 0.138108 0.105907 0.0957983 0.0933598 0.0932466 0.0934928 0.0934059 0.0929144 0.092215 0.0915136 0.0909686 0.0907552  9.02594e+07 3.50049e+07 1.21809e+06 814980 469863 34063.9 76303.5 69224.6 46123.2 13548.2 18835.5 8776.76 4667.43 1428.12 1769.21 2678.79
1.46199e+06 1.46199e+06 0.0010443 0.0109183 0.0976578 0.122074 0.0867148 0.0657732 0.0592647 0.0576813 0.0575895 0.0577375 0.0576835 0.0573783 0.0569432 0.0565062 0.0561662 0.056033  1.91191e+07 2.33476e+07 9.91786e+06 887660 524035 537029 75728.8 146985 113672 82330.4 24376.8 32985.5 14975.3 7918.29 2471.52 7579.55
8.69046e+06 8.69046e+06 0.0069217 0.0688623 0.419283 0.465116 0.378638 0.317287 0.298107 0.2952 0.296818 0.29846 0.298639 0.297403 0.29545 0.29344 0.29186 0.291239  3.4744e+07 9.98823e+06 1.11546e+07 4.87759e+06 719210 487594 636242 108566 194128 150318 108314 31564.2 41034.1 18075.7 9417.53 11796.4
1.16797e+06 1.16797e+06 0.00400636 0.0409801 0.305868 0.361763 0.275803 0.219177 0.200997 0.196875 0.196968 0.197582 0.197432 0.196429 0.194996 0.193561 0.192448 0.192013  2.96833e+06 5.75029e+06 1.65751e+06 746779 264317 67931.9 64617.8 103028 19258.6 33117.1 25441.1 17900 5067.72 6379.2 2746.37 3176.85
803636 803636 0.00148079 0.0154269 0.133871 0.165638 0.119094 0.0910567 0.0822913 0.0801817 0.0800885 0.080308 0.0802396 0.0798206 0.0792206 0.0786174 0.0781481 0.0779642  1.53149e+08 1.56988e+06 3.02523e+06 566087 241390 115354 35001.5 34993.7 55790.2 10197.7 16978.5 12574 8530.03 2339.32 2873.9 2620.65
401692 401692 0.000420987 0.00441417 0.0405264 0.0509189 0.035745 0.0269567 0.0242582 0.0236123 0.0235852 0.023656 0.0236411 0.02352 0.0233432 0.0231641 0.0230241 0.0229692  4.72485e+07 4.62917e+07 1.72482e+06 1.36891e+06 487819 307828 164067 76336.7 62285.7 104023 19800.8 31195.9 22850.9 15427.8 4126.12 9680.21
1.49091e+07 1.49091e+07 0.00663213 0.0666628 0.435135 0.49731 0.397889 0.326629 0.303175 0.298142 0.298563 0.299484 0.299214 0.297694 0.295565 0.293454 0.291826 0.291192  7.44443e+07 2.76222e+07 2.51366e+07 1.37214e+06 1.14456e+06 578463 397697 200563 94770.3 78077 134112 25824.8 38402.8 27708.8 18377 16197.7
2.18174e+06 2.18174e+06 0.00301771 0.031093 0.246038 0.296058 0.220801 0.172883 0.157646 0.154095 0.154065 0.154517 0.15439 0.153594 0.152459 0.151321 0.150437 0.150092  5.07704e+06 1.21998e+07 4.39891e+06 2.0697e+06 103777 145646 100433 73587.2 35526.8 16464.3 13547.9 23192.8 4378.65 6270.06 4444.99 5464.56
1.07089e+06 1.07089e+06 0.00105509 0.0110255 0.0982185 0.122519 0.0871524 0.0661884 0.0596748 0.0580991 0.0580182 0.0581748 0.0581251 0.0578206 0.057384 0.0569447 0.0566026 0.0564685  8.93992e+07 2.69022e+06 6.53599e+06 1.76141e+06 818400 52164.8 83311 59581.6 43455.2 20491.8 9195.64 7297.76 12050.6 2204.43 3081.2 4782.24
437621 437621 0.000453431 0.00475669 0.0438398 0.0552275 0.0387243 0.0291606 0.0262181 0.0255062 0.0254679 0.0255387 0.025519 0.0253862 0.0251941 0.0250002 0.0248488 0.0247895  3.57719e+07 2.63755e+07 1.29947e+06 2.82296e+06 1.1904e+06 789196 114187 157256 110588 72966.6 30562.2 14027.2 11077.1 18766.3 3476.42 12146.8
5.85243e+06 5.85243e+06 0.00344767 0.035407 0.272866 0.32571 0.245368 0.193461 0.176921 0.173134 0.173169 0.173699 0.173564 0.172676 0.171407 0.170136 0.169149 0.168763  2.35272e+07 1.80679e+07 1.38367e+07 928900 2.25793e+06 1.10016e+06 920238 145143 216625 151082 95479.8 37526 16716.9 13038.2 21989.9 18184.1
1.75076e+06 1.75076e+06 0.00341969 0.0351734 0.27423 0.32922 0.247117 0.194099 0.177114 0.173107 0.173019 0.173476 0.173298 0.172384 0.171101 0.169823 0.168834 0.168448  3.06626e+06 3.88274e+06 3.01753e+06 1.73271e+06 120983 395273 211071 201408 31898.6 49001.3 33427.6 20304.8 7600.25 3285.11 2522.52 7712.98
656479 656479 0.00140862 0.0146893 0.128495 0.159519 0.114357 0.0872396 0.0787697 0.0767188 0.0766118 0.076811 0.0767389 0.0763337 0.0757568 0.075178 0.074728 0.0745518  4.19028e+07 1.62414e+06 2.0713e+06 1.16142e+06 654906 59101.6 221423 122828 116640 18029.9 26798.2 17620.7 10320 3742 1578.59 4824.87
253867 253867 0.000364817 0.00382337 0.0349741 0.0438168 0.0307906 0.0232572 0.0209522 0.0204087 0.0203941 0.020461 0.0204516 0.0203489 0.0201971 0.0200428 0.0199219 0.0198743  2.50971e+07 2.10169e+07 1.31114e+06 1.59549e+06 619933 587293 79814.8 295470 138533 147301 24626.2 38253.8 24194.4 13599.2 4751.09 8255.59
6.84778e+06 6.84778e+06 0.00446403 0.0455711 0.334622 0.394832 0.303101 0.241718 0.221862 0.217304 0.217338 0.217945 0.217729 0.216594 0.215002 0.213418 0.212195 0.211717  1.86154e+07 1.5566e+07 1.40199e+07 1.18258e+06 1.34198e+06 537365 688705 102230 379868 159779 180263 29508.4 46185 28297.2 15505.8 14598.6
1.52985e+06 1.52985e+06 0.00316131 0.0325306 0.254762 0.305484 0.228708 0.179582 0.163962 0.160357 0.160363 0.16085 0.160726 0.159903 0.158726 0.157545 0.156627 0.156268  4.24017e+07 3.23102e+06 2.5995e+06 1.5954e+06 153605 200423 95601.9 144951 21720 80177.5 31455 35551.1 5626.32 8667.34 5187.85 5416.94
943919 943919 0.00147349 0.0153307 0.131672 0.161987 0.116865 0.0896789 0.0812234 0.0792416 0.0792073 0.0794585 0.0794116 0.0790095 0.0784228 0.0778297 0.0773667 0.0771851  6.93404e+07 2.246e+07 1.72542e+06 1.01229e+06 608408 75235.7 112482 55806.8 84326.9 12347.7 44142.1 16702.5 18208.5 2792.15 4198.44 5045.74
760633 760633 0.000633446 0.00663727 0.0605382 0.076029 0.0535462 0.0404289 0.0363822 0.035404 0.0353528 0.0354505 0.0354224 0.0352377 0.0349712 0.0347025 0.034493 0.0344108  2.47114e+07 2.47644e+07 6.70488e+06 1.2333e+06 638985 594872 157045 155678 62334.5 119720 18261.7 62275.5 21532.3 24551.1 3745.16 12510.1
3.45375e+06 3.45375e+06 0.00155963 0.0162172 0.13857 0.170211 0.12306 0.0945683 0.0857075 0.0836393 0.0836099 0.0838763 0.0838265 0.083402 0.082783 0.0821574 0.0816691 0.0814776  9.95035e+07 1.52754e+07 1.51617e+07 3.67672e+06 1.11383e+06 618179 700214 228377 193564 73818.5 153900 23261.1 75928.3 24956.4 28597.1 18744.9
1.92758e+06 1.92758e+06 0.00259039 0.026804 0.219515 0.267437 0.19695 0.152759 0.138729 0.13536 0.13522 0.13556 0.135417 0.134697 0.133685 0.132675 0.131893 0.131587  4.51971e+06 1.6448e+07 2.63686e+06 2.50347e+06 615091 234573 140838 172899 59681.7 47176.4 17423.9 36413.3 5334.21 16892.8 5385.26 10138.5
906886 906886 0.000753728 0.00789236 0.0715624 0.089742 0.0633669 0.0479103 0.0431312 0.0419737 0.0419114 0.0420251 0.0419902 0.0417704 0.0414543 0.041136 0.0408878 0.0407906  5.41058e+07 2.39772e+06 8.90635e+06 1.15687e+06 1.11643e+06 337320 143127 88302.9 107491 36182.9 27677.6 9856.98 19869.1 2820.28 8718.14 7863.54
377882 377882 0.000441941 0.00463623 0.0427376 0.0538353 0.0377437 0.0284223 0.0255555 0.0248625 0.024826 0.0248955 0.0248766 0.0247473 0.0245601 0.0243711 0.0242236 0.0241657  3.76903e+07 1.8148e+07 1.06277e+06 3.00964e+06 769916 758309 231684 170758 94088.1 124581 48878.2 33316.3 11113.3 23363.2 3396.48 19051.8
3.93426e+06 3.93426e+06 0.00244905 0.0252983 0.204607 0.247119 0.182583 0.142319 0.129683 0.126802 0.126838 0.127263 0.127193 0.126557 0.125628 0.12469 0.123959 0.123673  1.22942e+08 2.24068e+07 1.0823e+07 768988 1.93969e+06 687122 773337 238184 207298 109519 148624 60189.1 38327.1 12337.2 26040.3 24742.6
3.61363e+06 3.61363e+06 0.00504967 0.0514607 0.372288 0.439277 0.339575 0.27141 0.248993 0.243633 0.24345 0.243966 0.243617 0.242286 0.240477 0.238698 0.237332 0.2368  2.38624e+07 2.00713e+07 4.08586e+06 1.56122e+06 115249 338312 138348 171763 53138.6 47224 24050.4 32242.3 12864.1 7853.14 2465.88 10075.4
1.09729e+06 1.09729e+06 0.000790446 0.00827612 0.0749768 0.09403 0.066425 0.0502262 0.0452114 0.0439932 0.0439243 0.0440411 0.0440031 0.0437719 0.0434403 0.0431066 0.0428466 0.0427447  4.60695e+07 1.26111e+07 1.04646e+07 1.28015e+06 459794 47590.5 167375 72028.1 89209.4 26908.8 23095 11317.9 14611.8 5643.29 3361.11 5263.59
774013 774013 0.000626096 0.00656001 0.0598171 0.0751036 0.0528975 0.0399442 0.0359492 0.0349847 0.0349355 0.035033 0.0350059 0.0348237 0.0345606 0.0342952 0.0340881 0.0340069  3.18876e+07 2.02126e+07 4.59548e+06 3.56668e+06 822191 423542 65593.6 147890 84295.5 104242 32683.6 32636.5 15130 19891.5 7932.19 11758.1
5.92029e+06 5.92029e+06 0.00314349 0.0324112 0.257674 0.31138 0.232047 0.181319 0.165101 0.161225 0.161082 0.16148 0.161299 0.160438 0.159235 0.158038 0.157113 0.156752  1.04427e+08 2.0615e+07 1.21603e+07 3.03114e+06 2.2412e+06 823758 482216 85523.6 161952 95998.9 123481 38532.3 39015.4 17562.9 22826.3 22515.4
1.44616e+06 1.44616e+06 0.00195048 0.0202273 0.168982 0.206206 0.150446 0.116267 0.105577 0.10309 0.103069 0.103396 0.103333 0.102809 0.102049 0.101281 0.100682 0.100447  5.55378e+06 1.70442e+07 3.57924e+06 1.60702e+06 441327 383702 177054 109107 19977.8 35313.3 20542.5 26344.8 8008.37 7964.66 3496.65 8942.46
785817 785817 0.000637264 0.00667599 0.0607946 0.0762879 0.0537584 0.0406095 0.0365539 0.0355758 0.0355272 0.0356272 0.0356001 0.0354152 0.0351479 0.0348781 0.0346676 0.034585  1.11967e+07 2.94754e+06 9.27869e+06 1.65307e+06 757092 249964 239759 113644 69556.6 12443.5 21319.1 11972.5 14820.8 4367.32 4240.58 6498.63
402345 402345 0.000480265 0.00503875 0.0464766 0.0585991 0.0410821 0.0309233 0.0277943 0.0270338 0.0269894 0.0270619 0.0270394 0.0268977 0.0266936 0.0264879 0.0263275 0.0262646  5.68026e+07 7.27588e+06 1.49948e+06 3.17446e+06 1.09194e+06 614440 227675 187400 114515 75992.1 15887.8 22685.3 13282 16514.9 4943.72 12519.2
3.98731e+06 3.98731e+06 0.00334612 0.0343998 0.267288 0.319988 0.240353 0.189077 0.172735 0.16896 0.168957 0.169456 0.169314 0.16844 0.167198 0.165954 0.164989 0.164612  8.04459e+07 2.83611e+07 5.29213e+06 1.24143e+06 2.02819e+06 1.04481e+06 644936 273965 198830 135230 90360.3 19584.2 25560 14721.1 18246.5 19404.8
1.86334e+06 1.86334e+06 0.00278334 0.028756 0.232521 0.282117 0.20878 0.16248 0.147754 0.144241 0.14412 0.144493 0.144346 0.143582 0.142507 0.141434 0.140603 0.140278  3.81148e+06 1.33383e+07 4.75492e+06 703687 178404 325061 209067 136617 61139.8 41834.6 28796 18760.9 3996.41 4977.71 2811.93 7147.88
799441 799441 0.000769156 0.0080562 0.073211 0.0919443 0.0648766 0.0490092 0.0440961 0.0428983 0.0428259 0.0429367 0.0428978 0.0426713 0.0423473 0.0420215 0.0417678 0.0416684  3.25889e+07 2.02117e+06 7.19465e+06 2.01723e+06 300583 94898.3 193912 128542 83381.6 36401.9 24104.7 15998.4 10052.9 2074.89 2522.58 4952.41
195508 195508 0.000235466 0.00247204 0.0229498 0.0289329 0.0202155 0.015202 0.013667 0.0132991 0.0132829 0.0133229 0.0133147 0.0132465 0.0131468 0.0130458 0.0129667 0.0129357  3.5479e+07 1.96072e+07 842259 2.90612e+06 1.07257e+06 329715 121980 159242 148787 97992.1 44549.2 27191.2 19001.8 12070.8 2633.24 8933.52
6.10873e+06 6.10873e+06 0.00379195 0.038585 0.277488 0.32113 0.247152 0.199023 0.184108 0.181299 0.18198 0.182917 0.183007 0.182217 0.180968 0.179679 0.178663 0.178262  1.33898e+08 2.40224e+07 1.2738e+07 620397 2.20754e+06 927448 391016 161557 169322 178037 116367 54083.7 30936 21606.8 13582.1 12962.7
2.8622e+06 2.8622e+06 0.00408979 0.0419648 0.320461 0.384019 0.29096 0.229403 0.209357 0.204466 0.204195 0.204601 0.204302 0.203175 0.201642 0.20013 0.198968 0.198516  5.80302e+06 2.16916e+07 3.94799e+06 1.28674e+06 66181.6 313539 154377 76652 33388.3 32085.7 34461.7 21964.6 10054.7 5523.67 3811.31 4625.95
831354 831354 0.00058578 0.0061385 0.0560505 0.0703851 0.0495405 0.0373973 0.0336537 0.0327504 0.0327054 0.0327979 0.0327734 0.0326034 0.0323573 0.0321089 0.031915 0.0318389  5.15456e+07 3.07229e+06 1.15043e+07 1.43721e+06 457886 31186.4 171007 87510.6 43168.6 18316.7 17003.2 17581.7 10796.2 4785.44 2565.27 3847.73
120628 120628 0.000112156 0.00117869 0.0110417 0.0139642 0.00972069 0.007292 0.00654932 0.00637058 0.00636185 0.00638061 0.00637649 0.00634372 0.00629585 0.00624735 0.00620943 0.00619453  4.41336e+07 2.03951e+07 1.34696e+06 4.19009e+06 1.09951e+06 554036 48886.1 237555 101302 62349.6 27627.3 21310.7 24064.1 14758.5 6658.12 8790.96
4.11014e+06 4.11014e+06 0.00229074 0.0237271 0.196074 0.239022 0.17528 0.135745 0.123291 0.120351 0.120278 0.12062 0.120518 0.119892 0.118997 0.1181 0.117403 0.11713  2.94035e+07 2.64537e+07 1.20853e+07 1.012e+06 2.82689e+06 1.06445e+06 639181 68937.3 312824 121240 79708.6 35403.7 24937.1 28300.7 17120.8 17903.4
1.75133e+06 1.75133e+06 0.00234212 0.0242783 0.201806 0.24697 0.180812 0.139708 0.126697 0.123558 0.123412 0.123719 0.123587 0.122929 0.122002 0.121078 0.120361 0.120081  1.43789e+07 5.27308e+06 4.86755e+06 1.77187e+06 165699 516472 229039 148748 17113.5 75301.9 27590.4 18047 7821.81 5257.25 5890.35 7197.56
597313 597313 0.000712258 0.00745774 0.0676056 0.0847163 0.0598116 0.0452357 0.0407357 0.0396515 0.0395989 0.0397105 0.0396802 0.0394741 0.0391763 0.0388758 0.0386414 0.0385494  1.09572e+08 7.63155e+06 2.86796e+06 2.22014e+06 829864 94035.6 323212 146818 94447.8 10594.1 45112.4 15940.3 10058 4224.27 2771.53 6775.95
1.18796e+06 1.18796e+06 0.00109345 0.0114236 0.101546 0.126593 0.0901348 0.0684971 0.0617766 0.0601543 0.060073 0.0602352 0.0601834 0.0598679 0.0594157 0.0589609 0.0586068 0.0584681  7.0938e+07 3.67381e+07 2.79725e+06 1.69825e+06 1.18299e+06 614049 100060 242346 150079 107761 13628 54352.2 17668.5 11582.6 4904.31 10687.9
4.76499e+06 4.76499e+06 0.00177293 0.0184381 0.157606 0.194231 0.14055 0.107881 0.0976419 0.0951864 0.0950823 0.0953372 0.0952499 0.0947493 0.0940364 0.0933215 0.0927659 0.0925484  1.01481e+07 3.66856e+07 2.09325e+07 1.67884e+06 1.36444e+06 1.09333e+06 618330 125386 244642 168948 125544 16762.4 62796.6 19434.8 12789.8 17017.5
2.26323e+06 2.26323e+06 0.00228205 0.0236418 0.195673 0.238705 0.17495 0.135416 0.122952 0.119998 0.119913 0.120249 0.120144 0.119518 0.118625 0.11773 0.117035 0.116763  1.41146e+06 1.72237e+06 6.36673e+06 3.39772e+06 292394 288050 260490 149148 31918.9 57486.9 39858.7 29198.2 3851.15 13937.3 4188.74 6362.45
1.08295e+06 1.08295e+06 0.00152577 0.0158915 0.137603 0.170166 0.122471 0.0937023 0.0847158 0.0825594 0.082467 0.0826925 0.0826209 0.0821887 0.0815704 0.0809492 0.080466 0.0802767  1.32299e+08 748966 935354 2.87088e+06 1.5619e+06 163363 178195 165497 94016.2 19636.3 34247.1 22908.5 16191.9 2069.76 7312.18 5434.95
686511 686511 0.000939057 0.00982948 0.0887988 0.111439 0.078855 0.0596407 0.0536717 0.0522079 0.0521103 0.0522367 0.0521836 0.0519047 0.0515091 0.0511124 0.050804 0.0506833  3.97077e+07 3.4527e+07 493759 607173 1.34871e+06 943341 140969 173537 156251 95654.8 23486.2 33828.8 24458.2 17484.4 2363.67 13798.5
7.67007e+06 7.67007e+06 0.00431897 0.0441713 0.328922 0.390189 0.29814 0.236818 0.216947 0.212289 0.212219 0.212756 0.212513 0.211384 0.209816 0.208261 0.207061 0.206594  3.52295e+07 2.32875e+07 1.678e+07 432269 504499 1.15858e+06 955631 166104 204249 185588 111550 28935.1 37550.5 27305.5 19358.4 17890.6
2.2238e+06 2.2238e+06 0.00359044 0.0368466 0.282266 0.336524 0.25413 0.200619 0.183508 0.17957 0.179589 0.180124 0.179975 0.179049 0.177733 0.176415 0.175393 0.174994  4.40099e+06 6.49786e+06 4.23661e+06 1.90097e+06 56503.3 78276.9 212624 194177 35304.7 42353.5 37994.4 22035.3 5660.54 6979.5 5010.9 6771.62
1.10926e+06 1.10926e+06 0.00130549 0.0136368 0.120967 0.151103 0.107766 0.0818591 0.0737545 0.0717567 0.071616 0.0717797 0.0716991 0.0713122 0.0707679 0.0702239 0.0698018 0.0696367  2.49273e+08 2.3296e+06 3.44673e+06 1.55425e+06 673399 26310.9 42321 120092 109429 19442.9 22581.4 19531 10922.9 2718.29 3271.25 5422.41
1.25975e+06 1.25975e+06 0.00104307 0.0109065 0.0976356 0.122101 0.0867086 0.0657493 0.0592333 0.0576454 0.0575506 0.0576967 0.0576417 0.0573361 0.0569008 0.056464 0.0561241 0.055991  1.02401e+08 6.50702e+07 1.21615e+06 1.61017e+06 811749 456376 47372.5 58870.2 132941 126747 26887.6 30096.7 25340.2 14114.1 3755.48 11267.9
1.08684e+07 1.08684e+07 0.00347223 0.0355959 0.270683 0.320963 0.242772 0.192239 0.176233 0.1727 0.172876 0.17349 0.173408 0.172553 0.171305 0.170045 0.169064 0.168679  3.5828e+07 4.82207e+07 2.98688e+07 938838 1.27701e+06 779339 476503 65945.9 69969.5 150742 148172 32767.9 35166.2 28959.6 15781.4 16815.7
2.36538e+06 2.36538e+06 0.00200078 0.0207739 0.175148 0.214948 0.156399 0.120462 0.109157 0.106452 0.106347 0.106634 0.106536 0.105978 0.105182 0.104385 0.103766 0.103523  9.2452e+06 5.92099e+06 8.00392e+06 3.42216e+06 127072 216132 158721 101700 15068 14866 31148.8 30390.1 6640.79 6891.99 5566.16 6174.14
1.01095e+06 1.01095e+06 0.000909113 0.00951204 0.0856511 0.107246 0.0759608 0.0575229 0.0518048 0.0504153 0.0503361 0.0504681 0.0504229 0.0501572 0.0497771 0.0493949 0.0490973 0.0489807  1.43847e+08 4.90867e+06 3.23327e+06 3.78696e+06 1.67294e+06 74149.2 138056 103664 65794.5 9508.87 9084.09 18364.4 17289.1 3661.66 3709.86 6207.21
1.19337e+06 1.19337e+06 0.00108572 0.01135 0.101412 0.12677 0.090101 0.068353 0.0615876 0.0599382 0.0598387 0.0599893 0.059931 0.0596127 0.05916 0.0587058 0.0583526 0.0582143  3.03774e+07 4.58382e+07 2.30231e+06 1.42507e+06 1.56699e+06 802233 86707.5 141837 112810 75339.3 13382.1 11272.3 21004.7 20017.1 4551.14 11880.7
5.22031e+06 5.22031e+06 0.00188436 0.0195651 0.165035 0.202251 0.147062 0.113326 0.102766 0.100277 0.100217 0.100512 0.100437 0.0999189 0.0991738 0.098424 0.0978404 0.0976118  1.10484e+08 1.90922e+07 2.37402e+07 1.5177e+06 992080 1.19702e+06 690451 113555 172982 139196 91363.7 16895.1 13153.9 23481.1 22216.7 18364.4
2.17411e+06 2.17411e+06 0.00239918 0.0248381 0.204376 0.248951 0.182899 0.141766 0.128773 0.125691 0.125602 0.125949 0.125836 0.125179 0.124244 0.123307 0.12258 0.122295  7.5531e+06 1.79732e+07 3.28786e+06 3.57835e+06 253932 195769 263832 160593 29010.3 42536.6 33598.9 21363.4 3873.56 2895.54 5036.52 8621.64
1.19632e+06 1.19632e+06 0.000874981 0.00915678 0.0826002 0.103476 0.0732345 0.0554346 0.0499181 0.048578 0.048502 0.0486296 0.0485864 0.0483306 0.0479643 0.0475959 0.0473091 0.0471967  6.24833e+07 4.00724e+06 9.74393e+06 1.46013e+06 1.6146e+06 140094 119979 166222 100406 17700.6 25129.8 19147.9 11746.2 2063.98 1506.1 6973.86
1.12524e+06 1.12524e+06 0.00119201 0.0124593 0.111136 0.139015 0.0989096 0.0750381 0.0675899 0.0657588 0.0656331 0.0657864 0.0657148 0.0653613 0.0648626 0.0643637 0.0639764 0.0638248  2.82083e+07 2.15113e+07 1.37327e+06 3.51025e+06 809168 897402 125676 99598.8 133238 85766.5 21325.5 27935.8 21324.7 13065 2416.77 9326.37
5.85987e+06 5.85987e+06 0.00422602 0.0428746 0.301347 0.346694 0.26905 0.217857 0.201941 0.198994 0.199775 0.200803 0.200898 0.200031 0.198666 0.197258 0.196149 0.195712  7.14465e+07 1.72259e+07 1.16404e+07 803826 2.1858e+06 707606 837805 147796 109797 145315 95261.6 26067 32378.5 24215.6 14569.2 12995.3
1.30303e+06 1.30303e+06 0.00244846 0.025376 0.210536 0.257782 0.188932 0.145993 0.132352 0.129031 0.128846 0.129144 0.128993 0.128298 0.127327 0.126361 0.125613 0.125321  8.83342e+06 1.16174e+07 2.8268e+06 1.10743e+06 77458.3 277830 118919 155492 29748.3 21324 27743.1 17897.8 4907.6 5878.07 4307.74 4833.37
1.26159e+06 1.26159e+06 0.00116689 0.0121943 0.108611 0.135694 0.0965817 0.073314 0.0660596 0.0642842 0.0641715 0.0643287 0.0642633 0.0639205 0.0634345 0.0629474 0.0625689 0.0624208  2.26409e+08 4.68825e+06 6.31589e+06 1.28325e+06 516826 43912.2 173715 76107.4 98501.7 18363 12733.5 15972.3 9938.26 2640.45 3087.04 4715.07
2.53026e+06 2.53026e+06 0.00201103 0.0209232 0.179264 0.221969 0.160676 0.123079 0.11118 0.10823 0.108006 0.108226 0.108083 0.107489 0.106666 0.105849 0.105217 0.104971  1.06622e+08 6.01204e+07 1.82377e+06 2.25884e+06 765619 412503 53126.9 175077 90888.2 112101 24643.3 15578.5 18909.3 11858.7 3458.51 9825.65
1.19251e+07 1.19251e+07 0.00392279 0.0402271 0.306033 0.365177 0.276777 0.218683 0.199942 0.195522 0.195426 0.19592 0.195699 0.194658 0.19321 0.191772 0.190661 0.190228  8.8374e+07 4.79858e+07 2.7842e+07 1.1064e+06 1.34248e+06 682109 428892 67177.7 196195 108084 131612 29788.7 17818.5 21050.7 13053.1 14751.1
3.8576e+06 3.8576e+06 0.00332348 0.0342393 0.270335 0.326291 0.243872 0.190823 0.173784 0.169681 0.169503 0.1699 0.169695 0.168781 0.167513 0.166254 0.165282 0.164903  5.92161e+06 1.4347e+07 7.98261e+06 3.22194e+06 144223 217206 136937 92052.4 15211.5 41971.1 23046.9 27365 6080.45 3505.09 4050.72 5295.12
1.60505e+06 1.60505e+06 0.00129025 0.0134641 0.118487 0.147323 0.105344 0.0802473 0.0724234 0.0705305 0.0704328 0.0706186 0.0705544 0.0701829 0.0696526 0.0691201 0.0687059 0.0685436  1.56537e+07 3.13805e+06 7.68494e+06 3.17915e+06 1.27631e+06 72973.3 124864 81413.5 54344.5 8755.18 23360.3 12360.6 14148.9 3045.31 1713.28 4485.66
656340 656340 0.000789705 0.00826406 0.0745538 0.0932815 0.0659917 0.0499734 0.0450238 0.0438331 0.0437772 0.0439009 0.0438674 0.0436397 0.0433107 0.0429788 0.0427199 0.0426184  3.52185e+07 1.09764e+07 2.27936e+06 2.44967e+06 1.26385e+06 711237 88896.2 123407 98817.1 66874.7 12163.3 28994.3 15963.8 17723.6 3977.39 7783.19
4.22978e+06 4.22978e+06 0.00335398 0.0344931 0.268735 0.322212 0.241837 0.190067 0.173539 0.169687 0.169649 0.170128 0.169972 0.169087 0.167835 0.166584 0.165614 0.165235  5.99666e+07 1.84604e+07 7.56142e+06 1.79059e+06 1.52409e+06 1.03052e+06 698046 117965 146886 123977 83182 15505.7 34492.5 18855.7 20472 13526.2
1.50237e+06 1.50237e+06 0.00285831 0.0294622 0.233987 0.281481 0.209541 0.163999 0.14959 0.146276 0.146292 0.146753 0.146652 0.145908 0.144835 0.143755 0.142916 0.142587  7.5914e+06 9.83671e+06 3.20963e+06 975759 249769 252178 207063 151558 27494.9 32590.1 27292.5 17795.8 3252.23 6952.57 3735.27 6636.94
979403 979403 0.00130689 0.0136419 0.120331 0.149845 0.107072 0.0814902 0.0735032 0.0715571 0.0714429 0.0716219 0.0715511 0.0711708 0.0706311 0.0700901 0.0696696 0.069505  9.67527e+06 4.02275e+06 5.27488e+06 1.29756e+06 389309 126103 144738 123334 89934.8 15947.1 18312.6 14795.9 9307.8 1648.4 3439.91 5037.4
576527 576527 0.000931719 0.00974717 0.0876584 0.10972 0.0777551 0.0589013 0.0530531 0.0516325 0.0515519 0.0516869 0.0516404 0.0513683 0.0509789 0.0505876 0.0502829 0.0501635  6.42777e+07 7.1962e+06 1.56706e+06 1.80014e+06 761700 364571 175403 121007 117269 95676 21211.2 22199.5 18303.4 11437.6 2127.37 10349.6
2.49192e+06 2.49192e+06 0.00227771 0.0236268 0.197495 0.242206 0.176956 0.136518 0.123725 0.120626 0.120466 0.120757 0.120623 0.119977 0.11907 0.118166 0.117465 0.117192  2.6707e+07 3.05304e+07 5.17516e+06 998630 1.14767e+06 771322 416025 229343 134890 136689 113308 26249.4 25861.6 20975.3 12908.8 13977.4
1.90409e+06 1.90409e+06 0.00286025 0.0295541 0.239122 0.290535 0.215046 0.167257 0.152007 0.148327 0.148157 0.148512 0.148341 0.147546 0.146435 0.14533 0.144475 0.144142  4.51998e+07 4.51399e+06 5.3064e+06 801926 163925 220089 182486 100672 57182.5 31705.5 31771.2 25728.4 5854.92 5561.21 4421.77 5587.58
1.22088e+06 1.22088e+06 0.00145398 0.0151636 0.132711 0.164908 0.118225 0.0901518 0.0813661 0.0792244 0.0790985 0.0792942 0.0792134 0.0787915 0.078194 0.0775957 0.077131 0.0769491  5.61809e+07 2.39705e+07 2.43568e+06 2.25524e+06 344288 87655 131797 112482 61538.9 34076.4 18276.9 17654.6 13786.7 3039.6 2817.96 4980.58
1.10103e+06 1.10103e+06 0.000913119 0.00955459 0.086079 0.107819 0.0763551 0.0578106 0.0520583 0.0506587 0.050577 0.0507081 0.0506617 0.0503942 0.050012 0.0496278 0.0493287 0.0492115  3.74486e+07 2.28802e+07 7.03514e+06 1.11716e+06 1.06119e+06 280146 82267.6 99662 129890 70548.7 42309.9 19896.6 19498.6 15383.8 3568.5 8846.56
5.25629e+06 5.25629e+06 0.00283207 0.0292486 0.235784 0.285805 0.211764 0.164942 0.150053 0.146511 0.146397 0.146779 0.14663 0.145855 0.144764 0.143675 0.142831 0.142501  2.71127e+07 1.92896e+07 1.31739e+07 3.59093e+06 913197 961939 311547 99504.3 105859 160443 84169.2 50557.3 22404.3 21597.8 16812.4 13552.8
1.84945e+06 1.84945e+06 0.00310212 0.0320392 0.258095 0.313913 0.232935 0.181227 0.16461 0.160524 0.160258 0.160582 0.160359 0.159476 0.158265 0.157066 0.156142 0.155782  2.69597e+07 4.56323e+06 3.27673e+06 1.77861e+06 499410 179271 210643 72213.7 23583.6 23657.3 36705.1 18522.2 10851.2 4628.47 4376.53 6076.79
1.58506e+06 1.58506e+06 0.00222296 0.0230737 0.193884 0.238267 0.173736 0.133821 0.121181 0.118099 0.11792 0.118194 0.118057 0.117421 0.116531 0.115645 0.114958 0.11469  1.08556e+08 1.42969e+07 2.45976e+06 1.37701e+06 756885 266281 107126 129404 43934.7 13971.8 13546.1 20247.9 9849.45 5589.25 2326.72 5159.48
1.12909e+06 1.12909e+06 0.00124155 0.012971 0.115243 0.143943 0.102576 0.0779042 0.0702022 0.0683129 0.0681878 0.0683498 0.0682769 0.0679106 0.0673933 0.0668756 0.0664736 0.0663162  2.79174e+07 2.89408e+07 4.17762e+06 724921 559351 478807 164924 127255 137044 49910.3 17143.6 14402.4 24184.3 11453.1 6523.6 8608.66
5.02204e+06 5.02204e+06 0.00290235 0.02983 0.23176 0.275765 0.206702 0.162942 0.149239 0.146274 0.146486 0.147065 0.147036 0.146333 0.145283 0.144215 0.14338 0.143052  4.99179e+07 2.22907e+07 1.4158e+07 2.1235e+06 473688 472128 492203 172727 165807 168764 61050.5 21040 16453.5 27805.8 12863.8 16827.1
2.20289e+06 2.20289e+06 0.00326698 0.03374 0.271489 0.330767 0.245717 0.191089 0.173432 0.169014 0.168653 0.168939 0.168669 0.16772 0.166435 0.16517 0.164198 0.163819  2.76429e+06 8.67353e+06 4.30765e+06 1.79111e+06 264969 80442.9 93497.4 106898 38076.5 38142.2 37434.2 13141.1 4419.26 3317.45 5541.05 5816.68
1.36603e+06 1.36603e+06 0.00186436 0.0194041 0.166821 0.206509 0.149211 0.114238 0.103206 0.100492 0.100309 0.100533 0.100414 0.0998695 0.0991089 0.098351 0.0977639 0.0975345  1.57686e+07 1.466e+06 4.67504e+06 1.80534e+06 763167 141807 48199.5 57494.2 65006.5 22523.6 21790.9 20593.7 6966.81 2269.03 1662.23 5589.5
776773 776773 0.00119442 0.0124823 0.111184 0.138972 0.0989259 0.0750834 0.0676448 0.0658197 0.0656986 0.0658552 0.0657855 0.0654329 0.0649344 0.0644355 0.0640479 0.0638962  3.4591e+07 1.80122e+07 704865 1.83534e+06 1.24184e+06 397104 99526.7 41268.6 56762 74816.2 24994.6 28339.5 25232.6 8489.01 2825.34 8698.14
4.98009e+06 4.98009e+06 0.00307966 0.031794 0.255329 0.309939 0.230188 0.179311 0.16301 0.159048 0.158834 0.159184 0.15898 0.158116 0.15692 0.155735 0.15482 0.154463  2.76386e+07 2.22391e+07 1.29854e+07 540824 1.36537e+06 1.43183e+06 398805 110747 48782.2 67277.6 90989.9 29775.7 34217.8 29260.2 9689.21 12993.9
1.18835e+06 1.18835e+06 0.00183942 0.0191541 0.165343 0.205062 0.147952 0.113135 0.10215 0.0994336 0.099236 0.0994475 0.0993231 0.0987809 0.0980261 0.0972749 0.0966935 0.0964664  7.78103e+06 4.57835e+06 3.78833e+06 1.78004e+06 86703.4 257311 336538 91824.1 25798.7 11283.3 15133.7 20066.5 6360.52 7172.18 5975.35 4561.28
744249 744249 0.00119122 0.0124489 0.110888 0.138596 0.0986565 0.0748795 0.0674619 0.0656423 0.0655221 0.0656787 0.0656095 0.065258 0.064761 0.0642634 0.0638769 0.0637256  1.47919e+07 4.13482e+06 2.51843e+06 1.90504e+06 946576 53894.6 172225 228510 61518.6 16826.2 7118.52 9206.95 11776.9 3617.54 3982.03 5748.65
365947 365947 0.000611095 0.00640742 0.0587703 0.0740141 0.0520213 0.0392063 0.0352487 0.0342837 0.0342243 0.0343132 0.0342826 0.0341017 0.0338425 0.0335817 0.0333786 0.0332989  1.49461e+07 1.50889e+07 1.5318e+06 968391 972966 702456 58863.1 146767 263810 58597.3 17762.7 7691.49 10001.3 12966.1 3929 10711.6
3.06388e+06 3.06388e+06 0.0022047 0.022858 0.190379 0.23278 0.170207 0.131521 0.119333 0.116432 0.116334 0.116651 0.116544 0.115934 0.115065 0.114195 0.113519 0.113255  1.51762e+07 9.32485e+06 1.13621e+07 1.05213e+06 708638 860668 757262 78895.1 171078 338961 69795.6 21220.6 9012.38 11408.2 14600.6 16370.9
774885 774885 0.00182066 0.0189566 0.163502 0.202632 0.146226 0.111858 0.101024 0.0983555 0.0981717 0.0983884 0.0982699 0.0977363 0.0969911 0.0962486 0.0956736 0.0954488  2.62806e+06 2.60969e+06 1.64772e+06 1.75769e+06 177129 138605 188758 179769 19794.2 40598 80704.5 15863.3 4692.25 1939.06 2399.23 6425.87
572433 572433 0.00134863 0.0140668 0.123298 0.153102 0.109652 0.0836178 0.0754967 0.0735352 0.0734378 0.0736331 0.0735669 0.0731801 0.0726278 0.0720731 0.0716415 0.0714725  7.78873e+07 1.39648e+06 1.4351e+06 826799 931179 109744 92548.7 127935 120266 12894.7 25586.6 49052.9 9301.93 2666.47 1075.69 4803.47
556900 556900 0.000965606 0.010102 0.0908566 0.113786 0.0806468 0.0610792 0.0550024 0.0535203 0.0534303 0.0535658 0.0535149 0.0532311 0.0528268 0.0524209 0.052105 0.0519813  5.149e+07 2.39431e+07 990806 639438 424765 668383 95191.9 73724.3 110257 120698 14976.5 25909.5 52518.5 9443.95 2756.29 6074.45
3.95454e+06 3.95454e+06 0.00286804 0.029043 0.202505 0.228123 0.176266 0.143896 0.13458 0.133533 0.134713 0.135854 0.136205 0.135788 0.134954 0.134039 0.133296 0.132999  4.79727e+07 2.59678e+07 1.25349e+07 835936 518494 412223 753709 120051 85474 126297 143741 18577 29766.6 59873 10486.3 9743.52
1.6781e+06 1.6781e+06 0.00281132 0.0290695 0.236553 0.288101 0.212811 0.165228 0.150028 0.146328 0.146127 0.146458 0.14628 0.145489 0.144389 0.143297 0.142453 0.142123  4.81056e+06 7.89222e+06 4.29072e+06 1.18656e+06 86435 69221.4 70284.7 144344 24314.5 16707 24236.4 27381.4 3498.23 5384.14 10659.1 3540.54
857736 857736 0.00107881 0.0112641 0.0996674 0.123908 0.0883501 0.0672444 0.0606958 0.0591294 0.0590678 0.0592396 0.0591965 0.0588911 0.0584493 0.0580035 0.0576558 0.0575194  1.02987e+08 2.55169e+06 4.26625e+06 1.85152e+06 520086 46934.7 41920.7 43723.8 88963.7 14602.4 9703.67 13568 14781 1829.51 2748.34 7129.2
542371 542371 0.000688979 0.00722122 0.0660018 0.0830558 0.0584676 0.0440988 0.0396535 0.0385671 0.0384984 0.0385966 0.0385609 0.0383568 0.0380651 0.0377718 0.0375434 0.0374539  4.40786e+07 3.107e+07 1.07712e+06 1.63868e+06 831431 376781 79613.8 53672.5 57581.9 119574 20368.6 12355.6 16906.6 18598.6 2425.45 12350.6
3.34834e+06 3.34834e+06 0.00175989 0.0182843 0.155082 0.190281 0.13803 0.106232 0.0962996 0.093963 0.0939116 0.094195 0.0941284 0.0936458 0.0929483 0.0922454 0.0916979 0.0914833  2.02204e+07 2.08412e+07 1.57869e+07 777761 1.19589e+06 751765 433080 116164 72847.2 76388.9 154904 26341.6 15157.1 19938.5 21617.4 17050
1.23674e+06 1.23674e+06 0.00185538 0.019268 0.162802 0.199613 0.14504 0.111711 0.101272 0.0988048 0.0987413 0.0990322 0.0989575 0.0984477 0.0977136 0.0969748 0.0963997 0.0961743  9.98294e+06 3.35709e+06 3.59938e+06 2.40685e+06 136618 240136 173106 107601 30020 18140 18561.7 36475.6 6027.65 3346.75 4297.3 8221.48
697696 697696 0.0011675 0.0121987 0.108514 0.13548 0.0964708 0.0732624 0.0660304 0.0642654 0.0641583 0.0643185 0.0642551 0.0639135 0.0634282 0.0629415 0.0625632 0.0624151  4.77667e+07 5.30035e+06 1.834e+06 1.71217e+06 1.18043e+06 79727.4 153398 113173 69747.1 18995.8 11120.8 10983.2 20831.4 3336.86 1808.81 6641.19
437931 437931 0.000828715 0.00867791 0.078685 0.0987847 0.0697763 0.0527354 0.0474529 0.0461627 0.0460823 0.0461992 0.0461557 0.0459111 0.045562 0.0452114 0.0449386 0.0448317  2.63364e+07 1.371e+07 1.80375e+06 631028 634171 547123 66328.5 114400 95401.2 71186.8 22182.4 11980.8 11806.8 21889.5 3564.94 8684.04
3.37742e+06 3.37742e+06 0.00445073 0.0444481 0.280018 0.306657 0.244811 0.204889 0.193702 0.193071 0.195149 0.196964 0.19756 0.197022 0.195869 0.194589 0.193545 0.193127  2.58036e+07 1.25777e+07 7.03901e+06 1.10147e+06 425456 487618 483443 81084 127991 109672 85274.5 27058 13980.7 13334.2 24091.7 13358
1.63569e+06 1.63569e+06 0.0063419 0.064187 0.439932 0.513361 0.405143 0.327705 0.301605 0.295207 0.294852 0.295318 0.294783 0.293119 0.29092 0.28878 0.287149 0.286517  1.65169e+07 4.26732e+06 2.00816e+06 513710 74303.1 41917.7 64273.2 74349.1 14353.3 21882.5 18757.6 14470.6 4503.85 2249.32 2100.76 5808.24
1.10409e+06 1.10409e+06 0.00272102 0.0281826 0.232389 0.28469 0.20931 0.161816 0.146576 0.142776 0.142487 0.142761 0.142559 0.141771 0.140689 0.139619 0.138793 0.138471  5.46186e+07 8.71477e+06 2.18718e+06 539205 125757 27124.9 18924.1 30786.2 35551.3 6682.13 9821.02 8088.57 6002.84 1807.4 880.391 3036.46
628401 628401 0.00096116 0.0100495 0.0899558 0.112353 0.0797551 0.0604972 0.0545206 0.0530745 0.0530004 0.0531448 0.0531007 0.0528232 0.0524244 0.0520229 0.0517101 0.0515875  4.59066e+07 1.85419e+07 3.07849e+06 709946 255945 138478 51137.1 29081.9 40114.1 51269.2 12159.2 16312.5 13594.5 10391.7 3199.26 6752.66
3.47973e+06 3.47973e+06 0.00244186 0.0252897 0.208675 0.254725 0.187013 0.144788 0.131413 0.128202 0.128069 0.128396 0.128264 0.127584 0.126625 0.125668 0.124926 0.124636  2.97395e+07 2.39617e+07 1.01822e+07 1.8864e+06 511774 256485 179759 73734.8 39709.6 51767.6 65853.1 16040.3 20475.2 16531.2 12452.4 11803
1.2648e+06 1.2648e+06 0.00204045 0.0211884 0.17878 0.219621 0.159782 0.122998 0.111394 0.108592 0.10846 0.108739 0.108631 0.108057 0.107243 0.106429 0.105798 0.105551  1.11655e+07 5.01599e+06 4.08632e+06 1.48063e+06 302415 101107 59354 44693.4 18584.4 9675.08 12196.5 15109.7 3597.77 4435.35 3504.09 5066.87
773993 773993 0.00118589 0.0123838 0.109645 0.136576 0.0974108 0.0740835 0.0668171 0.0650548 0.0649607 0.0651318 0.0650731 0.0647307 0.0642414 0.0637498 0.0633673 0.0632174  3.38517e+07 5.92855e+06 2.73996e+06 1.93745e+06 726937 177162 64754 38821.5 28932.4 11729.8 5911.36 7188.57 8592.65 1982.89 2386.37 4527.85
302713 302713 0.000511713 0.00536909 0.0495461 0.0625144 0.0438257 0.032976 0.0296286 0.0288106 0.0287588 0.0288333 0.0288078 0.0286558 0.0284379 0.0282185 0.0280476 0.0279806  3.84706e+07 1.22078e+07 1.92305e+06 1.00381e+06 825891 411189 156846 56428.2 38530.3 32608.5 14009.3 6811.74 7960.37 9562.98 2257.33 7719.22
3.81636e+06 3.81636e+06 0.00402347 0.0411489 0.306762 0.362683 0.276636 0.21994 0.20177 0.197671 0.19778 0.1984 0.198251 0.197243 0.195804 0.194364 0.193246 0.192809  1.12391e+07 1.75042e+07 6.8479e+06 1.17816e+06 745887 693784 413221 194748 68112.7 47535.4 40819.5 17438.4 8178.39 9181.81 10834.8 11249.5
1.52887e+06 1.52887e+06 0.00423895 0.043522 0.333671 0.401501 0.304064 0.239236 0.217952 0.212607 0.212159 0.212475 0.212098 0.210889 0.209275 0.207696 0.206487 0.206017  8.86416e+06 1.86482e+06 2.91241e+06 761134 135770 116569 126869 84170 42175.1 14324.1 9827.41 8239.5 3417.87 1551.65 1699.69 4032.09
757938 757938 0.00211819 0.022004 0.186147 0.229253 0.166711 0.128168 0.115964 0.112974 0.112788 0.113046 0.112914 0.112305 0.111453 0.110604 0.109946 0.109689  6.79043e+07 4.69419e+06 990635 1.0722e+06 276646 65207.1 64468.5 72639.8 47753.4 23268.8 7625.75 5033.46 4064.25 1632.09 722.925 2620.14
633690 633690 0.00122018 0.0127505 0.113494 0.141858 0.101014 0.0766725 0.0690695 0.0671994 0.0670718 0.0672292 0.0671567 0.0667959 0.0662868 0.0657773 0.0653818 0.065227  6.73135e+07 1.90276e+07 1.61091e+06 338299 394644 217699 67548.5 66126.8 71905.2 54925.3 31201.7 9816.15 6476.92 5266.1 2120.62 4287.28
3.65207e+06 3.65207e+06 0.00307554 0.0312666 0.224013 0.256383 0.196847 0.159184 0.147934 0.146198 0.147121 0.148134 0.148371 0.147828 0.146868 0.145845 0.145026 0.144701  4.36815e+07 3.04224e+07 9.46863e+06 977832 252883 326717 240180 86245.8 81211.6 84459.8 66603 38601.8 11742 7527.95 6022.34 7240.1
1.36204e+06 1.36204e+06 0.00203697 0.0210935 0.174167 0.211458 0.154907 0.120118 0.109238 0.106743 0.106766 0.107133 0.107084 0.106553 0.105772 0.104981 0.104363 0.10412  4.21724e+07 7.85084e+06 4.97771e+06 964829 101498 37005.2 55833.5 46728.8 18002.5 16609.8 16737.1 13095.9 7449.92 2198.19 1379 2393.72
1.09472e+06 1.09472e+06 0.00114428 0.0119573 0.106459 0.132931 0.0946138 0.0718307 0.0647265 0.06299 0.0628839 0.0630417 0.0629804 0.0626462 0.0621709 0.0616941 0.0613233 0.0611781  2.09512e+07 2.23724e+07 4.25825e+06 2.22944e+06 435738 55689.2 22576.8 35108.8 29230.2 11011.8 9852.02 9586.16 7241.01 3993.33 1150.39 1938.22
464049 464049 0.000425018 0.00446166 0.0413551 0.05224 0.0365517 0.0274731 0.024676 0.023993 0.0239502 0.0240129 0.0239922 0.0238659 0.0236845 0.0235018 0.0233593 0.0233034  2.51471e+07 9.93794e+06 6.62499e+06 1.64154e+06 939790 332146 76462.6 30774.6 37006.6 38060.1 15259 13027.8 11960.8 9236.72 5122.3 3939.37
4.46822e+06 4.46822e+06 0.00388675 0.0396658 0.291284 0.341105 0.261121 0.208761 0.192227 0.188762 0.189143 0.189913 0.189879 0.188981 0.187641 0.18628 0.185217 0.184799  2.27593e+07 1.25725e+07 6.84139e+06 3.64644e+06 1.31707e+06 806476 383566 104737 41882.5 45096.9 47791 19367.6 15827.8 13942.6 10648.3 10396.7
1.53938e+06 1.53938e+06 0.00461588 0.0472219 0.351981 0.41941 0.320822 0.254373 0.232537 0.22718 0.226859 0.227272 0.22691 0.225646 0.223941 0.222267 0.220984 0.220485  6.45412e+06 3.72644e+06 2.14081e+06 810935 376858 206495 146376 79896.3 22800.2 8960.67 9154.37 9537.6 3789.06 2996.21 2569.16 3835.97
798563 798563 0.00214322 0.0222756 0.1892 0.233607 0.169679 0.13026 0.117755 0.114657 0.11443 0.114667 0.114518 0.113891 0.113021 0.112157 0.111489 0.111229  3.89165e+07 3.41453e+06 1.96178e+06 729282 266257 168208 108187 80028.8 43427.9 12067.9 4578.63 4500.8 4516 1736.79 1339.95 2812
282125 282125 0.000697887 0.00731457 0.0668503 0.0841315 0.0592283 0.0446709 0.0401654 0.039063 0.0389922 0.0390909 0.0390543 0.0388473 0.0385518 0.0382547 0.0380234 0.0379328  1.48725e+07 1.16458e+07 1.273e+06 600883 352217 278672 142053 115014 86495 59423.1 17627 6506.39 5853.81 6092.57 2405.8 5613.27
2.62159e+06 2.62159e+06 0.00353344 0.0360655 0.265508 0.309872 0.236644 0.189331 0.174596 0.171673 0.172188 0.173005 0.17305 0.172276 0.171078 0.169847 0.168879 0.168498  2.60554e+07 8.62166e+06 6.13211e+06 858636 419015 357161 356738 169028 146920 107298 76560.3 22539.3 8075.57 6898.76 7105.3 9285.38
1.10552e+06 1.10552e+06 0.00442052 0.045361 0.346074 0.416372 0.316052 0.248857 0.226686 0.221057 0.220531 0.220814 0.220392 0.219119 0.217435 0.215792 0.214537 0.21405  2.54851e+06 4.26616e+06 1.487e+06 677534 98887 62045.7 68456.9 75576.1 35352.7 31012.4 21988.4 15477.7 4427.3 1539.01 1278.17 3000.5
829081 829081 0.00277019 0.0286938 0.236673 0.29019 0.213394 0.164937 0.149378 0.145485 0.145169 0.145431 0.145214 0.144404 0.143299 0.142206 0.141365 0.141037  4.61513e+06 1.34948e+06 2.26325e+06 540293 242964 47136 34120.5 38963.3 42593.9 19363.1 16381.9 11170.7 7570.86 2096.2 710.917 1939.18
188405 188405 0.000636066 0.0066693 0.0611688 0.0770608 0.054168 0.0408154 0.0366846 0.0356726 0.0356067 0.035697 0.0356638 0.035475 0.0352051 0.0349337 0.0347223 0.0346395  1.07414e+07 7.23663e+06 648106 775456 296365 195698 61514.4 34709.3 46578.8 56306.9 24395.1 21282.5 14497.6 10107.8 2770.88 3457.97
2.66191e+06 2.66191e+06 0.00425811 0.0435401 0.32382 0.383576 0.293098 0.232958 0.213516 0.209006 0.208992 0.209559 0.209344 0.208247 0.206711 0.205183 0.204002 0.203542  9.07198e+06 7.96339e+06 5.35394e+06 472428 559640 313309 240808 84690.8 44101.2 59822.4 71544.9 29822.8 25501.4 16893.5 11632.1 7076.89
637932 637932 0.00288238 0.0298419 0.245143 0.30039 0.221296 0.171185 0.155055 0.151002 0.150657 0.150916 0.150681 0.149835 0.148686 0.147552 0.14668 0.14634  2.66849e+06 1.73724e+06 1.39986e+06 599729 56037 84116.5 62063.6 52087.6 18717 9347.87 12424.7 14416.6 5785.94 4816.8 3116.76 3405.97
591885 591885 0.00269509 0.0279231 0.230846 0.283094 0.207948 0.160656 0.145493 0.141709 0.141413 0.14168 0.141476 0.140691 0.139616 0.138552 0.137732 0.137412  2.75016e+07 1.41608e+06 942144 619518 273384 31411.5 52136.5 39301.3 32572 11383.1 5491.9 7030.97 7863.73 3056.96 2483.72 3303.34
270681 270681 0.000826753 0.00865913 0.0786441 0.0988204 0.0697595 0.0526892 0.0473914 0.0460915 0.0460054 0.0461192 0.046074 0.0458289 0.04548 0.0451297 0.0448572 0.0447505  2.07433e+07 9.17503e+06 852437 487188 492041 264528 39627.5 48991.1 47487.5 42620.3 15408.5 6920.12 8791.75 9761.17 3734.08 7082.25
1.50113e+06 1.50113e+06 0.00179475 0.0186636 0.159419 0.196452 0.142202 0.109158 0.0987913 0.0963001 0.0961906 0.0964459 0.0963563 0.0958491 0.0951277 0.0944045 0.0938425 0.0936226  1.57167e+07 1.28692e+07 5.62526e+06 785255 438433 562232 307389 53022 57815 60863.9 54552.8 19413.5 8358.96 10293.8 11180.7 12214.2
892174 892174 0.00244871 0.0253754 0.210327 0.257391 0.188699 0.14585 0.132234 0.128921 0.128741 0.129043 0.128895 0.128202 0.127234 0.126269 0.125522 0.12523  1.72641e+06 2.72297e+06 2.34627e+06 951785 154946 95513.2 139552 76492.5 13700.6 14127.9 14917.6 13028.8 4492.75 1870.51 2252.21 5035.09
606867 606867 0.00174173 0.0181483 0.157505 0.195638 0.140833 0.107537 0.0970375 0.0944364 0.094244 0.0944454 0.0943284 0.0938141 0.0930973 0.0923834 0.0918307 0.0916147  3.16278e+07 916238 1.4799e+06 1.06238e+06 442524 87579 59578.2 89116.8 48354.7 8439.9 8419.73 8571.83 7220.81 2412.66 980.493 3748.58
438048 438048 0.00129194 0.0134929 0.119522 0.149152 0.106418 0.0808801 0.0728985 0.0709396 0.0708102 0.0709782 0.0709023 0.070522 0.0699851 0.0694478 0.0690306 0.0688674  2.16522e+07 1.1697e+07 443483 632153 553034 264850 81763.9 56245.4 108578 54984.2 10216.6 9085.96 9630.27 8081.19 2678.21 5149.2
2.67546e+06 2.67546e+06 0.00355584 0.0360231 0.251249 0.28553 0.221324 0.180147 0.167839 0.166018 0.167113 0.168273 0.168545 0.167931 0.166848 0.165694 0.16477 0.164404  8.72693e+06 1.02774e+07 7.40747e+06 343168 469552 519275 279467 102640 66833.2 136381 65785.9 12364.8 10326 10870.2 8965.62 8564.09
973795 973795 0.00392941 0.0404157 0.314405 0.379652 0.28584 0.224106 0.203925 0.19886 0.198443 0.198756 0.198417 0.197293 0.195785 0.194305 0.19317 0.192729  3.11098e+06 1.56379e+06 1.69376e+06 780477 36837.1 61988.8 88835.3 53396.4 20911.2 13196.5 26999.4 12529.8 2311.18 1855.71 1924.56 3058.81
754979 754979 0.00369265 0.0380174 0.298214 0.36052 0.270446 0.211668 0.192541 0.187776 0.187421 0.187751 0.187455 0.186407 0.184988 0.183591 0.182517 0.182099  2.56854e+07 1.64819e+06 834382 648632 297591 18271.9 35103.4 51936.7 30913 11774.2 7172.13 14121.8 6312.89 1127.43 883.297 2328.45
296517 296517 0.00081743 0.00855957 0.0776031 0.0974032 0.0687973 0.0519962 0.0467861 0.0455133 0.0454348 0.0455511 0.0455091 0.0452686 0.0449248 0.0445793 0.0443103 0.0442049  2.08364e+07 1.0892e+07 1.45911e+06 329070 256545 247591 27721.2 41896.1 63993.2 36956.1 15887.8 9464.35 19454.6 8391.04 1515.01 4180.56
3.62171e+06 3.62171e+06 0.00365245 0.0374805 0.286906 0.342208 0.258554 0.2041 0.186646 0.182601 0.182592 0.183115 0.182951 0.182003 0.18066 0.17932 0.178281 0.177875  3.15963e+07 1.82369e+07 7.27211e+06 1.43234e+06 308298 260059 317272 40199 54259.1 83293 47476.9 20426.5 11695.5 23606.1 9927.62 6671.31
769753 769753 0.00137498 0.0143445 0.12592 0.156546 0.112073 0.0854017 0.0770631 0.075033 0.0749176 0.0751074 0.0750343 0.0746365 0.0740714 0.0735049 0.0730645 0.0728921  3.17162e+07 5.3432e+06 3.62474e+06 956097 216088 56763.9 54106.3 71956.7 9359.86 12006.3 18109.6 10039 4206.38 2328.96 4609.07 3186.41
753473 753473 0.000975594 0.0102001 0.0912753 0.114006 0.0809429 0.0614011 0.0553349 0.0538661 0.0537896 0.0539351 0.0538896 0.0536075 0.0532026 0.052795 0.0524775 0.0523531  3.55427e+07 1.68604e+07 2.95243e+06 1.9015e+06 532992 138289 38811.8 37480.1 49210.5 6238.15 7747.99 11278.1 6034.2 2450.9 1324.87 4358.46
