1 2 1 1 13.3611 54 3970 3.14346
1 3 1 1 26.3695 54 859 1.59275
1 5 1 1 5.74367 54 194 7.31239
1 6 1 1 10.6097 54 5686 3.95863
1 7 1 1 50.9676 54 751 0.824053
1 10 1 1 54.4748 54 9560 0.770999
1 11 1 1 5.19875 54 828 8.07887
1 14 1 1 33.1779 54 5977 1.2659
1 15 1 1 4.48083 54 266 9.37325
1 18 1 1 41.0196 54 2823 1.0239
1 19 1 1 36.9283 54 666 1.13734
1 22 1 1 18.2528 54 3124 2.30101
1 23 1 1 6.57882 54 50 6.38413
1 26 1 1 52.9945 54 1955 0.792535
1 27 1 1 8.94897 54 145 4.69328
1 30 1 1 25.1431 54 2521 1.67044
1 31 1 1 15.6194 54 311 2.68897
1 34 1 1 17.4461 54 2694 2.40741
1 35 1 1 19.6143 54 170 2.1413
1 38 1 1 63.7021 54 1064 0.659319
1 39 1 1 12.4112 54 60 3.38405
1 42 1 1 28.5484 54 2576 1.47118
1 43 1 1 6.55081 54 5 6.41142
1 44 3 3 3.25592 54 1 12.8996
1 46 1 1 10.2861 54 3633 4.08318
1 47 1 1 5.77682 54 5 7.27044
1 50 1 1 58.8994 54 6266 0.71308
1 51 1 1 17.569 54 68 2.39058
1 53 1 1 10.4179 54 276 4.03153
1 54 1 1 103.002 54 2185 0.407758
1 58 1 1 21.0411 54 7160 1.99609
1 62 1 1 18.6212 54 2846 2.2555
1 66 1 1 25.595 54 1159 1.64094
1 70 1 1 26.1419 54 194 1.60662
1 71 1 1 6.43937 54 15 6.52238
1 74 1 1 10.6819 54 1758 3.93189
1 76 1 1 32.4754 54 139 1.29329
1 78 1 1 17.5106 54 5394 2.39855
1 78 3 3 2.38346 54 1 17.6214
1 79 1 1 12.2465 54 284 3.42955
1 82 1 1 44.8182 54 4172 0.93712
1 83 1 1 33.576 54 734 1.25089
1 83 2 2 51.2252 54 100 0.819908
1 84 1 1 0.966288 54 3 43.4653
1 85 3 3 0.0970371 54 2 432.824
1 86 1 1 26.1329 54 1680 1.60717
1 86 2 2 24.0712 54 158 1.74483
1 86 3 3 0.361055 54 1 116.326
1 87 1 1 8.54143 54 40 4.91721
1 90 1 1 12.3311 54 2030 3.40601
1 90 2 2 9.68735 54 100 4.33555
1 91 1 1 35.6012 54 569 1.17974
1 94 1 1 26.6914 54 2326 1.57354
1 94 3 3 3.80229 54 1 11.046
1 95 1 1 17.9301 54 20 2.34243
1 98 1 1 38.5428 54 5174 1.0897
1 99 1 1 104.653 54 3563 0.401327
1 102 1 1 49.2575 54 17275 0.852661
1 103 1 1 80.4793 54 3730 0.521873
1 106 1 1 52.7168 54 5314 0.79671
1 107 1 1 44.7709 54 32 0.938108
1 110 1 1 66.9473 54 4552 0.627359
1 111 1 1 60.632 54 692 0.692704
1 113 1 1 8.25874 54 4 5.08552
1 114 1 1 35.569 54 21772 1.1808
1 114 2 2 70.9429 54 418 0.592025
1 114 3 3 2.67641 54 7 15.6927
1 115 1 1 49.6458 54 3886 0.845994
1 118 1 1 45.5703 54 26023 0.921653
1 118 2 2 33.738 54 207 1.24489
1 119 1 1 128.805 54 1429 0.326075
1 120 3 3 0.83312 54 3 50.4129
1 122 1 1 43.945 54 4936 0.955741
1 123 1 1 82.7141 54 4866 0.507773
1 124 1 1 91.2929 54 1139 0.460058
1 124 3 3 0.122166 54 5 343.796
1 125 3 3 37.4606 54 115 1.12118
1 126 1 1 55.4825 54 6555 0.756996
1 126 2 2 27.2156 54 614 1.54323
1 127 1 1 18.9541 54 1194 2.21588
1 128 1 1 14.9658 54 1407 2.8064
1 129 1 1 8.97956 54 100 4.67729
1 129 3 3 0.218427 54 2 192.284
1 130 1 1 44.1751 54 8511 0.950761
1 130 2 2 87.6598 54 606 0.479125
1 131 1 1 14.5208 54 3350 2.89241
1 132 1 1 5.06326 54 1359 8.29505
1 133 1 1 14.6697 54 65 2.86305
1 134 1 1 68.785 54 8222 0.610598
1 134 2 2 56.9968 54 1170 0.736883
1 135 1 1 287.409 54 5277 0.146133
1 136 1 1 77.3376 54 1455 0.543074
1 137 1 1 2.25256 54 30 18.6454
1 138 1 1 244.066 54 4376 0.172085
1 138 2 2 84.7111 54 1146 0.495803
1 139 1 1 21.4832 54 2091 1.95502
1 140 1 1 3.47112 54 137 12.0998
1 141 1 1 10.4394 54 84 4.02321
1 142 1 1 74.0186 54 2700 0.567425
1 142 2 2 62.2198 54 508 0.675026
1 143 1 1 75.0514 54 3778 0.559617
1 144 1 1 3.8627 54 85 10.8732
1 146 1 1 33.8039 54 3632 1.24246
1 146 2 2 28.0367 54 300 1.49804
1 147 1 1 126.076 54 2217 0.333131
1 147 2 2 31.179 54 224 1.34706
1 148 1 1 16.992 54 1017 2.47175
1 149 1 1 23.7067 54 41 1.77165
1 150 1 1 69.7824 54 7919 0.601871
1 150 2 2 46.6877 54 3414 0.899594
1 151 1 1 140.315 54 6313 0.299326
1 152 1 1 25.4861 54 3476 1.64796
1 153 1 1 20.713 54 173 2.02771
1 154 1 1 27.8102 54 17818 1.51024
1 155 1 1 155.34 54 14497 0.270374
1 156 1 1 18.1861 54 3079 2.30946
1 157 1 1 25.7657 54 912 1.63007
1 158 1 1 26.8449 54 12114 1.56454
1 159 1 1 37.5851 54 9998 1.11746
1 160 1 1 10.6889 54 4899 3.92933
1 161 1 1 7.32804 54 67 5.73141
1 162 1 1 23.4569 54 14243 1.79052
1 163 1 1 57.3425 54 16847 0.732441
1 164 1 1 15.9156 54 3786 2.63892
1 165 1 1 22.1163 54 659 1.89905
1 166 1 1 37.011 54 21464 1.1348
1 167 1 1 49.1476 54 12396 0.854568
1 167 3 3 6.87817 54 3 6.10628
1 168 1 1 29.2338 54 8206 1.43669
1 169 1 1 12.88 54 16 3.26088
1 170 1 1 54.3307 54 14156 0.773043
1 171 1 1 120.315 54 10871 0.349083
1 172 1 1 24.9037 54 3499 1.6865
1 173 3 3 2.26658 54 1 18.5302
1 174 1 1 64.9832 54 2813 0.646321
1 175 1 1 5.97561 54 25 7.02857
1 176 1 1 21.5992 54 45 1.94452
1 176 3 3 5.12826 54 2 8.18991
1 178 1 1 26.6468 54 6216 1.57617
1 179 1 1 51.2784 54 6464 0.819058
1 180 1 1 55.501 54 874 0.756743
1 182 1 1 70.8637 54 13509 0.592687
1 183 1 1 21.6134 54 3065 1.94324
1 184 1 1 36.342 54 760 1.15569
1 185 1 1 15.013 54 89 2.79757
1 186 1 1 40.0375 54 7777 1.04902
1 187 1 1 22.0457 54 3087 1.90513
1 188 1 1 108.816 54 2704 0.385971
2 2 1 4 19.534 54 2480 2.15009
2 3 1 4 60.6708 54 5296 0.69226
2 4 1 4 17.5953 54 499 2.387
2 6 1 4 12.0749 54 4563 3.47829
2 7 1 4 45.7955 54 5642 0.91712
2 8 1 4 39.9159 54 1425 1.05221
2 10 1 4 25.2832 54 5149 1.66118
2 11 1 4 42.6027 54 4944 0.985852
2 12 1 4 17.8121 54 1010 2.35795
2 12 3 6 0.904032 54 1 46.4585
2 14 1 4 26.5257 54 3782 1.58337
2 15 1 4 27.6135 54 2376 1.521
2 16 1 4 34.3454 54 450 1.22287
2 16 3 6 14.8571 54 13 2.82693
2 17 2 6 14.8526 54 12 2.82778
2 18 1 4 26.6469 54 192 1.57617
2 19 1 4 33.9665 54 4612 1.23651
2 20 1 4 9.21778 54 326 4.55641
2 20 3 6 0.84609 54 2 49.6401
2 22 1 4 19.8942 54 1749 2.11116
2 23 1 4 30.3208 54 3446 1.38519
2 24 1 4 60.5996 54 1207 0.693074
2 24 3 6 8.32532 54 7 5.04485
2 25 3 6 2.97582 54 1 14.1138
2 26 1 4 34.2799 54 3571 1.22521
2 27 1 4 45.3114 54 5790 0.92692
2 27 3 6 2.00892 54 6 20.9068
2 28 1 4 19.7202 54 1494 2.12979
2 29 2 6 16.2749 54 5 2.58065
2 30 1 4 38.9856 54 1000 1.07732
2 31 1 4 45.2086 54 2944 0.929027
2 32 1 4 12.5027 54 580 3.35927
2 34 1 4 14.9469 54 2396 2.80995
2 35 1 4 39.0158 54 4728 1.07649
2 36 1 4 20.1728 54 948 2.08201
2 38 1 4 62.2017 54 2378 0.675223
2 39 1 4 57.5175 54 4288 0.730213
2 40 1 4 32.3742 54 1850 1.29733
2 42 1 4 25.3982 54 2909 1.65366
2 43 1 4 37.8162 54 12716 1.11063
2 44 1 4 23.5835 54 1285 1.78091
2 46 1 4 26.9967 54 8558 1.55575
2 47 1 4 29.7848 54 13450 1.41012
2 48 1 4 34.8105 54 2416 1.20653
2 50 1 4 46.5622 54 7592 0.902019
2 51 1 4 43.8301 54 20669 0.958246
2 52 1 4 19.0363 54 2348 2.20632
2 52 3 6 9.21659 54 11 4.557
2 54 1 4 39.7435 54 4523 1.05678
2 55 1 4 28.8363 54 11310 1.4565
2 56 1 4 23.4436 54 1729 1.79153
2 56 3 6 32.9021 54 21 1.27651
2 58 1 4 28.5997 54 5222 1.46855
2 59 1 4 47.5046 54 10215 0.884124
2 60 1 4 19.8078 54 2244 2.12037
2 60 3 6 2.47516 54 2 16.9686
2 62 1 4 31.2886 54 6600 1.34234
2 63 1 4 24.9867 54 9644 1.68089
2 63 3 6 4.46152 54 4 9.41384
2 64 1 4 25.4471 54 2075 1.65049
2 66 1 4 34.3839 54 2300 1.2215
2 67 1 4 27.1327 54 7980 1.54795
2 67 3 6 1.83551 54 2 22.882
2 68 1 4 22.3149 54 962 1.88215
2 68 3 6 0.000226274 54 22 185616
2 70 1 4 28.6822 54 3297 1.46432
2 71 1 4 61.9605 54 8678 0.677851
2 72 1 4 21.3507 54 3388 1.96715
2 74 1 4 69.3339 54 5464 0.605764
2 75 1 4 48.4742 54 5910 0.866439
2 76 1 4 44.898 54 1646 0.935454
2 78 1 4 22.4582 54 7811 1.87014
2 79 1 4 33.6521 54 14481 1.24806
2 79 3 6 12.2805 54 7 3.42006
2 80 1 4 16.9966 54 3615 2.47109
2 80 3 6 2.3838 54 7 17.6189
2 82 1 4 30.8182 54 5030 1.36283
2 83 1 4 34.6095 54 20094 1.21354
2 83 2 5 51.4422 54 974 0.81645
2 84 1 4 25.8558 54 5041 1.62439
2 84 3 6 22.5086 54 18 1.86595
2 86 1 4 38.7782 54 9675 1.08308
2 86 2 5 22.5399 54 118 1.86337
2 87 1 4 37.4259 54 15213 1.12222
2 87 2 5 25.6125 54 1107 1.63982
2 88 1 4 18.4372 54 3968 2.27801
2 88 3 6 22.7146 54 27 1.84903
2 90 1 4 47.6768 54 8618 0.880932
2 90 2 5 40.6793 54 239 1.03247
2 91 1 4 41.3253 54 13488 1.01633
2 91 2 5 74.5273 54 1047 0.563552
2 92 1 4 80.0737 54 6403 0.524516
2 92 2 5 21.2614 54 120 1.97541
2 94 1 4 71.229 54 8642 0.589648
2 95 1 4 50.7243 54 30146 0.828005
2 96 1 4 18.2889 54 6166 2.29647
2 96 3 6 9.78607 54 3 4.29181
2 98 1 4 32.4345 54 1864 1.29492
2 99 1 4 52.2659 54 32928 0.803584
2 99 3 6 0.845316 54 2 49.6856
2 100 1 4 63.9615 54 4554 0.656645
2 100 3 6 18.7833 54 5 2.23603
2 102 1 4 57.6324 54 7520 0.728757
2 103 1 4 48.9296 54 29963 0.858376
2 103 3 6 34.8579 54 25 1.20489
2 104 1 4 20.2219 54 13466 2.07695
2 104 3 6 34.6685 54 60 1.21148
2 106 1 4 79.2337 54 10129 0.530077
2 107 1 4 55.8615 54 28715 0.75186
2 107 3 6 11.6454 54 8 3.60659
2 108 1 4 161.563 54 10069 0.259961
2 108 3 6 0.100748 54 5 416.881
2 110 1 4 43.188 54 6215 0.972492
2 110 3 6 1.6252 54 1 25.843
2 111 1 4 120.174 54 25165 0.349492
2 111 3 6 0.0989833 54 2 424.314
2 112 1 4 103.814 54 4621 0.404571
2 112 3 6 11.5214 54 6 3.6454
2 114 1 4 54.2979 54 17686 0.773511
2 114 2 5 41.4969 54 2112 1.01212
2 115 1 4 66.7194 54 15945 0.629502
2 115 3 6 4.72861 54 2 8.8821
2 116 1 4 18.6954 54 7007 2.24655
2 116 3 6 2.92598 54 1 14.3542
2 118 1 4 137.601 54 19854 0.305231
2 118 2 5 151.311 54 2679 0.277573
2 119 1 4 58.8485 54 41459 0.713698
2 119 2 5 60.3684 54 5527 0.695728
2 119 3 6 25.9466 54 24 1.61871
2 120 1 4 23.9392 54 17917 1.75444
2 120 2 5 58.66 54 105 0.71599
2 120 3 6 25.4133 54 41 1.65268
2 122 1 4 85.3928 54 15179 0.491845
2 122 2 5 41.1911 54 2582 1.01964
2 123 1 4 115.353 54 52821 0.3641
2 123 2 5 43.5454 54 6051 0.96451
2 123 3 6 2.09486 54 1 20.0491
2 124 1 4 54.5525 54 11162 0.7699
2 124 3 6 1.24695 54 1 33.6821
2 126 1 4 76.8739 54 21947 0.546349
2 126 2 5 63.9857 54 2165 0.656397
2 127 1 4 53.0209 54 44291 0.79214
2 127 2 5 72.9537 54 7199 0.575708
2 128 1 4 23.7084 54 23050 1.77152
2 128 2 5 24.7423 54 421 1.6975
2 130 1 4 92.3632 54 7949 0.454727
2 130 2 5 42.6017 54 742 0.985875
2 131 1 4 99.1736 54 35127 0.4235
2 131 2 5 92.3427 54 812 0.454827
2 131 3 6 6.82514 54 11 6.15372
2 132 1 4 55.6186 54 20085 0.755143
2 132 3 6 13.0667 54 7 3.21427
2 134 1 4 98.0079 54 12097 0.428537
2 134 2 5 81.9749 54 3287 0.512352
2 135 1 4 71.8179 54 42867 0.584813
2 135 2 5 54.8173 54 5968 0.766181
2 136 1 4 25.9149 54 28832 1.62069
2 136 2 5 32.5513 54 224 1.29027
2 138 1 4 85.8592 54 1117 0.489173
2 138 2 5 70.4226 54 5721 0.5964
2 139 1 4 91.3255 54 35555 0.459893
2 139 2 5 74.2225 54 7736 0.565866
2 139 3 6 3.40492 54 3 12.3351
2 140 1 4 19.9425 54 13854 2.10606
2 140 3 6 11.7347 54 12 3.57912
2 142 1 4 90.2285 54 3483 0.465485
2 142 2 5 28.1629 54 1783 1.49132
2 143 1 4 117.798 54 30624 0.356543
2 143 2 5 35.8559 54 1533 1.17136
2 144 1 4 46.2483 54 11235 0.908142
2 146 1 4 59.3505 54 3611 0.70766
2 146 2 5 34.0495 54 9855 1.2335
2 147 1 4 64.9876 54 31822 0.646277
2 147 2 5 47.7087 54 5176 0.880343
2 148 1 4 27.3676 54 11552 1.53466
2 150 1 4 99.1664 54 1384 0.42353
2 150 2 5 37.4018 54 1940 1.12294
2 151 1 4 32.9859 54 28929 1.27327
2 151 2 5 90.187 54 2378 0.465699
2 152 1 4 30.269 54 11518 1.38756
2 154 1 4 34.3206 54 7225 1.22375
2 154 2 5 36.2847 54 101 1.15751
2 155 1 4 73.3509 54 32680 0.57259
2 155 2 5 14.4828 54 399 2.9
2 156 1 4 34.1551 54 23992 1.22968
2 157 2 6 4.29382 54 2 9.78151
2 158 1 4 43.8557 54 781 0.957687
2 159 1 4 70.8245 54 25078 0.593015
2 159 2 5 81.8646 54 524 0.513043
2 159 3 6 19.2609 54 4 2.18059
2 160 1 4 22.7652 54 19973 1.84492
2 162 1 4 27.1695 54 712 1.54585
2 163 1 4 41.141 54 29289 1.02088
2 163 3 6 3.59082 54 2 11.6965
2 164 1 4 33.6232 54 16654 1.24914
2 164 3 6 8.36122 54 3 5.02319
2 166 1 4 92.526 54 3589 0.453927
2 167 1 4 62.2765 54 31787 0.674411
2 167 3 6 40.9778 54 25 1.02494
2 168 1 4 38.6371 54 11536 1.08704
2 168 3 6 7.63859 54 2 5.4984
2 169 2 6 2.82822 54 5 14.8503
2 170 1 4 102.845 54 2375 0.408382
2 170 2 5 52.8768 54 951 0.7943
2 171 1 4 161.904 54 25077 0.259413
2 171 2 5 93.6162 54 1933 0.44864
2 171 3 6 20.1047 54 17 2.08906
2 172 1 4 78.5953 54 4010 0.534383
2 172 3 6 64.3362 54 57 0.65282
2 173 2 6 7.76365 54 2 5.40983
2 174 1 4 22.9725 54 9212 1.82827
2 174 2 5 14.9643 54 105 2.80669
2 174 3 6 2.27405 54 4 18.4692
2 175 1 4 128.67 54 27674 0.326416
2 175 3 6 25.8715 54 62 1.62341
2 176 1 4 103.511 54 4015 0.405753
2 176 3 6 0.00279629 54 172 15019.9
2 177 2 6 35.1429 54 18 1.19512
2 178 1 4 39.2402 54 7007 1.07033
2 179 1 4 103.893 54 30797 0.404261
2 179 3 6 18.0716 54 34 2.32409
2 180 1 4 51.2329 54 11795 0.819786
2 180 3 6 51.1355 54 108 0.821347
2 182 1 4 72.4211 54 3167 0.579941
2 182 3 6 0.345364 54 1 121.611
2 183 1 4 76.6069 54 30403 0.548254
2 183 3 6 9.57035 54 11 4.38855
2 184 1 4 17.6528 54 5468 2.37923
2 184 3 6 3.28281 54 76 12.7939
2 186 1 4 68.4564 54 6616 0.613529
2 187 1 4 49.0313 54 33982 0.856595
2 187 3 6 16.8385 54 8 2.49428
2 188 1 4 25.9425 54 10140 1.61897
2 188 3 6 22.0466 54 12 1.90506
3 1 1 7 33.7761 54 4462 1.24348
3 2 1 7 102.615 54 12381 0.409296
3 3 1 7 83.76 54 7817 0.501433
3 4 1 7 33.2607 54 2502 1.26275
3 4 2 9 3.46696 54 2 12.1144
3 5 1 7 34.8922 54 1239 1.20371
3 6 1 7 67.2268 54 3891 0.624751
3 7 1 7 74.5309 54 4667 0.563524
3 7 2 9 8.39352 54 9 5.00386
3 8 1 7 35.2892 54 1744 1.19016
3 8 3 9 12.6571 54 4 3.3183
3 9 1 7 40.6019 54 1802 1.03443
3 9 2 9 5.4039 54 7 7.77216
3 10 1 7 75.1653 54 4405 0.558769
3 10 3 9 3.92841 54 5 10.6913
3 11 1 7 44.3405 54 2573 0.947216
3 12 1 7 10.661 54 6734 3.93961
3 12 2 9 10.1943 54 72 4.11994
3 13 1 7 25.4223 54 1308 1.65209
3 14 1 7 53.531 54 3073 0.784593
3 15 1 7 34.1564 54 930 1.22964
3 16 1 7 21.0777 54 1072 1.99263
3 17 1 7 33.1473 54 944 1.26707
3 18 1 7 46.2751 54 1000 0.907615
3 19 1 7 14.412 54 514 2.91424
3 20 1 7 10.2192 54 67 4.10991
3 20 3 9 9.84035 54 4 4.26814
3 21 1 7 25.1331 54 66 1.6711
3 22 1 7 29.2415 54 548 1.43631
3 23 1 7 21.4495 54 110 1.95809
3 24 1 7 38.8515 54 150 1.08104
3 25 1 7 2.04537 54 10 20.5341
3 26 1 7 14.9766 54 263 2.80438
3 27 1 7 15.1482 54 53 2.77261
3 27 2 9 0.454923 54 1 92.3233
3 28 1 7 9.84591 54 255 4.26573
3 28 2 9 1.84481 54 5 22.7665
3 29 1 7 22.3027 54 3576 1.88318
3 30 1 7 56.3007 54 2229 0.745995
3 31 1 7 38.3809 54 1069 1.0943
3 32 1 7 28.4952 54 111 1.47393
3 33 1 7 49.3034 54 411 0.851868
3 34 1 7 22.7131 54 100 1.84915
3 35 1 7 7.92309 54 5 5.30096
3 36 1 7 18.0588 54 113 2.32573
3 37 1 7 26.702 54 272 1.57292
3 38 1 7 31.8817 54 888 1.31737
3 39 1 7 29.5116 54 145 1.42317
3 40 1 7 23.3523 54 160 1.79854
3 41 1 7 39.8215 54 183 1.05471
3 42 1 7 17.4776 54 562 2.40308
3 43 1 7 42.9786 54 35 0.97723
3 44 1 7 30.2655 54 331 1.38772
3 45 1 7 36.1188 54 405 1.16283
3 46 1 7 21.1507 54 600 1.98575
3 47 1 7 27.9438 54 70 1.50302
3 48 1 7 23.3037 54 191 1.80229
3 48 3 9 0.358439 54 1 117.175
3 49 1 7 58.8134 54 497 0.714123
3 50 1 7 23.4101 54 132 1.7941
3 50 3 9 0.589906 54 3 71.1977
3 51 1 7 11.5503 54 5 3.63627
3 52 1 7 37.4215 54 132 1.12235
3 53 1 7 32.6084 54 205 1.28801
3 54 1 7 45.4526 54 1094 0.92404
3 54 3 9 8.18972 54 2 5.12838
3 55 1 7 30.2843 54 275 1.38686
3 55 3 9 3.38688 54 1 12.4008
3 56 1 7 11.1882 54 100 3.75395
3 57 1 7 14.3665 54 188 2.92347
3 58 1 7 85.7852 54 407 0.489595
3 60 1 7 109.343 54 225 0.384111
3 61 1 7 30.3748 54 518 1.38273
3 62 1 7 9.11422 54 128 4.60818
3 63 1 7 20.8727 54 48 2.0122
3 64 1 7 47.4202 54 150 0.885698
3 65 1 7 38.3373 54 223 1.09554
3 66 1 7 35.7404 54 659 1.17514
3 67 1 7 12.5386 54 86 3.34964
3 68 1 7 28.8616 54 154 1.45522
3 69 1 7 19.1239 54 738 2.1962
3 70 1 7 59.3619 54 1502 0.707524
3 71 1 7 11.8418 54 25 3.54677
3 71 3 9 2.91522 54 2 14.4071
3 72 1 7 53.4 54 364 0.786517
3 72 3 9 10.2851 54 6 4.08359
3 73 1 7 74.7196 54 293 0.562101
3 74 1 7 78.9986 54 422 0.531655
3 74 3 9 13.3496 54 4 3.14617
3 75 1 7 39.1899 54 435 1.0717
3 76 1 7 12.2 54 160 3.44261
3 77 1 7 14.7714 54 139 2.84333
3 78 1 7 31.5075 54 192 1.33302
3 78 2 8 20.8123 54 72 2.01803
3 78 3 9 2.25074 54 2 18.6605
3 79 1 7 23.4626 54 15 1.79008
3 79 3 9 2.89957 54 1 14.4849
3 80 1 7 50.1806 54 298 0.836978
3 80 3 9 4.36016 54 1 9.63268
3 81 1 7 12.4871 54 92 3.36347
3 81 3 9 23.0001 54 4 1.82608
3 82 1 7 53.6512 54 898 0.782834
3 82 3 9 20.5024 54 11 2.04854
3 83 1 7 9.03156 54 5 4.65036
3 83 3 9 0.865601 54 3 48.5212
3 84 1 7 63.9998 54 175 0.656252
3 84 3 9 2.72869 54 1 15.392
3 85 1 7 80.6758 54 428 0.520602
3 86 1 7 78.4098 54 720 0.535648
3 86 3 9 28.5121 54 10 1.47306
3 87 1 7 8.18994 54 7 5.12824
3 87 3 9 3.76822 54 1 11.1458
3 88 1 7 46.4269 54 90 0.904648
3 88 3 9 15.5641 54 7 2.69851
3 89 1 7 29.8184 54 659 1.40853
3 90 1 7 33.0061 54 1182 1.27249
3 91 1 7 30.5086 54 25 1.37666
3 92 1 7 90.9925 54 304 0.461577
3 92 3 9 11.5002 54 5 3.65212
3 93 1 7 13.9526 54 829 3.01019
3 93 3 9 3.08784 54 1 13.6017
3 94 1 7 36.0974 54 948 1.16352
3 94 2 8 17.0508 54 240 2.46323
3 95 1 7 13.9655 54 15 3.00741
3 95 3 9 0.601204 54 1 69.8599
3 96 1 7 28.41 54 212 1.47835
3 96 3 9 2.16547 54 1 19.3953
3 97 1 7 34.0942 54 584 1.23188
3 98 1 7 15.6543 54 280 2.68297
3 98 2 8 18.2677 54 145 2.29914
3 98 3 9 12.5789 54 4 3.33891
3 99 2 8 75.8507 54 1868 0.553719
3 99 3 9 13.6363 54 10 3.08002
3 100 1 7 49.5911 54 97 0.846926
3 100 2 8 23.6098 54 3345 1.77892
3 100 3 9 6.33494 54 10 6.6299
3 101 1 7 55.3405 54 413 0.758938
3 102 1 7 16.9758 54 103 2.47412
3 103 1 7 9.25798 54 57 4.53663
3 103 3 9 9.47795 54 2 4.43134
3 104 1 7 20.9953 54 41 2.00045
3 104 3 9 6.92763 54 10 6.06268
3 105 1 7 15.4996 54 30 2.70975
3 106 1 7 14.7324 54 181 2.85085
3 108 1 7 13.2946 54 60 3.15918
3 109 1 7 43.8937 54 56 0.956857
3 110 1 7 5.17237 54 9 8.12007
3 112 1 7 14.2511 54 99 2.94713
3 113 1 7 9.51207 54 99 4.41544
3 114 1 7 53.0948 54 202 0.791038
3 116 1 7 29.8947 54 48 1.40493
3 116 3 9 4.05452 54 1 10.3588
3 118 1 7 93.0875 54 5977 0.451188
3 119 1 7 11.2305 54 15 3.73982
3 120 1 7 9.19267 54 6 4.56886
3 121 1 7 27.8625 54 4625 1.5074
3 121 3 9 0.0606132 54 1 692.919
3 122 1 7 46.9816 54 4949 0.893966
3 124 1 7 22.0338 54 627 1.90616
3 124 3 9 3.47129e-07 54 4 1.20992e+08
3 125 1 7 35.4344 54 1285 1.18529
3 125 3 9 0.0409959 54 3 1024.49
3 126 1 7 61.6887 54 1296 0.680837
3 126 2 8 83.3254 54 780 0.504048
3 128 1 7 54.2849 54 378 0.773697
3 128 3 9 6.17667 54 3 6.79978
3 129 1 7 32.7617 54 3022 1.28199
3 130 1 7 12.0671 54 393 3.48054
3 131 2 8 3.60451 54 282 11.6521
3 132 1 7 21.6649 54 414 1.93862
3 133 1 7 109.861 54 3098 0.382302
3 134 1 7 16.8053 54 525 2.49921
3 135 1 7 7.80242 54 361 5.38294
3 136 1 7 11.0763 54 313 3.79187
3 137 1 7 33.4259 54 1603 1.25651
3 137 3 9 13.7236 54 20 3.06043
3 138 1 7 127.44 54 1447 0.329567
3 138 3 9 10.6802 54 4 3.93251
3 139 1 7 26.7977 54 76 1.5673
3 140 1 7 17.6292 54 175 2.38241
3 140 2 8 3.60701 54 139 11.644
3 140 3 9 14.2287 54 7 2.95177
3 141 1 7 80.4609 54 640 0.521992
3 142 1 7 67.6123 54 272 0.621189
3 143 1 7 12.2518 54 282 3.42807
3 144 1 7 18.0497 54 547 2.32691
3 145 1 7 89.6999 54 2342 0.468228
3 146 1 7 107.7 54 630 0.389974
3 147 1 7 16.0227 54 50 2.62128
3 148 1 7 23.9852 54 948 1.75108
3 149 1 7 54.8019 54 7373 0.766397
3 150 1 7 64.2547 54 5092 0.653649
3 151 1 7 59.5964 54 1842 0.70474
3 152 1 7 30.9371 54 166 1.35759
3 153 1 7 47.5346 54 7284 0.883567
3 154 1 7 35.3005 54 2667 1.18978
3 155 1 7 26.5104 54 682 1.58428
3 156 1 7 5.51036 54 243 7.62201
3 157 1 7 58.6451 54 14501 0.716172
3 157 3 9 8.33 54 7 5.04202
3 158 1 7 15.9498 54 6628 2.63327
3 158 2 8 9.32581 54 8 4.50363
3 159 1 7 12.4002 54 1061 3.38704
3 160 3 9 11.2029 54 53 3.74905
3 161 1 7 32.4485 54 10178 1.29436
3 162 1 7 35.2027 54 2135 1.19309
3 162 2 8 13.8415 54 17 3.03435
3 163 1 7 14.5133 54 966 2.8939
3 164 1 7 24.491 54 1132 1.71492
3 164 2 8 1.76408 54 28 23.8084
3 165 1 7 7.87619 54 10834 5.33253
3 166 1 7 102.23 54 2765 0.410838
3 166 2 8 22.2916 54 35 1.88412
3 166 3 9 16.3831 54 4 2.56362
3 168 1 7 26.0349 54 502 1.61322
3 169 1 7 13.1075 54 4864 3.20428
3 169 2 8 24.7606 54 58 1.69624
3 169 3 9 21.0086 54 10 1.99918
3 170 1 7 53.3546 54 5051 0.787187
3 170 2 8 13.6192 54 245 3.08388
3 171 3 9 38.9578 54 28 1.07809
3 172 1 7 35.6039 54 620 1.17964
3 172 3 9 21.9686 54 15 1.91182
3 173 1 7 10.9069 54 9440 3.85078
3 173 3 9 19.0457 54 123 2.20522
3 174 1 7 47.6154 54 3587 0.882068
3 174 2 8 10.9317 54 199 3.84202
3 174 3 9 11.847 54 144 3.54521
3 175 3 9 5.98103 54 7 7.0222
3 176 1 7 9.25352 54 610 4.53882
3 176 3 9 1.63086 54 1 25.7532
3 177 1 7 21.8966 54 5029 1.91811
3 177 3 9 37.7196 54 63 1.11348
3 178 1 7 49.6427 54 711 0.846047
3 178 2 8 22.3545 54 169 1.87881
3 179 2 8 2.31307 54 104 18.1577
3 179 3 9 13.3057 54 9 3.15654
3 180 1 7 19.4148 54 473 2.1633
3 180 3 9 56.2705 54 37 0.746394
3 181 1 7 27.4555 54 2341 1.52975
3 181 2 8 36.9018 54 38 1.13815
3 181 3 9 24.0058 54 54 1.74958
3 182 1 7 16.8409 54 1273 2.49392
3 182 2 8 16.6102 54 97 2.52856
3 182 3 9 17.9074 54 9 2.3454
3 183 2 8 6.85827 54 40 6.12399
3 183 3 9 1.67236 54 7 25.1142
3 184 1 7 24.3672 54 914 1.72363
3 184 2 8 26.2029 54 20 1.60287
3 185 3 9 14.9766 54 8 2.80437
3 186 2 8 14.5838 54 30 2.8799
3 187 3 9 4.36674 54 2 9.61816
3 188 3 9 18.6633 54 6 2.2504
4 1 1 22 24.6792 54 579 1.70184
4 1 2 23 96.5319 54 195 0.435089
4 2 1 22 22.128 54 540 1.89805
4 2 2 23 40.2767 54 145 1.04279
4 3 1 22 15.5374 54 514 2.70315
4 3 2 23 66.262 54 56 0.633847
4 4 2 23 41.9587 54 83 1.00099
4 5 2 23 173.201 54 267 0.242492
4 6 2 23 48.8109 54 283 0.860464
4 7 1 22 49.1924 54 3002 0.85379
4 7 2 23 11.913 54 90 3.52557
4 8 1 22 2.24902 54 234 18.6748
4 8 2 23 151.051 54 936 0.278051
4 9 2 23 58.1609 54 433 0.722135
4 10 1 22 4.9475 54 68 8.48914
4 10 2 23 73.3105 54 253 0.572906
4 11 1 22 34.4266 54 618 1.21999
4 11 2 23 2.67178e-05 54 73 1.57199e+06
4 12 2 23 16.2808 54 370 2.57973
4 13 2 23 97.9579 54 410 0.428756
4 14 1 22 18.0877 54 81 2.32201
4 14 2 23 21.1955 54 271 1.98155
4 15 1 22 56.9804 54 728 0.737096
4 15 2 23 34.396 54 165 1.22107
4 16 2 23 93.0702 54 463 0.451272
4 17 1 22 15.4732 54 40 2.71436
4 17 2 23 108.523 54 637 0.387016
4 18 2 23 112.848 54 920 0.372182
4 19 1 22 43.6297 54 172 0.962646
4 19 2 23 48.9674 54 54 0.857713
4 20 2 23 51.3225 54 20 0.818355
4 21 2 23 65.8354 54 44 0.637955
4 22 1 22 25.9413 54 20 1.61904
4 22 2 23 100.211 54 365 0.419116
4 23 1 22 17.4845 54 29 2.40212
4 23 2 23 17.4044 54 29 2.41318
4 24 2 23 38.2963 54 65 1.09671
4 25 2 23 82.4308 54 416 0.509518
4 26 1 22 46.9353 54 1785 0.894848
4 26 2 23 132.191 54 870 0.317721
4 27 1 22 19.2784 54 29 2.17861
4 27 2 23 37.3607 54 227 1.12418
4 28 1 22 5.8937 54 15 7.12625
4 28 2 23 41.2996 54 31 1.01696
4 29 1 22 14.6356 54 338 2.86971
4 29 2 23 12.9957 54 105 3.23185
4 30 1 22 39.6557 54 1011 1.05912
4 30 2 23 96.1185 54 520 0.436961
4 31 2 23 43.3951 54 44 0.967851
4 32 1 22 6.91056 54 230 6.07766
4 32 2 23 65.4491 54 130 0.64172
4 33 2 23 149.21 54 325 0.281482
4 34 2 23 156.355 54 236 0.268619
4 35 2 23 33.359 54 30 1.25903
4 36 2 23 24.8509 54 90 1.69008
4 37 1 22 16.3063 54 5 2.57569
4 37 2 23 25.0357 54 355 1.67761
4 38 2 23 124.054 54 440 0.338564
4 39 1 22 46.7286 54 70 0.898806
4 39 2 23 36.1886 54 145 1.16059
4 40 2 23 26.409 54 113 1.59036
4 41 1 22 26.494 54 45 1.58526
4 41 2 23 69.1222 54 320 0.60762
4 42 1 22 6.37664 54 6 6.58654
4 42 2 23 44.3684 54 165 0.946619
4 43 1 22 38.6864 54 54 1.08565
4 43 2 23 21.1344 54 5 1.98729
4 44 2 23 19.3759 54 27 2.16764
4 45 1 22 34.4503 54 221 1.21915
4 45 2 23 105.056 54 90 0.399786
4 46 1 22 4.48157 54 94 9.37172
4 46 2 23 43.2254 54 227 0.97165
4 47 1 22 6.98984 54 16 6.00872
4 47 2 23 37.6418 54 114 1.11578
4 48 2 23 61.166 54 87 0.686656
4 49 1 22 42.9699 54 343 0.977429
4 49 2 23 46.7231 54 113 0.898914
4 50 1 22 37.9129 54 148 1.1078
4 50 2 23 12.3923 54 222 3.3892
4 51 2 23 60.8503 54 81 0.690218
4 52 1 22 5.49882 54 25 7.638
4 52 2 23 34.0889 54 52 1.23207
4 53 1 22 9.56759 54 96 4.38982
4 53 2 23 51.8653 54 67 0.809791
4 54 1 22 39.6575 54 1023 1.05907
4 54 2 23 0.00167909 54 288 25013.5
4 55 1 22 18.3516 54 631 2.28863
4 55 2 23 39.9763 54 76 1.05062
4 56 1 22 75.9563 54 203 0.552949
4 56 2 23 91.8803 54 50 0.457116
4 57 1 22 8.41607 54 35 4.99045
4 57 2 23 52.2474 54 448 0.803867
4 58 2 23 93.2391 54 358 0.450455
4 59 1 22 8.2814 54 13 5.07161
4 59 2 23 91.4396 54 132 0.459319
4 60 1 22 5.58757 54 11 7.51669
4 60 2 23 15.795 54 15 2.65906
4 61 1 22 79.1828 54 108 0.530419
4 61 2 23 58.3371 54 18 0.719953
4 62 1 22 5.20073 54 25 8.07579
4 62 2 23 52.176 54 95 0.804968
4 63 1 22 30.1811 54 70 1.3916
4 63 2 23 23.9598 54 21 1.75293
4 64 2 23 11.2038 54 34 3.74872
4 65 1 22 9.04562 54 115 4.64313
4 65 2 23 106.957 54 44 0.392681
4 66 1 22 24.5143 54 57 1.71329
4 66 2 23 56.4185 54 580 0.744436
4 67 2 23 54.9233 54 52 0.764702
4 68 1 22 2.09492 54 9 20.0485
4 68 2 23 47.2773 54 85 0.888376
4 69 1 22 13.4472 54 47 3.12333
4 69 2 23 58.5343 54 252 0.717529
4 70 1 22 25.1161 54 102 1.67223
4 70 2 23 39.6876 54 388 1.05827
4 71 2 23 25.9809 54 31 1.61657
4 72 1 22 8.53656 54 79 4.92001
4 72 2 23 30.295 54 69 1.38637
4 73 1 22 0.968338 54 24 43.3733
4 73 2 23 49.703 54 27 0.84502
4 74 1 22 40.571 54 248 1.03522
4 74 2 23 18.5777 54 33 2.26078
4 75 1 22 4.19093 54 75 10.0216
4 75 2 23 4.90672 54 11 8.55969
4 76 1 22 14.2075 54 23 2.95619
4 76 2 23 68.4391 54 111 0.613684
4 77 1 22 15.5608 54 104 2.69908
4 77 2 23 233.776 54 765 0.179659
4 78 1 22 71.7909 54 83 0.585033
4 78 2 23 39.4442 54 346 1.0648
4 79 2 23 44.684 54 36 0.939934
4 80 1 22 55.818 54 70 0.752446
4 80 2 23 44.3231 54 43 0.947587
4 81 2 23 0.000376359 54 159 111596
4 82 1 22 24.6231 54 1034 1.70571
4 82 2 23 68.8569 54 161 0.609961
4 83 2 23 0.612724 54 31 68.5464
4 84 1 22 14.5946 54 25 2.87778
4 84 2 23 83.1315 54 123 0.505224
4 85 1 22 5.96841 54 20 7.03706
4 85 2 23 57.8917 54 2165 0.725492
4 86 1 22 11.2651 54 68 3.72834
4 86 2 23 55.915 54 272 0.75114
4 87 2 23 0.419269 54 17 100.174
4 88 1 22 18.612 54 171 2.25661
4 88 2 23 90.9087 54 72 0.462002
4 89 1 22 39.3391 54 110 1.06764
4 89 2 23 187.214 54 437 0.224343
4 90 1 22 23.5579 54 120 1.78284
4 90 2 23 50.3192 54 175 0.834671
4 91 2 23 31.129 54 18 1.34923
4 92 1 22 15.4454 54 45 2.71926
4 92 2 23 89.2484 54 810 0.470597
4 93 1 22 4.88495 54 6 8.59784
4 93 2 23 73.2733 54 3510 0.573197
4 94 1 22 85.0564 54 215 0.49379
4 94 2 23 19.5202 54 125 2.15162
4 95 2 23 14.9337 54 12 2.81244
4 96 1 22 35.6862 54 218 1.17692
4 96 2 23 1.88511e-05 54 32 2.22799e+06
4 97 1 22 22.3627 54 25 1.87813
4 97 2 23 51.8761 54 178 0.809621
4 98 1 22 13.7198 54 145 3.06126
4 98 2 23 27.431 54 176 1.53111
4 99 2 23 23.0823 54 8 1.81958
4 100 1 22 22.8499 54 229 1.83808
4 100 2 23 45.8012 54 44 0.917006
4 101 1 22 3.25134 54 47 12.9178
4 101 2 23 97.6945 54 295 0.429912
4 102 1 22 27.8494 54 45 1.50811
4 102 2 23 70.1521 54 233 0.598699
4 103 2 23 24.5393 54 19 1.71154
4 104 1 22 57.4549 54 275 0.731008
4 104 2 23 66.8254 54 40 0.628504
4 105 1 22 25.3168 54 1018 1.65898
4 105 2 23 87.0751 54 103 0.482342
4 106 1 22 7.86941 54 14 5.33712
4 106 2 23 41.668 54 204 1.00797
4 107 2 23 14.7745 54 4 2.84273
4 108 1 22 16.7058 54 491 2.51409
4 108 2 23 52.6258 54 29 0.798088
4 109 1 22 67.0952 54 6476 0.625976
4 109 2 23 94.924 54 378 0.442459
4 110 1 22 6.38235 54 105 6.58065
4 110 2 23 26.8477 54 400 1.56438
4 111 1 23 4.66764 54 1 8.99812
4 112 1 22 22.4776 54 277 1.86853
4 112 2 23 17.2278 54 18 2.43791
4 113 1 22 24.4584 54 3674 1.7172
4 113 2 23 45.1301 54 190 0.930643
4 114 2 23 49.7755 54 73 0.843789
4 115 2 23 12.8938 54 5 3.25737
4 116 1 22 17.5266 54 358 2.39636
4 116 2 23 5.29407e-05 54 56 793340
4 117 2 23 213.942 54 1052 0.196315
4 118 1 22 23.829 54 3470 1.76256
4 118 2 23 65.1779 54 560 0.64439
4 119 2 23 3.86054 54 2 10.8793
4 120 1 22 21.8223 54 1194 1.92463
4 120 2 23 89.8934 54 58 0.46722
4 121 1 22 21.7382 54 1283 1.93209
4 121 2 23 236.858 54 146 0.177321
4 122 1 22 13.39 54 3907 3.13666
4 122 2 23 28.7287 54 33 1.46195
4 123 2 23 0.476907 54 17 88.0675
4 124 1 22 32.8859 54 415 1.27714
4 124 2 23 64.3417 54 113 0.652764
4 125 1 22 76.245 54 1400 0.550856
4 125 2 23 119.818 54 3577 0.350531
4 126 1 22 33.1004 54 2466 1.26887
4 126 2 23 36.0782 54 67 1.16414
4 127 1 23 2.95004 54 14 14.2371
4 128 1 22 10.329 54 234 4.06622
4 128 2 23 40.8914 54 36 1.02711
4 129 1 22 16.0445 54 176 2.61772
4 129 2 23 1.10542 54 27 37.9945
4 130 1 22 14.3229 54 104 2.93237
4 130 2 23 75.9827 54 257 0.552757
4 131 2 23 10.488 54 9 4.00459
4 132 1 22 5.58559 54 250 7.51935
4 132 2 23 57.6954 54 44 0.727961
4 133 2 23 81.885 54 436 0.512915
4 134 1 22 19.1776 54 149 2.19005
4 134 2 23 2.12033 54 18 19.8082
4 136 1 22 29.0924 54 275 1.44367
4 137 2 23 83.7048 54 98 0.501763
4 138 2 23 11.032 54 89 3.80711
4 139 2 23 2.05141e-07 54 7 2.04737e+08
4 140 1 22 11.1027 54 183 3.78285
4 140 2 23 91.8451 54 22 0.457292
4 141 1 22 34.197 54 720 1.22818
4 142 1 22 59.2962 54 329 0.708309
4 144 1 22 85.6627 54 399 0.490295
4 145 1 22 51.1969 54 541 0.820362
4 146 1 22 9.12587 54 84 4.6023
4 148 1 22 5.90422 54 150 7.11355
4 152 1 22 9.97363 54 17 4.21111
4 153 1 22 24.8685 54 400 1.68889
4 156 1 22 29.6194 54 330 1.41799
4 157 2 23 102.292 54 187 0.41059
4 158 1 22 13.1641 54 208 3.1905
4 158 2 23 88.6129 54 22 0.473972
4 159 1 22 24.0328 54 189 1.74761
4 159 2 23 6.36557 54 5 6.598
4 160 1 22 16.0089 54 629 2.62354
4 160 2 23 31.4355 54 10 1.33607
4 161 2 23 12.6307 54 118 3.32523
4 162 2 23 13.0378 54 70 3.22141
4 163 1 22 24.3347 54 175 1.72593
4 163 2 23 16.8754 54 3 2.48883
4 164 2 23 82.5129 54 586 0.509011
4 165 2 23 54.6203 54 266 0.768944
4 166 2 23 27.0732 54 161 1.55135
4 167 2 23 6.21736 54 7 6.75528
4 168 2 23 3.0192 54 24 13.911
4 169 2 23 81.3831 54 96 0.516078
4 170 2 23 94.8139 54 36 0.442973
4 171 2 23 18.7728 54 41 2.23728
4 172 2 23 22.1256 54 16 1.89825
4 173 1 22 6.61627 54 1394 6.34798
4 173 2 23 113.875 54 251 0.368826
4 174 2 23 87.4427 54 89 0.480315
4 175 2 23 7.61048 54 2 5.5187
4 176 1 22 8.7111 54 50 4.82144
4 176 2 23 42.8704 54 59 0.979696
4 177 1 22 9.61082 54 523 4.37008
4 177 2 23 17.7074 54 70 2.37189
4 178 1 22 31.5326 54 1018 1.33196
4 178 2 23 8.30434e-05 54 134 505760
4 179 2 23 41.1803 54 48 1.01991
4 180 1 22 35.2266 54 200 1.19228
4 180 2 23 1.23613 54 60 33.977
4 181 1 22 23.7774 54 827 1.76638
4 181 2 23 50.2773 54 76 0.835368
4 182 2 23 76.4406 54 45 0.549447
4 183 2 23 210.436 54 1136 0.199585
4 184 1 22 28.849 54 291 1.45585
4 184 2 23 0.000230894 54 190 181902
4 185 2 23 110.57 54 267 0.379848
4 186 2 23 0.000211445 54 79 198633
4 187 2 23 7.11398 54 20 5.90387
5 2 5 17 7.95958 54 7 5.27666
5 3 5 17 10.941 54 3 3.83876
5 5 7 17 12.1462 54 5 3.45787
5 6 5 17 18.3133 54 11 2.29342
5 7 5 17 23.6798 54 34 1.77367
5 8 7 17 13.3311 54 23 3.15052
5 9 7 17 0.000145711 54 104 288241
5 10 5 17 15.6873 54 39 2.67733
5 11 6 17 11.7761 54 11 3.56655
5 12 7 17 18.8728 54 108 2.22542
5 13 7 17 5.2224 54 19 8.04227
5 14 7 17 2.21613 54 117 18.9519
5 15 7 17 4.3248 54 5 9.71143
5 16 7 17 20.7907 54 45 2.02014
5 17 7 17 28.9934 54 80 1.4486
5 20 7 17 8.68672 54 19 4.83497
5 21 7 17 2.36501 54 1 17.7589
5 23 7 17 4.78951 54 4 8.76917
5 27 7 17 3.5551 54 11 11.814
5 28 7 17 3.56723 54 9 11.7738
5 29 7 17 0.337199 54 1 124.556
5 33 1 10 10.9614 54 126 3.83164
5 33 3 12 26.4417 54 3957 1.5884
5 34 1 10 4.53233 54 7 9.26677
5 34 3 12 16.5177 54 3375 2.54273
5 35 1 10 2.79623 54 25 15.0202
5 35 3 12 18.6976 54 3445 2.24628
5 36 1 10 9.09577 54 175 4.61753
5 36 3 12 26.6818 54 2391 1.57411
5 37 1 10 6.38769 54 154 6.57515
5 37 3 12 20.123 54 2556 2.08717
5 38 1 10 7.9292 54 189 5.29688
5 38 3 12 21.0299 54 3614 1.99715
5 39 1 10 11.8292 54 100 3.55053
5 39 3 12 27.4985 54 2543 1.52736
5 40 1 10 8.05052 54 95 5.21706
5 40 3 12 44.3562 54 1540 0.946879
5 41 1 10 67.9692 54 235 0.617927
5 41 3 12 45.0947 54 1312 0.931373
5 42 1 10 20.4914 54 411 2.04964
5 42 3 12 112.19 54 2347 0.374366
5 43 1 10 25.2675 54 1102 1.66222
5 43 3 12 160.143 54 1728 0.262266
5 44 1 10 46.9618 54 947 0.894345
5 44 3 12 58.6401 54 3435 0.716233
5 44 6 17 8.29635 54 3 5.06247
5 45 1 10 16.2961 54 724 2.57731
5 45 3 12 41.2734 54 2759 1.0176
5 46 1 10 22.2789 54 362 1.88519
5 46 3 12 62.3109 54 3902 0.674039
5 47 1 10 24.1167 54 162 1.74153
5 47 3 12 112.65 54 2286 0.372837
5 48 1 10 32.6289 54 617 1.2872
5 48 3 12 29.2681 54 1635 1.43501
5 49 1 10 48.4297 54 1413 0.867237
5 49 3 12 50.6946 54 2152 0.828491
5 50 1 10 58.1313 54 658 0.722503
5 50 3 12 75.5724 54 1459 0.555758
5 51 1 10 26.4865 54 1034 1.58572
5 51 3 12 46.0453 54 1032 0.912145
5 52 1 10 28.0872 54 1493 1.49534
5 52 3 12 56.1833 54 1075 0.747553
5 53 1 10 17.2176 54 1218 2.43937
5 53 3 12 31.9825 54 1263 1.31322
5 53 4 13 32.5326 54 1426 1.29101
5 54 1 10 41.0612 54 839 1.02286
5 54 2 11 26.828 54 2040 1.56553
5 54 3 12 54.1641 54 1046 0.775421
5 54 4 13 29.3115 54 738 1.43289
5 55 1 10 43.2819 54 834 0.970382
5 55 2 11 77.9607 54 3208 0.538733
5 55 3 12 76.0354 54 377 0.552374
5 55 4 13 21.6411 54 2659 1.94075
5 56 1 10 33.0187 54 862 1.27201
5 56 2 11 24.2424 54 4235 1.7325
5 56 3 12 24.2741 54 515 1.73024
5 56 4 13 18.9312 54 2555 2.21856
5 57 1 10 11.5097 54 4 3.6491
5 57 4 13 4.83593 54 3677 8.685
5 58 1 10 25.5125 54 815 1.64625
5 58 3 12 12.662 54 1890 3.31702
5 58 4 13 26.7496 54 9215 1.57012
5 59 1 10 72.5887 54 810 0.578602
5 59 3 12 25.0674 54 1561 1.67548
5 59 4 13 37.9233 54 16489 1.1075
5 60 1 10 82.6689 54 1260 0.508051
5 60 3 12 21.6347 54 2826 1.94132
5 60 4 13 31.8104 54 12907 1.32032
5 61 1 10 56.7339 54 877 0.740298
5 61 3 12 19.169 54 5114 2.19104
5 61 4 13 22.6639 54 13467 1.85317
5 62 1 10 57.243 54 1116 0.733714
5 62 2 11 200.238 54 3511 0.20975
5 62 3 12 62.3334 54 884 0.673796
5 62 4 13 18.8838 54 19680 2.22413
5 63 1 10 33.1423 54 1310 1.26726
5 63 2 11 131.614 54 4056 0.319114
5 63 3 12 34.3193 54 651 1.2238
5 63 4 13 62.9291 54 16499 0.667417
5 64 1 10 49.5736 54 1700 0.847225
5 64 2 11 78.7179 54 3816 0.533551
5 64 3 12 38.2186 54 467 1.09894
5 64 4 13 46.005 54 21384 0.912944
5 66 6 15 8.52744 54 161 4.92528
5 67 5 14 25.5583 54 408 1.6433
5 67 6 15 9.2675 54 96 4.53197
5 70 5 14 7.4312 54 111 5.65185
5 71 6 15 20.7349 54 84 2.02557
5 73 4 13 13.9419 54 258 3.01251
5 74 4 13 8.34029 54 619 5.03579
5 75 4 13 2.91438 54 1291 14.4113
5 76 4 13 0.787332 54 1236 53.3447
5 78 5 14 73.9167 54 773 0.568207
5 78 6 15 120.37 54 1152 0.348924
5 79 4 13 9.08281 54 755 4.62412
5 80 4 13 3.07738 54 345 13.648
5 82 3 12 5.96755 54 103 7.03806
5 85 1 10 82.0981 54 14963 0.511583
5 85 3 12 95.5948 54 11961 0.439354
5 86 1 10 52.5528 54 16437 0.799196
5 86 3 12 153.831 54 9969 0.273027
5 87 1 10 62.6959 54 16367 0.6699
5 87 3 12 54.7143 54 10233 0.767624
5 88 1 10 97.6888 54 13579 0.429937
5 88 3 12 283.251 54 7450 0.148279
5 89 1 10 48.0747 54 16615 0.873641
5 89 3 12 66.2999 54 9794 0.633485
5 90 1 10 102.976 54 16805 0.407862
5 90 3 12 65.972 54 8121 0.636633
5 91 1 10 130.394 54 13262 0.322102
5 91 3 12 114.636 54 7580 0.366377
5 92 1 10 46.8113 54 10947 0.897218
5 92 3 12 82.8638 54 7253 0.506856
5 94 5 14 10.6248 54 46.9155 3.953
5 99 5 14 93.1425 54 905.681 0.450922
5 99 6 15 65.3702 54 500.874 0.642495
5 100 5 14 17.5147 54 441.75 2.39798
5 101 1 10 22.245 54 1341 1.88807
5 101 3 12 55.7061 54 3829 0.753957
5 101 5 14 14.9681 54 61.4007 2.80596
5 101 6 15 37.1428 54 40.0001 1.13077
5 102 1 10 35.0155 54 1792 1.19947
5 102 3 12 119.017 54 4948 0.352891
5 103 1 10 11.6233 54 2598 3.61343
5 103 3 12 94.2644 54 4751 0.445555
5 104 1 10 14.9192 54 759 2.81516
5 104 3 12 41.0229 54 664 1.02382
5 105 1 10 4.98681 54 219 8.42222
5 105 3 12 42.2037 54 1266 0.995172
5 106 1 10 45.1144 54 982 0.930968
5 106 3 12 113.946 54 3552 0.368597
5 107 1 10 28.7525 54 2359 1.46074
5 107 3 12 130.638 54 6106 0.3215
5 108 1 10 19.2185 54 39 2.18539
5 108 3 12 29.4515 54 2329 1.42608
5 109 1 10 78.3734 54 532 0.535896
5 109 3 12 57.1281 54 3491 0.73519
5 109 5 14 4.97569 54 87.9746 8.44104
5 109 6 15 14.3368 54 180 2.92953
5 110 1 10 51.9092 54 132 0.809106
5 110 3 12 38.239 54 3037 1.09836
5 110 6 15 24.2392 54 336.926 1.73273
5 110 7 17 6.3471e-08 54 1 6.6172e+08
5 111 1 10 22.7241 54 53 1.84826
5 111 3 12 42.6169 54 137 0.985524
5 112 1 10 0.320828 54 64 130.911
5 112 3 12 2.48746 54 128 16.8847
5 113 1 10 38.7788 54 674 1.08307
5 113 3 12 94.4042 54 2935 0.444895
5 114 1 10 21.6283 54 574 1.9419
5 114 3 12 156.177 54 3780 0.268926
5 114 5 14 17.6105 54 34 2.38494
5 115 1 10 28.584 54 858 1.46935
5 115 3 12 42.3399 54 4460 0.991972
5 116 1 10 34.1046 54 468 1.2315
5 116 3 12 69.6579 54 3401 0.602946
5 117 1 10 36.2781 54 575 1.15772
5 117 3 12 34.8908 54 4648 1.20376
5 118 1 10 43.6588 54 302 0.962006
5 118 3 12 64.7854 54 6853 0.648294
5 119 1 10 16.0939 54 505 2.60968
5 119 3 12 131.921 54 5094 0.318372
5 120 1 10 8.74793 54 438 4.80113
5 120 3 12 101.714 54 2824 0.412924
5 121 1 10 7.57239 54 340 5.54647
5 121 3 12 66.0668 54 3576 0.635721
5 122 1 10 10.5783 54 268 3.97038
5 122 3 12 68.6272 54 5519 0.612002
5 123 1 10 14.7347 54 256 2.85041
5 123 3 12 14.1447 54 2935 2.96932
5 124 1 10 31.7099 54 345 1.32451
5 124 3 12 37.3009 54 273 1.12598
5 125 1 10 29.2082 54 203 1.43795
5 125 3 12 11.7092 54 1210 3.58691
5 126 1 10 54.64 54 419 0.768668
5 126 3 12 39.0011 54 2806 1.07689
5 126 5 14 26.5765 54 163.608 1.58034
5 126 6 15 98.3459 54 937.36 0.427064
5 127 1 10 57.8377 54 182 0.72617
5 127 3 12 58.4809 54 2378 0.718183
5 127 6 15 77.6697 54 365 0.540752
5 128 1 10 25.8799 54 85 1.62288
5 128 3 12 71.9326 54 5386 0.58388
5 129 1 10 0.534009 54 105 78.6503
5 129 3 12 86.8636 54 2872 0.483517
5 130 1 10 9.52111 54 5 4.41125
5 130 3 12 99.4199 54 905 0.422451
5 131 3 12 55.2031 54 1011 0.760827
5 131 5 14 39.4915 54 868.264 1.06352
5 132 1 10 9.06954 54 4 4.63089
5 132 3 12 21.1115 54 1148 1.98943
5 133 1 10 96.2023 54 1890 0.43658
5 133 3 12 42.2223 54 5602 0.994734
5 134 1 10 72.475 54 896 0.579511
5 134 3 12 79.5637 54 6326 0.527879
5 134 5 14 20.3788 54 320.219 2.06096
5 135 1 10 41.2343 54 1290 1.01857
5 135 3 12 161.612 54 7658 0.259882
5 136 1 10 41.648 54 1324 1.00845
5 136 3 12 49.1969 54 3929 0.853713
5 136 5 14 40.1215 54 49.5678 1.04682
5 136 8 17 6.41051 54 3 6.55174
5 137 1 10 42.6547 54 1465 0.98465
5 137 3 12 139.926 54 3520 0.300158
5 137 5 14 24.5295 54 68.2079 1.71222
5 137 8 17 2.76287 54 1 15.2016
5 138 1 10 78.2918 54 1128 0.536455
5 138 3 12 57.7122 54 6594 0.727749
5 138 5 14 18.7338 54 539.127 2.24194
5 138 6 15 10.5972 54 73.0001 3.96333
5 139 1 10 32.36 54 1301 1.2979
5 139 3 12 139.565 54 9029 0.300935
5 140 1 10 116.297 54 1736 0.361145
5 140 3 12 68.1644 54 6788 0.616158
5 141 1 10 74.2427 54 1326 0.565712
5 141 3 12 53.7752 54 5030 0.78103
5 142 1 10 21.1918 54 1041 1.9819
5 142 3 12 142.109 54 6059 0.295548
5 142 6 15 22.4032 54 30 1.87474
5 143 1 10 75.6993 54 988 0.554827
5 143 3 12 65.2344 54 6914 0.643833
5 144 1 10 112.416 54 1290 0.373611
5 144 3 12 46.8613 54 4145 0.896262
5 144 8 17 0.221704 54 1 189.442
5 145 1 10 56.392 54 1322 0.744786
5 145 3 12 61.6248 54 4153 0.681544
5 145 8 17 2.56048 54 1 16.4032
5 146 1 10 61.17 54 890 0.686611
5 146 3 12 68.8434 54 6133 0.61008
5 147 1 10 28.6339 54 999 1.46679
5 147 3 12 74.0073 54 6221 0.567512
5 148 1 10 64.8572 54 1010 0.647577
5 148 3 12 55.8643 54 6611 0.751822
5 149 1 10 69.8843 54 2559 0.600993
5 149 3 12 34.5518 54 4645 1.21557
5 150 1 10 157.788 54 1636 0.266181
5 150 3 12 80.6975 54 5894 0.520462
5 151 1 10 63.701 54 1911 0.659331
5 151 3 12 72.4836 54 1709 0.579442
5 152 1 10 58.3292 54 4312 0.720051
5 152 3 12 30.8793 54 3296 1.36014
5 153 1 10 22.746 54 2421 1.84648
5 153 2 11 53.5695 54 975 0.784028
5 153 3 12 28.8998 54 2524 1.4533
5 153 4 13 27.1254 54 5606 1.54837
5 153 5 15 128.318 54 62.4888 0.327313
5 153 6 16 2.12329 54 3 19.7806
5 154 1 10 82.5733 54 2489 0.508639
5 154 2 11 63.0079 54 293 0.666583
5 154 3 12 21.1732 54 21104 1.98364
5 154 4 13 46.3639 54 1851 0.905877
5 154 5 14 36.4799 54 1053.48 1.15132
5 155 1 10 55.8694 54 3306 0.751753
5 155 3 12 46.5204 54 31032 0.902829
5 155 4 13 109.154 54 8295 0.384777
5 156 1 10 84.3092 54 3691 0.498166
5 156 2 11 92.3798 54 268 0.454645
5 156 3 12 63.1147 54 34152 0.665455
5 156 4 13 234.946 54 8919 0.178765
5 156 5 14 10.2423 54 85.652 4.10066
5 157 1 10 118.691 54 3345 0.35386
5 157 2 11 56.653 54 2866 0.741355
5 157 3 12 82.8458 54 22897 0.506966
5 157 4 13 55.6823 54 2502 0.75428
5 158 1 10 116.581 54 4866 0.360265
5 158 2 11 144.496 54 1545 0.290665
5 158 3 12 47.4005 54 37681 0.886066
5 158 4 13 70.4591 54 1621 0.596091
5 159 1 10 72.8721 54 3866 0.576352
5 159 2 11 81.3886 54 1582 0.516043
5 159 3 12 42.6792 54 32308 0.984085
5 159 4 13 25.5365 54 919 1.6447
5 159 7 16 91.4135 54 2799 0.459451
5 160 1 10 54.1562 54 7075 0.775534
5 160 2 11 45.2951 54 5331 0.927252
5 160 3 12 78.2679 54 20662 0.536619
5 160 4 13 34.5646 54 4080 1.21512
5 160 6 16 61.0657 54 4812 0.687784
5 161 1 10 51.1993 54 5141 0.820323
5 161 2 11 50.6962 54 1917 0.828465
5 161 3 12 52.7439 54 12789 0.796301
5 161 4 13 170.583 54 5219 0.246214
5 161 7 16 53.5847 54 6269 0.783805
5 161 8 17 9.10137 54 31 4.61469
5 162 1 10 103.975 54 6541 0.403945
5 162 2 11 36.659 54 558 1.14569
5 162 3 12 40.7295 54 18112 1.03119
5 162 4 13 29.873 54 186 1.40595
5 162 5 14 55.0167 54 591.123 0.763405
5 162 7 16 185.933 54 9903 0.225888
5 162 8 17 2.38303 54 1 17.6246
5 163 1 10 43.7137 54 12605 0.960796
5 163 2 11 71.5826 54 957 0.586735
5 163 3 12 58.282 54 20045 0.720634
5 163 4 13 138.262 54 5901 0.303771
5 163 5 15 33.7561 54 154.059 1.24422
5 163 6 16 97.7438 54 10147 0.429695
5 164 1 10 33.015 54 7879 1.27215
5 164 2 11 191.729 54 2298 0.219059
5 164 3 12 76.8554 54 35381 0.546481
5 164 4 13 138.374 54 1232 0.303525
5 164 5 14 15.0004 54 519.267 2.79993
5 164 7 16 217.003 54 10422 0.193546
5 165 1 10 19.3488 54 15651 2.17068
5 165 2 11 79.6844 54 2755 0.52708
5 165 3 12 47.1732 54 61525 0.890336
5 165 4 13 155.089 54 2961 0.270813
5 165 5 15 38.6934 54 39.9999 1.08546
5 165 6 16 179.757 54 9995 0.233648
5 166 1 10 36.4613 54 14364 1.15191
5 166 2 11 99.9066 54 1466 0.420393
5 166 3 12 55.376 54 76078 0.758451
5 166 4 13 158.104 54 4054 0.265647
5 166 5 14 31.5467 54 1638.07 1.33136
5 166 6 15 64.214 54 511 0.654063
5 166 7 16 133.529 54 11227 0.314538
5 166 8 17 14.3462 54 6 2.92761
5 167 1 10 31.9901 54 9812 1.31291
5 167 2 11 109.62 54 1039 0.383143
5 167 3 12 105.554 54 32022 0.397901
5 167 4 13 138.913 54 5964 0.302349
5 167 5 15 13.6823 54 139.238 3.06967
5 167 6 16 127.12 54 10684 0.330398
5 167 7 17 9.09581 54 13 4.61751
5 168 1 10 20.3942 54 11604 2.05941
5 168 2 11 63.9314 54 1254 0.656954
5 168 3 12 98.4874 54 93684 0.426451
5 168 4 13 59.6052 54 116 0.704636
5 168 5 16 74.1554 54 11233 0.566378
5 168 6 17 3.184 54 2 13.1909
5 169 1 10 82.5984 54 2634 0.508484
5 169 2 11 18.8911 54 440 2.22326
5 169 3 12 107.466 54 135502 0.390821
5 169 4 13 87.1989 54 7276 0.481658
5 169 5 14 31.8488 54 1000 1.31873
5 169 6 15 1.33217 54 84.169 31.5274
5 169 7 16 154.643 54 9564 0.271594
5 170 1 10 110.509 54 8805 0.380059
5 170 2 11 20.3734 54 386 2.06151
5 170 3 12 54.0174 54 240907 0.777528
5 170 4 13 98.3898 54 5821 0.426873
5 170 5 14 74.4245 54 2000 0.564331
5 170 6 15 64.7891 54 1797.25 0.648257
5 170 7 16 152.931 54 24913 0.274634
5 171 1 10 99.6513 54 13650 0.42147
5 171 2 11 26.9725 54 392 1.55714
5 171 3 12 198.652 54 44365 0.211425
5 171 4 13 114.666 54 4294 0.366281
5 171 6 16 134.774 54 22787 0.311632
5 171 7 17 7.53624 54 2 5.57307
5 172 1 10 49.2225 54 10851 0.853268
5 172 2 11 13.243 54 331 3.17148
5 172 3 12 243.783 54 106916 0.172284
5 172 4 13 115.534 54 5155 0.36353
5 172 6 16 135.866 54 14841 0.309127
5 173 1 10 39.1475 54 6151 1.07287
5 173 2 11 83.207 54 427 0.504765
5 173 3 12 46.6631 54 131732 0.900068
5 173 4 13 45.8251 54 182 0.916529
5 173 7 17 7.32164 54 6 5.73642
5 174 1 10 158.6 54 6401 0.264817
5 174 2 11 43.6805 54 1373 0.961528
5 174 3 12 44.9813 54 123184 0.933722
5 174 4 13 98.366 54 283 0.426977
5 174 5 14 21.6393 54 1278 1.94092
5 174 8 17 29.423 54 9 1.42746
5 175 1 10 89.9263 54 9603 0.467049
5 175 2 11 70.6447 54 3251 0.594524
5 175 3 12 190.035 54 33421 0.221011
5 175 4 13 104.304 54 877 0.402671
5 175 6 17 30.0402 54 27 1.39813
5 176 1 10 168.665 54 1080 0.249015
5 176 2 11 99.9602 54 837 0.420167
5 176 3 12 82.4464 54 58244 0.509422
5 176 4 13 14.634 54 88 2.87002
5 176 5 14 77.4494 54 1000 0.542289
5 176 7 17 7.53806 54 6 5.57172
5 177 1 10 85.4182 54 9584 0.491699
5 177 2 11 43.4435 54 365 0.966774
5 177 3 12 137.738 54 48012 0.304927
5 177 4 13 60.528 54 2940 0.693893
5 177 6 16 136.377 54 25131 0.30797
5 178 1 10 153.28 54 9259 0.274008
5 178 2 11 23.6219 54 279 1.77801
5 178 3 12 165.426 54 43453 0.25389
5 178 4 13 15.5204 54 53 2.70612
5 178 5 14 56.3621 54 1387.52 0.745181
5 178 7 16 114.755 54 27087 0.365997
5 179 1 10 71.6995 54 9165 0.585778
5 179 2 11 48.8518 54 709 0.859743
5 179 3 12 262.345 54 35704 0.160095
5 179 5 14 7.81287 54 139.708 5.37575
5 179 6 15 78.3782 54 507.621 0.535863
5 179 7 16 139.677 54 23577 0.300695
5 179 8 17 2.39954e-05 54 19 1.75033e+06
5 180 1 10 98.8577 54 9522 0.424853
5 180 2 11 154.165 54 532 0.272436
5 180 3 12 310.873 54 64491 0.135104
5 180 4 13 22.2486 54 441 1.88776
5 180 5 14 77.2396 54 1000 0.543763
5 180 7 16 126.037 54 22120 0.333235
5 180 8 17 13.7821 54 17 3.04743
5 181 1 10 215.591 54 8737 0.194814
5 181 2 11 37.8903 54 148 1.10846
5 181 3 12 383.129 54 46894 0.109624
5 181 4 13 119.883 54 3589 0.350341
5 181 5 14 87.1447 54 1276.68 0.481957
5 181 6 15 16.2062 54 501.948 2.59161
5 181 7 16 87.8258 54 22321 0.478219
5 181 8 17 22.4946 54 41 1.86711
5 182 1 10 182.379 54 8898 0.230289
5 182 2 11 40.4995 54 624 1.03705
5 182 3 12 515.182 54 49205 0.0815246
5 182 4 13 128.069 54 5669 0.327948
5 182 5 14 23.4915 54 611.789 1.78788
5 182 6 15 56.5037 54 1000 0.743314
5 182 7 16 103.409 54 23832 0.406152
5 182 8 17 7.22965 54 28 5.80941
5 183 1 10 111.44 54 14967 0.376884
5 183 2 11 166.007 54 577 0.253001
5 183 3 12 60.2757 54 60411 0.696798
5 183 4 13 109.758 54 2636 0.382659
5 183 5 14 19.2984 54 275.066 2.17635
5 183 6 15 38.8692 54 1960 1.08055
5 183 7 16 92.4323 54 22259 0.454387
5 183 8 17 44.5457 54 26 0.942852
5 184 1 10 75.5056 54 13029 0.55625
5 184 2 11 57.2902 54 106 0.73311
5 184 3 12 105.377 54 139514 0.39857
5 184 4 13 52.7671 54 2612 0.79595
5 184 5 14 104.554 54 1630.28 0.401705
5 184 6 15 44.1305 54 429.076 0.951722
5 184 7 16 86.2702 54 21839 0.486843
5 185 1 10 120.887 54 10956 0.347432
5 185 2 11 197.891 54 839 0.212238
5 185 3 12 342.917 54 56723 0.122479
5 185 4 13 130.873 54 1054 0.320922
5 185 5 14 94.1864 54 1000 0.445924
5 185 6 15 43.4841 54 219.988 0.96587
5 185 8 17 6.46293 54 4 6.4986
5 186 1 10 204.084 54 9401 0.205797
5 186 2 11 90.9182 54 389 0.461954
5 186 3 12 229.319 54 66287 0.183151
5 186 4 13 77.4471 54 2236 0.542305
5 186 5 14 79.0647 54 1468 0.531211
5 186 6 15 53.416 54 2529.33 0.786281
5 186 8 17 3.00852 54 2 13.9603
5 187 1 10 150.362 54 17021 0.279326
5 187 2 11 209.856 54 467 0.200137
5 187 3 12 175.666 54 52164 0.239091
5 187 4 13 106.399 54 4321 0.394741
5 187 5 15 14.4673 54 105.702 2.90309
5 187 7 17 4.33524 54 1 9.68805
5 188 1 10 212.894 54 16407 0.197281
5 188 2 11 83.8928 54 290 0.500639
5 188 3 12 132.607 54 161620 0.316725
5 188 4 13 73.8481 54 2305 0.568735
5 188 5 14 87.9225 54 1080.52 0.477694
5 188 6 15 23.6337 54 388 1.77712
6 1 1 18 28.4829 54 4932 1.47457
6 1 2 21 3.26374 54 9 12.8687
6 2 1 18 25.1751 54 6171 1.66832
6 2 2 21 0.000673406 54 120 62369.5
6 3 1 18 47.0196 54 5603 0.893244
6 3 2 21 36.1428 54 162 1.16206
6 4 1 18 50.6096 54 1828 0.829883
6 4 4 21 36.6147 54 362 1.14708
6 5 4 21 4.519 54 4 9.29409
6 6 4 21 21.9017 54 25 1.91766
6 7 2 21 52.5548 54 513 0.799166
6 8 1 18 35.0655 54 1628 1.19776
6 8 4 21 44.2848 54 240 0.948407
6 9 1 18 20.5595 54 1513 2.04285
6 9 4 21 11.9318 54 24 3.52001
6 10 1 18 23.8366 54 2389 1.76199
6 10 2 21 14.7498 54 6 2.84749
6 11 1 18 21.9266 54 3614 1.91548
6 11 3 21 0.000716422 54 321 58624.6
6 12 1 18 18.1254 54 2312 2.31719
6 12 4 21 3.94463 54 262 10.6474
6 13 1 18 39.1382 54 2156 1.07312
6 13 4 21 9.01891 54 11 4.65688
6 14 1 18 20.1179 54 4554 2.08769
6 14 3 21 33.3689 54 92 1.25866
6 15 1 18 24.8651 54 7052 1.68911
6 15 3 21 15.8613 54 65 2.64795
6 16 1 18 59.1177 54 1622 0.710447
6 16 4 21 12.5187 54 263 3.35499
6 17 1 18 60.1769 54 8039 0.697942
6 17 4 21 5.08043 54 34 8.26701
6 18 1 18 41.3136 54 11963 1.01661
6 19 1 18 21.2487 54 8039 1.97659
6 19 3 21 63.9686 54 106 0.656572
6 20 1 18 31.7069 54 7923 1.32463
6 20 4 21 52.0207 54 149 0.807371
6 21 1 18 27.4416 54 5727 1.53052
6 21 4 21 2.80342 54 2 14.9817
6 22 1 18 21.7324 54 18621 1.9326
6 23 1 18 23.7529 54 42920 1.7682
6 23 4 21 32.7578 54 84 1.28214
6 24 1 18 31.9914 54 11949 1.31285
6 24 4 21 53.9622 54 60 0.778323
6 25 1 18 46.4279 54 5651 0.904628
6 26 1 18 34.7949 54 13722 1.20707
6 26 4 21 17.8397 54 32 2.3543
6 27 1 18 99.6747 54 19311 0.421371
6 27 3 21 10.329 54 4 4.06622
6 28 1 18 64.2154 54 13526 0.654049
6 28 3 21 4.43824 54 17 9.46321
6 29 1 18 21.5327 54 2000 1.95052
6 30 1 18 35.8573 54 17499 1.17131
6 31 1 18 17.3017 54 6000 2.4275
6 32 1 18 28.2186 54 6336 1.48838
6 33 1 18 21.2 54 3998 1.98113
6 34 1 18 66.5209 54 8708 0.63138
6 35 1 18 84.3256 54 6000 0.498069
6 36 1 18 82.9559 54 4002 0.506293
6 51 1 18 45.588 54 1321 0.921296
6 52 1 18 23.8397 54 1350 1.76176
6 53 1 18 18.5149 54 945 2.26844
6 54 1 18 30.5563 54 2841 1.37451
6 55 1 18 47.1458 54 3193 0.890854
6 56 1 18 43.1069 54 2011 0.974323
6 58 1 18 69.5274 54 1994 0.604079
6 59 1 18 74.7711 54 422 0.561714
6 61 1 18 74.562 54 641 0.56329
6 62 1 18 102.705 54 998 0.408937
6 63 1 18 51.8305 54 182 0.810334
6 67 1 18 38.1281 54 608 1.10155
6 68 1 18 36.6265 54 188 1.14671
6 68 2 19 59.1329 54 687 0.710264
6 68 3 20 76.2833 54 833 0.550579
6 69 1 18 264.678 54 2401 0.158683
6 69 2 19 42.359 54 2598 0.991525
6 69 3 20 129.714 54 1680 0.323788
6 70 1 18 111.801 54 755 0.375667
6 70 2 19 32.9766 54 3232 1.27363
6 70 3 20 49.0225 54 1204 0.856749
6 71 1 18 25.1749 54 5056 1.66833
6 71 3 20 38.3023 54 1795 1.09654
6 72 1 18 24.0567 54 596 1.74588
6 72 2 19 10.2017 54 408 4.11697
6 72 3 20 11.9875 54 2345 3.50366
6 73 1 18 90.4932 54 6884 0.464123
6 73 2 19 15.8906 54 244 2.64308
6 73 3 20 14.5049 54 187 2.89558
6 74 1 18 108.366 54 8659 0.387576
6 74 2 19 40.1588 54 457 1.04585
6 74 3 20 40.2952 54 1056 1.04231
6 75 1 18 64.789 54 50 0.648258
6 75 2 19 11.8032 54 50 3.55837
6 76 1 18 57.6299 54 2101 0.728789
6 76 3 20 71.8054 54 635 0.584914
6 77 1 18 93.9575 54 9794 0.44701
6 77 2 19 74.7961 54 1534 0.561526
6 77 3 20 84.5705 54 2658 0.496627
6 78 1 18 8.79355 54 4485 4.77623
6 78 2 19 57.8156 54 1193 0.726447
6 78 3 20 45.3726 54 1484 0.925669
6 79 1 18 23.1483 54 2523 1.81438
6 80 1 18 47.2157 54 6925 0.889535
6 80 3 20 16.2258 54 72 2.58848
6 81 1 18 70.1186 54 783 0.598985
6 81 2 19 24.2427 54 271 1.73248
6 81 3 20 45.7715 54 226 0.917602
6 82 1 18 54.084 54 2446 0.77657
6 83 1 18 15.3227 54 99 2.74103
6 84 1 18 43.19 54 1173 0.972448
6 85 2 19 28.6843 54 451 1.46421
6 85 3 20 39.5327 54 152 1.06241
6 87 3 20 44.1688 54 99.9998 0.950898
6 88 2 19 32.7571 54 472.805 1.28216
6 88 3 20 15.8648 54 249.615 2.64736
6 89 2 19 62.2822 54 535.445 0.67435
6 89 3 20 83.5727 54 166.957 0.502557
6 90 1 18 36.6415 54 38 1.14624
6 90 2 19 111.063 54 679.387 0.378164
6 91 1 18 49.0721 54 927 0.855883
6 91 2 19 2.75132 54 66.3381 15.2654
6 92 1 18 65.2075 54 51 0.644098
6 93 1 18 29.6455 54 254 1.41674
6 93 2 19 21.7496 54 620 1.93107
6 93 3 20 9.8264 54 406 4.2742
6 94 1 18 49.0907 54 850 0.855559
6 94 2 19 43.9241 54 2188.42 0.956195
6 94 3 20 32.7236 54 1074 1.28348
6 95 2 19 43.7196 54 1232 0.960668
6 95 3 20 1.44231 54 1211.82 29.12
6 96 1 18 22.1892 54 1049 1.89281
6 96 2 19 17.2635 54 485.282 2.43288
6 96 3 20 26.5367 54 1096.2 1.58272
6 96 4 21 12.3425 54 6 3.40288
6 97 2 19 18.0578 54 1787.28 2.32587
6 97 3 20 12.1323 54 524 3.46182
6 98 1 18 42.3614 54 3397 0.991469
6 98 2 19 32.1092 54 737.792 1.30804
6 98 3 20 21.286 54 825.838 1.97313
6 98 4 21 8.51165 54 21 4.93441
6 99 2 19 41.0534 54 1047.07 1.02306
6 99 3 20 28.3897 54 37.7751 1.47941
6 100 1 18 11.8165 54 121 3.55435
6 100 2 19 27.7632 54 1351.26 1.5128
6 101 2 19 26.8414 54 1761.99 1.56474
6 101 3 20 22.3415 54 1603.07 1.87991
6 101 4 21 15.9312 54 5 2.63633
6 102 2 19 39.1274 54 616.063 1.07342
6 103 2 19 41.8897 54 579.289 1.00263
6 104 2 19 24.6753 54 583.834 1.70211
6 104 3 20 11.3368 54 63.454 3.70474
6 104 4 21 5.49033 54 2 7.64981
6 105 2 19 46.123 54 1073.68 0.910608
6 106 1 18 61.8714 54 1470 0.678827
6 106 2 19 69.5256 54 3198.44 0.604094
6 106 3 20 46.6285 54 962.696 0.900737
6 107 1 18 91.5447 54 14620 0.458792
6 107 2 19 64.5397 54 847.895 0.650762
6 108 1 18 41.4679 54 2238 1.01283
6 108 2 19 37.9156 54 322.241 1.10772
6 109 2 19 43.0651 54 790.034 0.975268
6 109 3 20 42.3957 54 508.258 0.990667
6 110 1 18 61.5702 54 13270 0.682148
6 110 2 19 33.0163 54 1586.18 1.2721
6 110 3 20 22.8115 54 58.55 1.84118
6 111 2 19 32.6945 54 1047.24 1.28462
6 111 3 20 16.478 54 37.0275 2.54885
6 112 1 18 56.1858 54 3398 0.74752
6 112 2 19 7.07412 54 69.6155 5.93714
6 112 4 21 6.72842 54 2 6.24218
6 113 1 18 121.003 54 3384 0.347098
6 113 2 19 29.8214 54 2295.88 1.40839
6 113 3 20 33.259 54 1323.83 1.26281
6 114 1 18 97.5975 54 3013 0.430339
6 114 2 19 50.5452 54 1826.58 0.830939
6 114 3 20 11.6144 54 1024.6 3.61622
6 114 4 21 25.8487 54 29 1.62484
6 115 1 19 17.3628 54 105.274 2.41896
6 115 2 20 13.5434 54 327.704 3.10115
6 116 1 19 29.7189 54 122.88 1.41324
6 116 3 21 5.71866 54 2 7.34438
6 117 2 19 45.5202 54 944.658 0.922666
6 117 3 20 53.1852 54 380.999 0.789694
6 118 2 19 81.1651 54 995.299 0.517464
6 118 4 21 12.235 54 7 3.43278
6 119 2 19 79.5094 54 2139.63 0.52824
6 119 4 21 5.67328 54 6 7.40312
6 120 2 19 111.746 54 2379.96 0.375853
6 120 3 20 93.1398 54 2951.55 0.450935
6 120 4 21 8.16092 54 6 5.14648
6 121 1 18 116.775 54 4368 0.359667
6 121 2 19 51.0887 54 3748.78 0.8221
6 121 3 20 27.5857 54 384.839 1.52253
6 121 4 21 5.62529 54 2 7.46628
6 122 1 18 63.8709 54 16024 0.657576
6 122 2 19 75.2518 54 3453.88 0.558126
6 122 3 20 25.1402 54 1141.42 1.67063
6 122 4 21 24.3588 54 9 1.72423
6 123 1 18 47.9771 54 7216 0.875418
6 123 2 19 71.2742 54 3000 0.589273
6 123 3 20 18.1261 54 630.412 2.3171
6 123 4 21 23.6865 54 16 1.77316
6 124 1 18 83.3042 54 9210 0.504176
6 124 2 19 115.758 54 4437.27 0.362827
6 124 3 20 45.5502 54 605.348 0.922059
6 124 4 21 84.2691 54 30 0.498403
6 125 1 18 41.7351 54 12042 1.00635
6 125 2 19 128.318 54 5283.51 0.327312
6 125 3 20 21.2189 54 2420.23 1.97937
6 125 4 21 1.60018 54 15 26.247
6 126 1 18 93.8343 54 5489 0.447597
6 126 2 19 152.327 54 2788.3 0.275722
6 126 3 20 105.506 54 2152 0.398081
6 126 4 21 23.8196 54 13 1.76325
6 127 1 18 82.884 54 20238 0.506732
6 127 2 19 25.4647 54 2174.77 1.64934
6 127 3 20 56.8114 54 199.336 0.739288
6 127 4 21 78.2245 54 34 0.536916
6 128 2 19 33.2652 54 1651.18 1.26258
6 128 3 20 43.4824 54 498.421 0.965909
6 128 4 21 7.40358e-05 54 54 567293
6 129 2 19 44.5054 54 4000 0.943705
6 129 3 20 15.1613 54 675.047 2.7702
6 129 4 21 7.89743 54 3 5.31819
6 130 2 19 53.1971 54 3865.4 0.789516
6 130 3 20 4.94015 54 402.887 8.50177
6 130 4 21 22.4085 54 70 1.87429
6 131 2 19 82.1491 54 2947.03 0.511266
6 131 3 20 27.9389 54 819.233 1.50328
6 131 4 21 35.4339 54 43 1.1853
6 132 2 19 54.1061 54 4134.58 0.776252
6 132 3 20 32.0409 54 2486.48 1.31082
6 132 4 21 2.66954 54 6 15.7331
6 133 1 18 38.8124 54 784 1.08213
6 133 2 19 45.1095 54 3579.6 0.931069
6 133 3 20 47.5805 54 2168.15 0.882715
6 133 4 21 1.89752e-08 54 1 2.21341e+09
6 134 2 19 57.6098 54 4000 0.729042
6 134 3 20 42.0609 54 704.236 0.998552
6 134 4 21 3.90237 54 3 10.7627
6 135 2 19 104.99 54 3675.5 0.400037
6 135 3 20 56.5767 54 2143.76 0.742355
6 135 4 21 40.2269 54 105 1.04408
6 136 2 19 92.0752 54 4516.86 0.456149
6 136 3 20 23.288 54 2764.69 1.8035
6 136 4 21 28.515 54 77 1.47291
6 137 2 19 42.5508 54 4954.12 0.987055
6 137 3 20 19.7617 54 2340.49 2.12532
6 137 4 21 1.43296 54 9 29.3099
6 138 2 19 130.77 54 4827.01 0.321173
6 138 3 20 44.1102 54 2978.39 0.952161
6 138 4 21 1.8559e-05 54 233 2.26305e+06
6 139 1 18 40.7768 54 3107 1.03
6 139 2 19 44.3895 54 3000 0.946169
6 139 3 20 34.2866 54 550.041 1.22497
6 139 4 21 13.9191 54 4 3.01743
6 140 2 19 74.873 54 4128.69 0.56095
6 140 3 20 39.4774 54 2629.92 1.0639
6 140 4 21 61.1692 54 71 0.68662
6 141 2 19 86.7931 54 4231.28 0.483909
6 141 3 20 76.1364 54 3839.53 0.551642
6 141 4 21 25.5925 54 45 1.64111
6 142 2 19 55.2414 54 3561.66 0.760299
6 142 3 20 77.7087 54 3205.2 0.54048
6 142 4 21 45.178 54 22 0.929657
6 143 2 19 61.8465 54 3637.14 0.679101
6 143 3 20 48.9947 54 1043.96 0.857236
6 144 2 19 140.667 54 3262 0.298577
6 144 3 20 75.171 54 2953.01 0.558726
6 144 4 21 3.39708 54 3 12.3636
6 145 2 19 93.6868 54 3488.12 0.448302
6 145 3 20 47.7623 54 2716.3 0.879354
6 146 2 19 89.8764 54 4653.01 0.467308
6 146 3 20 94.7626 54 3565.18 0.443213
6 146 4 21 9.39239e-05 54 89 447171
6 147 2 19 63.4396 54 3225.09 0.662047
6 147 3 20 11.1066 54 1001.38 3.78154
6 147 4 21 14.37 54 10 2.92276
6 148 2 19 102.281 54 3999.04 0.410632
6 148 3 20 23.8539 54 3119.29 1.76072
6 148 4 21 16.4344 54 24 2.55561
6 149 2 19 47.9724 54 4967.21 0.875504
6 149 3 20 89.6202 54 2584.74 0.468644
6 149 4 21 15.6558 54 26 2.68272
6 150 1 19 62.556 54 4732.4 0.671398
6 150 2 20 45.577 54 3480.33 0.921518
6 151 1 19 34.1906 54 3000 1.22841
6 151 2 20 14.1189 54 1745.17 2.97474
6 151 3 21 13.3404 54 22 3.14833
6 152 1 19 66.6595 54 3761.93 0.630067
6 152 2 20 42.0095 54 2943.72 0.999774
6 152 3 21 19.2632 54 63 2.18032
6 153 1 19 83.4651 54 5208.12 0.503204
6 153 2 20 81.1562 54 5732.16 0.51752
6 153 3 21 7.36703 54 7 5.70108
6 154 1 19 96.2847 54 4114.28 0.436206
6 154 2 20 81.8528 54 4180.52 0.513116
6 155 1 19 75.53 54 2513.3 0.55607
6 155 2 20 133.928 54 3979.96 0.313602
6 155 3 21 16.6156 54 27 2.52774
6 156 1 19 227.435 54 5959.58 0.184668
6 156 2 20 266.108 54 5935.76 0.157831
6 156 3 21 12.4128 54 29 3.3836
6 157 2 19 300.498 54 5593.17 0.139768
6 157 3 20 244.871 54 5211.89 0.171519
6 157 4 21 32.8787 54 71 1.27742
6 158 2 19 96.4827 54 5050.8 0.435311
6 158 3 20 86.1796 54 3447.67 0.487354
6 158 4 21 11.1298 54 22 3.77366
6 159 2 19 56.417 54 3988.31 0.744456
6 159 3 20 66.4204 54 3788.58 0.632336
6 159 4 21 6.57788e-05 54 32 638504
6 160 2 19 287.073 54 6950.19 0.146304
6 160 3 20 185.691 54 6812.19 0.226182
6 160 4 21 9.05892 54 127 4.63631
6 161 2 19 84.1681 54 5346.6 0.499001
6 161 3 20 206.844 54 5294.54 0.203052
6 161 4 21 27.6177 54 16 1.52076
6 162 2 19 113.198 54 5000 0.371031
6 162 3 20 86.2152 54 3641.54 0.487153
6 162 4 21 0.0042936 54 249 9782.01
6 163 2 19 374.978 54 4125.7 0.112007
6 163 3 20 141.708 54 3039.44 0.296384
6 163 4 21 19.8173 54 74 2.11936
6 164 2 19 102.302 54 5858.86 0.410548
6 164 3 20 111.033 54 6910.93 0.378265
6 164 4 21 22.1551 54 48 1.89572
6 165 2 19 220.496 54 5897.44 0.19048
6 165 3 20 82.5845 54 6180.41 0.50857
6 165 4 21 28.2967 54 17 1.48427
6 166 2 19 119.442 54 5175.96 0.351635
6 166 3 20 164.972 54 5347.97 0.254589
6 166 4 21 42.6908 54 38 0.983818
6 167 2 19 136.963 54 3098.1 0.306653
6 167 3 20 131.474 54 4184.01 0.319456
6 167 4 21 21.2097 54 17 1.98022
6 168 2 19 153.329 54 6301.58 0.27392
6 168 3 20 117.265 54 6070.58 0.358162
6 168 4 21 18.2442 54 24 2.3021
6 169 2 19 137.002 54 5502.62 0.306565
6 169 3 20 81.8071 54 4988.62 0.513403
6 169 4 21 6.36624 54 9 6.5973
6 170 1 19 151.752 54 4090.92 0.276767
6 170 2 20 62.442 54 3892.31 0.672624
6 170 3 21 68.8755 54 106 0.609796
6 171 2 19 124.738 54 4086.56 0.336705
6 171 3 20 91.3752 54 3406.5 0.459643
6 171 4 21 30.1531 54 23 1.39289
6 172 1 19 88.2788 54 5781.62 0.475766
6 172 2 20 69.7596 54 5715.14 0.602068
6 172 3 21 0.802898 54 6 52.3105
6 173 2 19 64.9588 54 4789.42 0.646564
6 173 3 20 103.727 54 4321.26 0.404911
6 173 4 21 4.48307 54 11 9.36858
6 174 1 19 77.1027 54 3907.32 0.544728
6 174 2 20 52.4295 54 2761.29 0.801076
6 174 3 21 24.0878 54 42 1.74362
6 175 1 19 44.2365 54 4080.87 0.949441
6 175 2 20 75.8763 54 2345.61 0.553532
6 175 3 21 25.9391 54 21 1.61918
6 176 2 19 39.4042 54 5326.48 1.06588
6 176 3 20 23.6308 54 3275.48 1.77734
6 176 4 21 37.9849 54 200 1.1057
6 177 2 19 51.5189 54 5323.72 0.815235
6 177 3 20 19.6455 54 4772.61 2.13789
6 177 4 21 34.7692 54 59 1.20797
6 178 2 19 59.3704 54 4460.91 0.707423
6 178 3 20 97.0543 54 6490 0.432747
6 178 4 21 22.916 54 75 1.83278
6 179 2 19 126.744 54 3658.27 0.331376
6 179 3 20 86.4496 54 3701.89 0.485832
6 179 4 21 42.3468 54 83 0.99181
6 180 2 19 155.23 54 5475.84 0.270566
6 180 3 20 238.194 54 6069.82 0.176327
6 180 4 21 47.2395 54 162 0.889086
6 181 2 19 178.99 54 5102.25 0.23465
6 181 3 20 242.699 54 5343.1 0.173054
6 181 4 21 0.000123011 54 59 341433
6 182 2 19 130.334 54 5054.68 0.32225
6 182 3 20 127.633 54 4633.23 0.329069
6 182 4 21 55.051 54 226 0.762928
6 183 2 19 96.2631 54 3424.97 0.436304
6 183 3 20 99.9466 54 3157.2 0.420224
6 183 4 21 27.7285 54 415 1.51469
6 184 2 19 189.38 54 4458.81 0.221777
6 184 3 20 187.599 54 6044.87 0.223882
6 184 4 21 4.44063 54 14 9.45813
6 185 2 19 217.069 54 5101.91 0.193487
6 185 3 20 76.7426 54 5263.77 0.547284
6 185 4 21 0.294202 54 12 142.759
6 186 2 19 140.683 54 3412.66 0.298544
6 186 3 20 105.783 54 2824.51 0.397039
6 186 4 21 23.3048 54 132 1.8022
6 187 2 19 166.383 54 1629.17 0.252429
6 187 3 20 166.187 54 2705.03 0.252728
6 187 4 21 12.4145 54 18 3.38314
6 188 2 19 89.6332 54 2372.39 0.468576
6 188 3 20 148.216 54 2733.06 0.283371
7 1 1 24 19.5994 54 1345 2.14292
7 1 3 27 56.4549 54 322 0.743957
7 2 1 24 6.73122 54 347 6.23959
7 2 2 27 35.5136 54 23 1.18265
7 3 2 27 1.26781 54 24 33.1279
7 4 1 24 15.4241 54 1968 2.72301
7 4 4 27 19.2677 54 80 2.17981
7 5 1 24 50.4055 54 1620 0.833242
7 5 4 27 7.76367 54 34 5.40981
7 6 1 24 21.5911 54 540 1.94525
7 6 4 27 48.2195 54 124 0.871018
7 7 1 24 18.3512 54 1045 2.28868
7 7 2 27 29.2389 54 326 1.43644
7 8 1 24 12.9288 54 2775 3.24855
7 8 4 27 78.7907 54 630 0.533058
7 9 1 24 37.2834 54 1358 1.12651
7 9 4 27 82.1607 54 207 0.511193
7 10 2 27 27.8593 54 66 1.50758
7 11 1 24 11.7253 54 360 3.58199
7 11 4 27 17.9557 54 84 2.33909
7 12 1 24 10.7546 54 30 3.90531
7 12 4 27 15.1912 54 147 2.76477
7 13 1 24 13.7502 54 230 3.0545
7 13 4 27 17.7605 54 52 2.3648
7 14 4 27 13.742 54 50 3.05633
7 15 1 24 11.5602 54 654 3.63314
7 15 4 27 8.5568 54 23 4.90838
7 16 1 24 17.2468 54 878 2.43523
7 16 4 27 18.004 54 124 2.33281
7 17 1 24 45.6184 54 1424 0.920681
7 17 4 27 26.3984 54 45 1.59101
7 18 1 24 108.323 54 419 0.38773
7 18 3 27 22.9012 54 40 1.83397
7 19 1 24 49.354 54 492 0.850996
7 19 4 27 21.7174 54 13 1.93393
7 20 4 27 18.7858 54 76 2.23573
7 21 1 24 27.4192 54 25 1.53178
7 21 4 27 12.1323 54 8 3.46183
7 22 4 27 8.45342 54 31 4.9684
7 23 4 27 15.5433 54 11 2.70212
7 24 1 24 14.8183 54 3282 2.83434
7 24 4 27 2.96899 54 36 14.1462
7 25 1 24 19.6453 54 3138 2.13791
7 25 4 27 35.8594 54 18 1.17124
7 26 1 24 32.179 54 612 1.3052
7 26 4 27 147.868 54 253 0.284037
7 27 1 24 20.2113 54 2025 2.07805
7 27 4 27 35.2503 54 83 1.19148
7 28 1 24 52.7313 54 4367 0.796491
7 28 4 27 33.4775 54 130 1.25457
7 29 1 24 42.1858 54 2511 0.995597
7 29 4 27 4.7083 54 7 8.92042
7 31 1 24 22.8523 54 626 1.83789
7 31 4 27 11.343 54 26 3.70273
7 32 1 24 14.829 54 3601 2.83229
7 32 4 27 21.4944 54 27 1.954
7 33 1 24 85.3866 54 29 0.491881
7 33 4 27 13.0863 54 4 3.20945
7 34 1 24 68.3176 54 1352 0.614776
7 35 1 24 21.6679 54 3995 1.93835
7 35 4 27 20.4654 54 26 2.05225
7 36 1 24 12.5696 54 35 3.3414
7 36 4 27 26.3766 54 83 1.59232
7 37 1 24 3.39707 54 25 12.3636
7 39 4 27 12.9824 54 6 3.23516
7 44 1 24 12.0799 54 27 3.47685
7 49 1 24 11.8981 54 23 3.52998
7 53 1 24 0.957748 54 55 43.8529
7 53 4 27 1.0301 54 1 40.7728
7 55 1 24 9.35646 54 25 4.48888
7 56 1 24 21.7282 54 695 1.93297
7 57 1 24 116.516 54 492 0.360467
7 60 1 24 19.931 54 205 2.10727
7 61 1 24 98.1181 54 717 0.428055
7 61 4 27 5.50069 54 2 7.6354
7 62 1 24 76.9526 54 289 0.54579
7 64 1 24 45.6075 54 190 0.920902
7 65 1 24 26.0141 54 380 1.61451
7 66 1 24 71.0783 54 800 0.590897
7 66 2 25 25.5729 54 271 1.64237
7 66 3 26 54.0703 54 768 0.776766
7 67 1 24 78.8085 54 384 0.532937
7 67 2 25 62.0478 54 1560 0.676897
7 67 3 26 152.797 54 2480 0.274875
7 67 4 27 13.0986 54 15 3.20646
7 68 1 24 70.739 54 1058 0.593732
7 68 2 25 37.6108 54 996 1.1167
7 68 3 26 146.097 54 2119 0.28748
7 68 4 27 17.715 54 6 2.37088
7 69 1 24 146.636 54 1836 0.286424
7 69 2 25 23.3621 54 994 1.79778
7 69 3 26 65.8452 54 357 0.63786
7 70 1 24 29.1844 54 175 1.43912
7 70 2 25 16.7673 54 896 2.50488
7 70 3 26 32.6641 54 1414 1.28582
7 71 3 26 21.444 54 429 1.95859
7 72 2 25 27.5878 54 829 1.52241
7 72 3 26 16.1572 54 1567 2.59946
7 73 1 24 29.3341 54 202 1.43178
7 73 2 25 27.9073 54 2993 1.50498
7 73 3 26 19.1319 54 563 2.19529
7 74 1 24 48.3833 54 2088 0.868068
7 74 2 25 45.9942 54 1702 0.913159
7 74 3 26 38.7765 54 301 1.08313
7 75 1 24 33.3221 54 3096 1.26042
7 75 2 25 32.6352 54 493 1.28695
7 75 3 26 14.5941 54 72 2.87788
7 75 4 27 2.17978 54 1 19.268
7 76 1 24 9.34715 54 6 4.49335
7 76 2 25 34.0896 54 648 1.23205
7 76 3 26 45.9071 54 1163 0.914891
7 77 1 24 26.459 54 1297 1.58736
7 77 2 25 80.3178 54 894 0.522923
7 77 3 26 98.0695 54 3477 0.428268
7 78 1 24 58.6362 54 2500 0.716281
7 78 2 25 41.6453 54 449 1.00852
7 78 3 26 47.0873 54 1040 0.89196
7 79 1 24 93.0645 54 5257 0.4513
7 79 2 25 16.8009 54 1012 2.49986
7 79 3 26 77.064 54 897 0.545002
7 79 4 27 3.62104 54 1 11.5989
7 80 1 24 44.0758 54 243 0.952904
7 80 2 25 8.38141 54 825 5.01109
7 80 3 26 15.6135 54 897 2.68997
7 80 4 27 16.4174 54 4 2.55826
7 81 1 24 81.2082 54 551 0.517189
7 81 2 25 6.4703 54 292 6.4912
7 81 3 26 27.0604 54 769 1.55208
7 82 1 24 24.9273 54 75 1.6849
7 82 4 27 2.23843 54 1 18.7632
7 83 1 24 19.3482 54 1962 2.17074
7 83 2 25 65.8643 54 2307 0.637675
7 83 3 26 31.9865 54 2044 1.31305
7 83 4 27 9.01755 54 3 4.65759
7 84 1 24 81.2912 54 799 0.516661
7 84 2 25 28.1218 54 2077 1.4935
7 84 3 26 28.0393 54 1719 1.4979
7 85 1 24 64.331 54 311 0.652874
7 85 2 25 26.037 54 708.479 1.61309
7 85 3 26 83.9144 54 745 0.50051
7 86 2 25 22.3812 54 1003.85 1.87658
7 86 3 26 30.259 54 583.442 1.38802
7 86 4 27 15.9365 54 10 2.63546
7 87 2 25 20.91 54 255.604 2.0086
7 87 3 26 60.8095 54 438.24 0.690682
7 87 4 27 4.27724 54 2 9.81941
7 88 1 24 4.52417 54 110 9.28347
7 88 2 25 62.2713 54 991.627 0.674468
7 88 3 26 67.3895 54 926.974 0.623243
7 89 1 24 16.0705 54 75 2.61349
7 89 2 25 106.489 54 5108.62 0.394405
7 89 3 26 71.1536 54 497 0.590272
7 89 4 27 1.24216 54 1 33.8121
7 90 2 25 113.787 54 1495 0.369111
7 90 3 26 116.402 54 329.295 0.36082
7 90 4 27 32.4144 54 12 1.29572
7 91 1 24 31.3123 54 442 1.34133
7 91 2 25 11.5835 54 1138.65 3.62585
7 91 3 26 114.124 54 954.628 0.368021
7 91 4 27 62.1269 54 34 0.676036
7 92 1 24 17.4897 54 159 2.40142
7 92 2 25 12.6133 54 2336.89 3.32981
7 92 3 26 22.0626 54 519.123 1.90367
7 92 4 27 8.8856 54 4 4.72675
7 93 1 24 93.5584 54 171 0.448917
7 93 2 25 57.3324 54 1130.4 0.732569
7 93 3 26 0.335603 54 2065.77 125.148
7 94 1 24 200.013 54 101 0.209986
7 94 2 25 60.2671 54 2998.07 0.696897
7 94 3 26 106.807 54 2316.56 0.393231
7 94 4 27 34.9705 54 31 1.20101
7 95 2 25 34.6424 54 1149.92 1.21239
7 95 3 26 55.3683 54 2433 0.758557
7 95 4 27 31.3742 54 36 1.33868
7 96 1 24 8.4733 54 20 4.95675
7 96 2 25 21.5728 54 864.706 1.9469
7 96 3 26 32.8079 54 4132 1.28018
7 96 4 27 31.8554 54 50 1.31846
7 97 1 24 24.2324 54 60 1.73321
7 97 2 25 53.4711 54 5218.62 0.785471
7 97 3 26 57.3601 54 3934.93 0.732217
7 97 4 27 1.58123 54 1 26.5616
7 98 1 24 129.162 54 221 0.325173
7 98 2 25 49.0423 54 1769.31 0.856403
7 98 3 26 43.3665 54 1757 0.96849
7 98 4 27 8.01678 54 5 5.23901
7 99 2 25 74.0615 54 2663.19 0.567096
7 99 3 26 42.3367 54 2340.91 0.992046
7 99 4 27 19.6855 54 33 2.13355
7 100 1 24 3.24953 54 20 12.9249
7 100 2 25 55.6966 54 2601.75 0.754086
7 100 3 26 59.7331 54 1157.84 0.703128
7 100 4 27 50.1012 54 93 0.838302
7 101 1 24 40.9095 54 127 1.02666
7 101 2 25 121.931 54 3089.87 0.344456
7 101 3 26 58.9071 54 856.097 0.712987
7 101 4 27 17.0867 54 72 2.45805
7 102 2 25 58.8236 54 859.005 0.713999
7 102 3 26 18.9073 54 307.323 2.22136
7 102 4 27 23.5589 54 33 1.78276
7 103 2 25 47.334 54 319.048 0.887311
7 103 4 27 27.7603 54 18 1.51295
7 104 1 24 23.7266 54 171 1.77017
7 104 2 25 35.8574 54 1388.94 1.17131
7 104 3 26 30.5399 54 32.9999 1.37525
7 104 4 27 1.03428 54 4 40.6078
7 105 2 25 50.9342 54 3564.06 0.824593
7 105 3 26 84.4166 54 1133.86 0.497532
7 105 4 27 0.0456114 54 5 920.823
7 106 2 25 98.5235 54 4105.76 0.426294
7 106 3 26 59.3174 54 3370.62 0.708055
7 106 4 27 3.49479e-05 54 50 1.20179e+06
7 107 2 25 106.234 54 1510.7 0.395355
7 107 3 26 109.242 54 972.648 0.384467
7 107 4 27 18.8579 54 20 2.22719
7 108 1 24 10.4231 54 25 4.02952
7 108 2 25 102.326 54 2756.1 0.410453
7 108 3 26 76.6632 54 1883.87 0.547851
7 108 4 27 1.40923 54 4 29.8035
7 109 1 24 19.5792 54 1485 2.14513
7 109 2 25 60.7966 54 2861.61 0.690828
7 109 3 26 189.556 54 1320.81 0.22157
7 109 4 27 1.53722 54 2 27.322
7 110 2 25 53.4416 54 3051.41 0.785905
7 110 3 26 2.48543 54 471.208 16.8985
7 110 4 27 13.6096 54 18 3.08606
7 111 2 25 26.9476 54 3757.86 1.55858
7 111 3 26 25.2265 54 1777.25 1.66492
7 111 4 27 12.5761 54 5 3.33968
7 112 1 24 43.1229 54 207 0.97396
7 112 2 25 42.7915 54 1158.59 0.981503
7 112 3 26 3.29501 54 2050.63 12.7465
7 112 4 27 21.793 54 11 1.92723
7 113 1 24 18.8991 54 2134 2.22232
7 113 2 25 116.183 54 3655.57 0.361498
7 113 3 26 75.1588 54 1898.43 0.558817
7 113 4 27 10.6596 54 6 3.94012
7 114 1 24 20.9296 54 40 2.00673
7 114 2 25 94.8406 54 4208.85 0.442848
7 114 3 26 44.7371 54 1677 0.938818
7 114 4 27 12.1755 54 4 3.44955
7 115 1 25 54.624 54 1689.01 0.768892
7 115 2 26 67.1039 54 637.029 0.625895
7 115 3 27 35.4853 54 53 1.18359
7 116 2 25 65.5477 54 1798.13 0.640755
7 116 3 26 73.5541 54 1261.62 0.571009
7 116 4 27 24.7445 54 12 1.69735
7 117 2 25 103.297 54 2890.21 0.406596
7 117 3 26 145.173 54 2566.56 0.28931
7 117 4 27 24.5643 54 19 1.7098
7 118 2 25 105.074 54 3547.26 0.399717
7 118 3 26 133.589 54 3016.77 0.314396
7 119 1 25 44.9951 54 1380.11 0.933435
7 119 2 26 80.0955 54 816.63 0.524374
7 119 3 27 25.152 54 46 1.66985
7 120 2 25 25.6147 54 1484.91 1.63968
7 120 3 26 82.0314 54 555.694 0.511999
7 120 4 27 44.8573 54 36 0.936302
7 121 1 24 7.55001 54 380 5.56291
7 121 2 25 159.14 54 3420.93 0.263918
7 121 3 26 84.2691 54 1572.81 0.498403
7 121 4 27 61.1397 54 33 0.686952
7 122 1 24 7.17138 54 6 5.85661
7 122 2 25 75.0057 54 1507.87 0.559958
7 122 3 26 42.5226 54 1271.79 0.987709
7 122 4 27 0.33723 54 26 124.544
7 123 2 25 69.7399 54 2923.99 0.602238
7 123 3 26 46.6772 54 568.736 0.899797
7 123 4 27 59.7765 54 53 0.702617
7 124 2 25 273.389 54 1603.97 0.153627
7 124 3 26 238.194 54 2764.12 0.176327
7 124 4 27 10.9702 54 52 3.82855
7 125 1 24 74.9296 54 2518 0.560526
7 125 2 25 176.337 54 3374.75 0.238181
7 125 3 26 218.186 54 3329.01 0.192496
7 125 4 27 5.57625e-05 54 290 753194
7 126 1 24 44.2962 54 3466 0.948162
7 126 2 25 94.6868 54 1882.13 0.443568
7 126 3 26 94.9181 54 2313.82 0.442487
7 126 4 27 116.866 54 73 0.359387
7 127 2 25 30.2119 54 2302.67 1.39018
7 127 3 26 49.2867 54 2274.82 0.852157
7 127 4 27 3.08117 54 6 13.6312
7 128 2 25 44.6136 54 1389.78 0.941417
7 128 3 26 36.2528 54 532.657 1.15853
7 128 4 27 4.49844 54 40 9.33657
7 129 1 24 40.8604 54 97 1.02789
7 129 2 25 35.3359 54 2737.52 1.18859
7 129 3 26 48.983 54 1751.46 0.857441
7 129 4 27 16.4436 54 44 2.55418
7 130 2 25 52.9891 54 3842.75 0.792616
7 130 3 26 39.6376 54 4056.05 1.0596
7 130 4 27 39.5791 54 80 1.06117
7 131 2 25 144.743 54 4673 0.290169
7 131 3 26 93.0972 54 2021 0.451141
7 131 4 27 0.00268788 54 198 15625.7
7 132 2 25 198.949 54 6544.27 0.211109
7 132 3 26 146.412 54 2697.59 0.286862
7 132 4 27 55.9738 54 37 0.750351
7 133 1 24 73.7375 54 1263 0.569588
7 133 2 25 93.7359 54 3162.58 0.448067
7 133 3 26 155.045 54 4051.43 0.270889
7 133 4 27 32.2046 54 59 1.30416
7 134 2 25 119.876 54 4969.41 0.350362
7 134 3 26 120.04 54 4078.81 0.349883
7 134 4 27 0.0361607 54 870 1161.48
7 135 2 25 89.576 54 3827.76 0.468876
7 135 3 26 69.7649 54 3762.76 0.602022
7 135 4 27 68.4718 54 83 0.613391
7 136 2 25 139.063 54 5107.1 0.302021
7 136 3 26 91.0903 54 1569.72 0.461081
7 136 4 27 48.0488 54 77 0.874111
7 137 2 25 57.2197 54 5907.93 0.734013
7 137 3 26 61.7081 54 2378.36 0.680624
7 137 4 27 79.1032 54 73 0.530952
7 138 2 25 129.068 54 6697.24 0.32541
7 138 3 26 109.449 54 4520.66 0.383739
7 138 4 27 0.00017368 54 108 241824
7 139 2 25 63.9327 54 2305.87 0.656941
7 139 3 26 64.7666 54 1398.61 0.648482
7 139 4 27 0.00833246 54 525 5040.53
7 140 1 24 4.12235 54 239 10.1884
7 140 2 25 104.147 54 5389.2 0.403278
7 140 3 26 45.6649 54 2125.14 0.919743
7 140 4 27 93.8633 54 169 0.447459
7 141 2 25 104.784 54 9052.2 0.400826
7 141 3 26 44.1688 54 3550.04 0.950897
7 141 4 27 22.0606 54 183 1.90384
7 142 2 25 86.7276 54 7702.18 0.484275
7 142 3 26 65.1264 54 4862.3 0.6449
7 142 4 27 0.000245893 54 49 170806
7 143 2 25 51.2477 54 3795.72 0.819548
7 143 3 26 77.1067 54 4844.64 0.5447
7 143 4 27 51.7355 54 88 0.811822
7 144 2 25 172.681 54 8442.57 0.243223
7 144 3 26 242.247 54 5727.26 0.173377
7 144 4 27 62.4595 54 67 0.672436
7 145 2 25 157.8 54 9102.91 0.26616
7 145 3 26 164.469 54 4000.84 0.255368
7 145 4 27 60.7508 54 43 0.691349
7 146 2 25 95.233 54 6620.91 0.441023
7 146 3 26 66.2269 54 3706.81 0.634184
7 146 4 27 8.03045 54 140 5.23009
7 147 2 25 89.9146 54 6599.04 0.46711
7 147 3 26 34.9329 54 3656.77 1.20231
7 147 4 27 10.2592 54 343 4.09389
7 148 2 25 102.88 54 5961.81 0.408242
7 148 3 26 54.3172 54 2208.36 0.773235
7 148 4 27 59.389 54 172 0.707202
7 149 2 25 84.6607 54 5444.18 0.496098
7 149 3 26 109.278 54 3733.77 0.384341
7 149 4 27 0.000873778 54 273 48067.1
7 150 2 25 94.1659 54 8675.98 0.446021
7 150 3 26 68.7758 54 7005.29 0.61068
7 150 4 27 21.3785 54 176 1.96459
7 151 2 25 121.823 54 5833.38 0.344762
7 151 3 26 134.186 54 5552.48 0.312998
7 151 4 27 8.2891 54 206 5.0669
7 152 2 25 147.835 54 6578.46 0.284101
7 152 3 26 53.8892 54 1478.57 0.779376
7 152 4 27 0.466622 54 24 90.0086
7 153 2 25 65.1368 54 9791.04 0.644796
7 153 3 26 111.343 54 8227.69 0.377213
7 153 4 27 23.854 54 69 1.76071
7 154 2 25 35.8085 54 11676.3 1.17291
7 154 3 26 76.0292 54 12449.9 0.552419
7 154 4 27 33.3856 54 18 1.25803
7 155 1 25 12.7888 54 3103.43 3.28412
7 155 2 26 49.4622 54 10147.5 0.849133
7 155 3 27 16.7719 54 122 2.50419
7 156 2 25 104.342 54 14011.2 0.402521
7 156 3 26 72.2263 54 8600.41 0.581506
7 156 4 27 6.60891 54 20 6.35506
7 157 2 25 186.806 54 13918.5 0.224832
7 157 3 26 184.179 54 7651.18 0.228039
7 157 4 27 6.60574 54 5 6.3581
7 158 2 25 91.8686 54 13576.9 0.457175
7 158 3 26 48.8138 54 7490.41 0.860413
7 158 4 27 3.22621 54 10 13.0184
7 159 2 25 25.4966 54 5298.67 1.64728
7 159 3 26 69.9096 54 9867.98 0.600776
7 160 2 25 65.1746 54 12636.1 0.644423
7 160 3 26 52.3057 54 7162.9 0.802972
7 160 4 27 0.00802432 54 393 5234.09
7 161 2 25 295.289 54 10949.2 0.142234
7 161 3 26 143.506 54 7971.38 0.292671
7 161 4 27 32.7338 54 37 1.28308
7 162 2 25 124.468 54 17265 0.337436
7 162 3 26 57.4741 54 9993.42 0.730764
7 162 4 27 0.00382289 54 193 10986.5
7 163 1 25 51.2024 54 6965.7 0.820273
7 163 2 26 117.962 54 5138.19 0.356047
7 163 3 27 0.00448293 54 308 9368.86
7 164 2 25 158.581 54 12145.3 0.264849
7 164 3 26 80.6373 54 7861.46 0.520851
7 164 4 27 3.86555 54 81 10.8652
7 165 2 25 291.568 54 11790 0.144049
7 165 3 26 79.3585 54 11336.1 0.529244
7 165 4 27 70.5705 54 93 0.595149
7 166 2 25 156.09 54 13063.8 0.269076
7 166 3 26 63.1668 54 13092.2 0.664907
7 166 4 27 0.00797242 54 576 5268.16
7 167 2 25 95.8188 54 5407.31 0.438327
7 167 3 26 215.778 54 10068.9 0.194645
7 167 4 27 70.9392 54 25 0.592056
7 168 2 25 118.382 54 10500 0.354783
7 168 3 26 220.906 54 9811.34 0.190126
7 168 4 27 0.0149975 54 376 2800.46
7 169 2 25 203.177 54 11913.1 0.206717
7 169 3 26 85.5595 54 9061.35 0.490887
7 169 4 27 13.3329 54 278 3.15011
7 170 2 25 222.138 54 11921.7 0.189072
7 170 3 26 153.836 54 10182.9 0.273019
7 170 4 27 0.00500522 54 468 8391.23
7 171 2 25 70.1989 54 5593.99 0.5983
7 171 3 26 175.275 54 9733.32 0.239623
7 171 4 27 45.389 54 298 0.925333
7 172 2 25 240.23 54 9859.74 0.174832
7 172 3 26 176.69 54 7247.14 0.237704
7 172 4 27 0.00128591 54 152 32661.7
7 173 2 25 172.387 54 11593.6 0.243639
7 173 3 26 63.3969 54 9966.52 0.662493
7 173 4 27 43.3823 54 55 0.968137
7 174 2 25 171.3 54 9355.71 0.245183
7 174 3 26 199.791 54 9327.86 0.210219
7 174 4 27 49.9125 54 131 0.841473
7 175 1 25 78.5214 54 1355.31 0.534886
7 175 2 26 49.9863 54 8211.84 0.840231
7 175 3 27 19.6567 54 75 2.13667
7 176 2 25 68.5217 54 9262 0.612944
7 176 3 26 300.832 54 10714.3 0.139613
7 176 4 27 42.4642 54 149 0.989068
7 177 2 25 51.9306 54 10649.2 0.808772
7 177 3 26 138.735 54 12268.5 0.302735
7 177 4 27 20.497 54 18 2.04908
7 178 2 25 97.0328 54 15459.7 0.432843
7 178 3 26 104.743 54 16272.8 0.400982
7 178 4 27 2.4304 54 2 17.2811
7 179 2 25 62.808 54 3866.55 0.668704
7 179 3 26 88.212 54 10166 0.476126
7 179 4 27 72.3254 54 138 0.580709
7 180 2 25 228.994 54 12704.7 0.183411
7 180 3 26 141.889 54 13658.2 0.296005
7 180 4 27 50.9229 54 81 0.824777
7 181 2 25 204.163 54 13424.5 0.205718
7 181 3 26 127.877 54 15552.3 0.328441
7 181 4 27 4.44269 54 2 9.45374
7 182 1 25 65.7858 54 15156.1 0.638436
7 182 2 26 45.2995 54 10432.4 0.927162
7 182 3 27 41.6949 54 66 1.00732
7 183 1 25 108.595 54 3755.43 0.386757
7 183 2 26 66.516 54 10780.4 0.631427
7 183 3 27 34.6594 54 297 1.21179
7 184 2 25 161.533 54 11873.6 0.26001
7 184 3 26 172.38 54 7919.02 0.243648
7 184 4 27 0.000136035 54 126 308744
7 185 2 25 221.42 54 13192.4 0.189685
7 185 3 26 135.771 54 13219.4 0.309344
7 185 4 27 0.000387289 54 88 108446
7 186 2 25 167.628 54 12341.9 0.250555
7 186 3 26 80.1981 54 11408.3 0.523703
7 186 4 27 60.0476 54 197 0.699445
7 187 1 25 69.2601 54 3131.97 0.606409
7 187 2 26 65.4841 54 10577.6 0.641377
7 187 3 27 7.84272 54 81 5.35529
7 188 2 25 154.279 54 9478.26 0.272234
7 188 3 26 145.589 54 4923.4 0.288483
7 188 4 27 3.58414 54 61 11.7183
8 1 2 31 10.7627 54 398 3.90236
8 2 2 31 30.7081 54 1517 1.36772
8 3 2 31 0.00950666 54 996 4417.95
8 4 2 31 58.1167 54 125 0.722684
8 5 2 31 0.00135911 54 335 30902.5
8 6 1 31 62.0575 54 694 0.676792
8 7 2 31 0.00916162 54 900 4584.34
8 8 2 31 40.2243 54 485 1.04415
8 9 2 31 49.9486 54 210 0.840865
8 10 1 28 56.3407 54 180 0.745464
8 10 2 31 67.3205 54 1173 0.623881
8 11 2 31 46.4415 54 801 0.904363
8 12 2 31 33.5742 54 77 1.25096
8 13 2 31 15.9326 54 7 2.6361
8 14 2 31 10.6812 54 103 3.93215
8 15 1 28 24.7677 54 284 1.69576
8 15 2 31 32.8123 54 78 1.28001
8 17 1 28 34.0413 54 310 1.2338
8 17 2 31 62.1557 54 154 0.675722
8 18 4 31 47.2819 54 319 0.888288
8 19 2 31 39.3299 54 758 1.06789
8 20 2 31 93.7919 54 131 0.4478
8 21 1 28 10.9096 54 30 3.84982
8 21 2 31 26.8143 54 193 1.56633
8 22 2 31 54.0905 54 127 0.776477
8 23 2 31 104.148 54 261 0.403274
8 24 1 28 9.63235 54 3 4.36031
8 24 2 31 70.6007 54 878 0.594895
8 25 1 28 29.5079 54 4714 1.42335
8 25 2 31 186.314 54 1386 0.225426
8 26 1 28 32.725 54 24364 1.28342
8 26 2 31 53.2975 54 85 0.78803
8 27 1 28 24.2789 54 7520 1.7299
8 27 3 31 4.00958 54 66 10.4749
8 28 1 28 27.2626 54 2236 1.54057
8 28 2 31 41.3372 54 316 1.01603
8 29 1 28 25.1361 54 2885 1.6709
8 29 2 31 52.3045 54 288 0.80299
8 30 2 31 72.6508 54 192 0.578108
8 31 1 28 48.4232 54 1007 0.867353
8 31 2 31 41.4638 54 287 1.01293
8 32 1 28 35.595 54 1173 1.17994
8 32 2 31 67.1181 54 590 0.625763
8 33 1 28 44.1778 54 1761 0.950703
8 33 2 31 72.9747 54 193 0.575542
8 34 1 28 51.1234 54 15382 0.821542
8 35 1 28 6.94859 54 356 6.0444
8 35 2 31 44.5926 54 83 0.941861
8 36 1 28 1.29074 54 56 32.5395
8 36 2 31 36.6515 54 296 1.14593
8 37 2 31 20.6641 54 71 2.03251
8 39 3 31 20.4079 54 103 2.05803
8 40 1 28 43.1311 54 205 0.973774
8 40 4 31 25.7934 54 284 1.62832
8 41 1 28 12.3356 54 8 3.40479
8 41 4 31 23.8415 54 168 1.76163
8 42 4 31 18.0501 54 22 2.32685
8 43 4 31 30.6871 54 84 1.36866
8 44 1 28 25.7922 54 40 1.6284
8 44 4 31 30.4589 54 524 1.37891
8 45 1 28 5.45471 54 46 7.69977
8 45 4 31 62.9068 54 240 0.667654
8 46 4 31 6.11171 54 11 6.87206
8 47 4 31 24.0645 54 40 1.74531
8 48 1 28 51.9716 54 47 0.808134
8 48 4 31 57.1613 54 979 0.734762
8 49 1 28 3.18081 54 51 13.2042
8 49 4 31 40.7318 54 1037 1.03114
8 50 4 31 18.9738 54 5 2.21358
8 51 4 31 27.487 54 33 1.528
8 52 1 28 23.5299 54 34 1.78496
8 52 4 31 50.0977 54 181 0.838362
8 53 4 31 56.6538 54 168 0.741344
8 54 4 31 35.3875 54 23 1.18686
8 55 4 31 37.2994 54 110 1.12602
8 56 1 28 10.9294 54 205 3.84286
8 56 4 31 97.5346 54 104 0.430616
8 57 4 31 85.7742 54 968 0.489658
8 58 4 31 4.0389 54 5 10.3989
8 59 4 31 71.5918 54 152 0.586659
8 60 1 28 44.8199 54 476 0.937083
8 60 4 31 64.9022 54 158 0.647127
8 61 1 28 31.8671 54 141 1.31797
8 61 4 31 61.6304 54 73 0.681482
8 62 1 28 16.5445 54 137 2.53861
8 62 4 31 87.7149 54 53 0.478824
8 63 4 31 11.9137 54 15 3.52536
8 64 4 31 36.826 54 21 1.1405
8 65 4 31 48.8014 54 215 0.86063
8 66 1 28 20.4845 54 371 2.05033
8 66 2 29 34.0918 54 324 1.23197
8 66 3 30 27.347 54 186 1.53582
8 67 4 31 26.4436 54 37 1.58829
8 68 1 28 8.44368 54 157 4.97414
8 68 4 31 33.9499 54 143 1.23712
8 69 4 31 31.0373 54 351 1.35321
8 70 4 31 17.1363 54 16 2.45094
8 71 4 31 26.2491 54 25 1.60006
8 72 1 28 26.5299 54 137 1.58312
8 72 2 29 6.48335 54 241 6.47814
8 72 3 30 18.157 54 150 2.31316
8 72 4 31 43.6633 54 183 0.961906
8 73 2 29 39.4061 54 1796 1.06582
8 73 3 30 50.5712 54 1849 0.830512
8 73 4 31 28.0989 54 24 1.49472
8 74 2 29 35.2405 54 168 1.19181
8 74 3 30 56.7359 54 1652 0.740272
8 74 4 31 25.5302 54 19 1.64511
8 75 2 29 40.2302 54 1943 1.04399
8 75 3 30 45.9274 54 5116 0.914486
8 75 4 31 10.5105 54 5 3.99601
8 76 1 28 95.0125 54 921 0.442047
8 76 2 29 43.3212 54 1096 0.969502
8 76 3 30 133.872 54 6260 0.313732
8 76 4 31 137.487 54 137 0.305482
8 77 1 28 19.2243 54 8 2.18474
8 77 3 30 36.3521 54 82.5 1.15537
8 77 4 31 71.5603 54 793 0.586918
8 78 2 29 16.4301 54 50 2.55628
8 78 3 30 55.9232 54 2631 0.75103
8 79 1 28 31.7284 54 9065 1.32373
8 79 2 29 30.3065 54 86 1.38584
8 79 3 30 50.4371 54 4541 0.832721
8 79 4 31 25.7777 54 26 1.62932
8 80 1 28 32.1036 54 346 1.30827
8 80 2 29 34.1574 54 629 1.2296
8 80 3 30 40.3118 54 3988 1.04188
8 80 4 31 82.287 54 127 0.510409
8 81 1 28 16.5233 54 3535 2.54187
8 81 2 29 45.9355 54 3240 0.914325
8 81 3 30 43.4992 54 2855 0.965535
8 81 4 31 16.8564 54 19 2.49164
8 82 1 28 15.7305 54 2879 2.66998
8 82 2 29 40.9418 54 2631 1.02585
8 82 3 30 28.9387 54 3579 1.45134
8 82 4 31 10.1013 54 9 4.15788
8 83 1 28 11.786 54 655 3.56354
8 83 2 29 51.3678 54 1114 0.817633
8 83 3 30 33.7639 54 1269 1.24393
8 83 4 31 1.65769e-06 54 15 2.53365e+07
8 84 1 28 16.6968 54 100 2.51545
8 84 2 29 29.1881 54 1250 1.43894
8 84 3 30 41.2467 54 900 1.01826
8 84 4 31 21.0023 54 111 1.99978
8 85 2 29 26.1587 54 3006 1.60559
8 85 3 30 33.2112 54 1366 1.26463
8 85 4 31 23.2864 54 71 1.80363
8 86 2 29 21.8416 54 1527 1.92293
8 86 3 30 64.6927 54 4683 0.649224
8 86 4 31 13.9702 54 11 3.0064
8 87 2 29 20.5113 54 3075 2.04765
8 87 3 30 35.5801 54 4635 1.18044
8 87 4 31 55.8192 54 26 0.752429
8 88 1 28 6.09104 54 60 6.89538
8 88 2 29 50.9143 54 1370 0.824916
8 88 3 30 24.3481 54 2638 1.72498
8 88 4 31 7.09548 54 60 5.91926
8 89 1 28 54.246 54 297 0.77425
8 89 2 29 54.082 54 3325.79 0.776598
8 89 3 30 61.6685 54 1912 0.681061
8 89 4 31 9.17626 54 8 4.57703
8 90 1 28 46.1719 54 257 0.909645
8 90 2 29 32.1298 54 764 1.3072
8 90 3 30 61.7138 54 4179 0.68056
8 91 2 29 46.0023 54 582 0.912998
8 91 3 30 66.9226 54 4010 0.627591
8 92 1 28 61.1843 54 553 0.686451
8 92 2 29 33.2383 54 1623 1.2636
8 92 3 30 136.195 54 5898 0.308381
8 92 4 31 69.8247 54 167 0.601506
8 93 1 28 141.71 54 656 0.296379
8 93 2 29 62.3918 54 668 0.673165
8 93 3 30 98.2702 54 2243 0.427393
8 93 4 31 20.0473 54 155 2.09504
8 94 1 28 59.8247 54 413 0.702051
8 94 3 31 28.6904 54 20 1.46391
8 95 1 28 29.4448 54 51 1.4264
8 95 2 29 17.3611 54 70 2.4192
8 95 3 30 29.2408 54 150 1.43635
8 95 4 31 2.67171 54 1 15.7203
8 96 1 28 15.6276 54 180 2.68756
8 96 2 29 16.8842 54 82 2.48753
8 96 4 31 11.3528 54 6 3.69951
8 97 2 29 26.5094 54 1686 1.58435
8 97 3 30 20.2618 54 385 2.07286
8 97 4 31 1.08947 54 1 38.551
8 98 1 28 50.2787 54 845 0.835344
8 98 2 29 51.4007 54 1135 0.817109
8 98 3 30 51.327 54 2655 0.818283
8 98 4 31 30.0253 54 32 1.39882
8 99 1 28 88.9767 54 271 0.472034
8 99 2 29 32.8345 54 1757 1.27914
8 99 3 30 65.9486 54 3614 0.636859
8 99 4 31 2.92639 54 58 14.3521
8 100 1 28 24.6401 54 300 1.70454
8 100 2 29 44.6521 54 3307 0.940604
8 100 4 31 24.9182 54 27 1.68552
8 101 2 29 51.1187 54 3248 0.821618
8 101 3 30 9.69289 54 55 4.33307
8 101 4 31 5.80123 54 2 7.23984
8 102 2 29 32.9833 54 5388 1.27337
8 102 3 30 20.801 54 1577 2.01914
8 102 4 31 27.5541 54 7 1.52427
8 103 2 29 18.716 54 1750 2.24407
8 103 3 30 39.6613 54 3660 1.05897
8 103 4 31 25.9779 54 41 1.61676
8 104 2 29 32.1324 54 1670.94 1.30709
8 104 3 30 18.5465 54 175 2.26458
8 104 4 31 2.3265 54 4 18.0528
8 105 2 29 49.0767 54 6393 0.855804
8 105 3 30 16.9914 54 219.685 2.47184
8 106 2 29 31.1215 54 5246.55 1.34955
8 106 3 30 67.0465 54 788.062 0.626431
8 106 4 31 4.56437 54 5 9.20171
8 107 2 29 50.9622 54 6318.22 0.824141
8 107 3 30 46.0009 54 5854.41 0.913025
8 107 4 31 5.69609 54 4 7.37348
8 108 1 28 13.6589 54 50 3.07491
8 108 2 29 55.5041 54 6036.8 0.7567
8 108 3 30 63.8736 54 2544 0.657549
8 108 4 31 13.6661 54 110 3.07331
8 109 1 28 45.0469 54 548 0.932363
8 109 2 29 55.121 54 5739.48 0.76196
8 109 3 30 17.9693 54 69 2.33732
8 109 4 31 12.5623 54 107 3.34334
8 110 2 29 30.4774 54 8470.21 1.37807
8 110 4 31 174.154 54 87 0.241166
8 111 2 29 25.3555 54 8208.14 1.65644
8 111 4 31 15.9134 54 49 2.63929
8 112 1 28 29.2909 54 765 1.43389
8 112 2 29 26.8342 54 5583.05 1.56517
8 112 3 30 3.6455 54 280.802 11.5211
8 112 4 31 23.0643 54 9 1.82099
8 113 2 29 115.684 54 8509.18 0.363057
8 113 3 30 42.9452 54 443.825 0.977991
8 113 4 31 22.1382 54 14 1.89717
8 114 2 29 35.464 54 8426.35 1.1843
8 114 3 30 30.2168 54 335 1.38996
8 114 4 31 33.1929 54 30 1.26533
8 115 2 29 84.1715 54 8858.42 0.498981
8 115 3 30 43.6677 54 2637.78 0.961808
8 115 4 31 28.8497 54 65 1.45582
8 116 1 28 41.8935 54 58 1.00254
8 116 2 29 70.1219 54 5049.14 0.598957
8 116 3 30 25.0204 54 945.806 1.67863
8 116 4 31 25.7962 54 63 1.62815
8 117 2 29 42.8738 54 4125.88 0.979619
8 117 3 30 12.1541 54 67 3.45564
8 117 4 31 36.9277 54 69 1.13736
8 118 2 29 74.166 54 4883.05 0.566297
8 118 3 30 133.435 54 3155.87 0.314759
8 118 4 31 101.896 54 94 0.412186
8 119 2 29 89.3457 54 6853.64 0.470084
8 119 3 30 148.556 54 3676.13 0.282722
8 119 4 31 27.9418 54 229 1.50313
8 120 1 28 8.57045 54 54 4.90056
8 120 2 29 167.507 54 5362.6 0.250736
8 120 3 30 60.0836 54 752 0.699026
8 120 4 31 36.4021 54 65 1.15378
8 121 2 29 169.938 54 6169.53 0.247149
8 121 3 30 35.3697 54 3125.3 1.18746
8 121 4 31 0.000800747 54 509 52451
8 122 2 29 64.1398 54 4266.49 0.65482
8 122 3 30 37.8295 54 5594.71 1.11024
8 122 4 31 0.0865881 54 1998 485.055
8 123 2 29 102.475 54 1392.32 0.409856
8 123 3 30 40.822 54 5295.14 1.02886
8 123 4 31 105.427 54 3617 0.39838
8 124 1 28 32.939 54 75 1.27509
8 124 2 29 160.173 54 1048.08 0.262217
8 124 3 30 68.5932 54 5271.49 0.612306
8 124 4 31 0.00559892 54 2075 7501.44
8 125 4 31 173.298 54 1166 0.242357
8 126 3 31 148.764 54 2107 0.282326
8 127 1 29 36.7755 54 1271.68 1.14207
8 127 3 31 366.939 54 2298 0.114461
8 128 2 29 67.0273 54 4164.44 0.626611
8 128 3 30 31.3942 54 1317 1.33783
8 128 4 31 119.519 54 649 0.35141
8 129 2 29 80.8426 54 3050.49 0.519528
8 129 3 30 31.543 54 635.023 1.33152
8 129 4 31 0.0278548 54 1197 1507.82
8 130 2 29 45.7071 54 4267.5 0.918894
8 130 3 30 15.7275 54 2716.11 2.67048
8 130 4 31 0.0187895 54 1108 2235.29
8 131 1 29 84.4354 54 3217.4 0.497422
8 131 2 30 107.764 54 1275 0.389742
8 131 3 31 0.0347982 54 3233 1206.96
8 132 2 29 49.6046 54 1848.44 0.846695
8 132 3 30 52.7906 54 463 0.795596
8 132 4 31 0.00721456 54 673 5821.56
8 133 2 29 9.74693 54 2144.41 4.30905
8 133 3 30 50.1335 54 671 0.837763
8 133 4 31 114.002 54 359 0.368415
8 134 2 29 93.8565 54 2022.88 0.447492
8 134 3 30 95.3442 54 2165.67 0.440509
8 134 4 31 0.0698222 54 2521 601.528
8 135 1 29 66.033 54 2197.53 0.636046
8 135 2 30 195.141 54 3693.73 0.215229
8 135 3 31 248.978 54 1422 0.16869
8 136 2 29 23.1185 54 1783.28 1.81672
8 136 3 30 153.699 54 5401.5 0.273262
8 136 4 31 72.9741 54 1021 0.575547
8 137 2 29 32.9741 54 309 1.27373
8 137 3 30 24.025 54 52 1.74818
8 137 4 31 0.0108206 54 900 3881.5
8 138 2 29 125.803 54 3620.86 0.333857
8 138 4 31 194.341 54 2822 0.216115
8 139 1 29 78.3207 54 5414.93 0.536257
8 139 2 30 137.15 54 2610.71 0.306235
8 139 3 31 134.211 54 3927 0.31294
8 140 1 29 138.82 54 7444.51 0.302551
8 140 2 30 72.9176 54 1096.2 0.575993
8 140 3 31 0.00104877 54 647 40046.9
8 141 2 29 25.0524 54 1865.35 1.67649
8 141 3 30 15.1418 54 129.083 2.77377
8 141 4 31 174.829 54 710 0.240235
8 142 2 29 116.565 54 6310.57 0.360315
8 142 3 30 45.1313 54 2010.38 0.930617
8 142 4 31 73.3709 54 1524 0.572434
8 143 1 29 86.1571 54 6610.51 0.487481
8 143 2 30 131.502 54 4502 0.319387
8 143 3 31 144.964 54 955 0.289726
8 144 2 29 89.9546 54 4550 0.466902
8 144 3 30 55.2784 54 3884 0.75979
8 144 4 31 179.861 54 777 0.233513
8 145 2 29 116.175 54 2809.96 0.361525
8 145 3 30 43.594 54 1107.47 0.963436
8 145 4 31 149.325 54 499 0.281265
8 146 1 29 72.8307 54 8413.96 0.57668
8 146 2 30 80.5672 54 3773.08 0.521304
8 146 3 31 44.5244 54 872 0.943302
8 147 1 29 60.2378 54 3661.7 0.697236
8 147 2 30 104.395 54 3284.95 0.402316
8 147 3 31 22.3951 54 1447 1.87541
8 148 2 29 185.566 54 6341.68 0.226334
8 148 3 30 66.4277 54 3233.36 0.632266
8 148 4 31 51.5536 54 746 0.814686
8 149 2 29 126.616 54 5725.53 0.331712
8 149 3 30 40.5624 54 489.906 1.03544
8 149 4 31 59.0277 54 378 0.711531
8 150 2 29 96.2361 54 8816.42 0.436426
8 150 3 30 40.8373 54 2988.54 1.02847
8 150 4 31 112.065 54 2057 0.374783
8 151 2 29 88.9629 54 7706.29 0.472107
8 151 3 30 538.819 54 9967.38 0.0779482
8 151 4 31 0.217884 54 3591 192.763
8 152 2 29 201.583 54 9598.51 0.208351
8 152 3 30 295.246 54 5869.61 0.142254
8 152 4 31 134.747 54 2042 0.311696
8 153 2 29 201.257 54 15411 0.208688
8 153 3 30 104.596 54 9741.19 0.401544
8 153 4 31 88.0976 54 855 0.476744
8 154 1 29 180.5 54 8803.33 0.232687
8 154 2 30 8.17956 54 8242.96 5.13475
8 154 3 31 199.461 54 2502 0.210568
8 155 2 30 57.1672 54 8077.36 0.734687
8 155 3 31 243.628 54 2370 0.172394
8 156 2 29 123.134 54 10095.4 0.341091
8 156 3 30 74.8315 54 6163 0.561261
8 156 4 31 157.99 54 2465 0.265839
8 157 2 29 242.647 54 12535.8 0.173091
8 157 3 30 45.3962 54 465 0.925188
8 157 4 31 81.1349 54 2603 0.517656
8 158 2 29 105.072 54 22550.9 0.399728
8 158 3 30 15.9159 54 397.087 2.63887
8 158 4 31 0.0110837 54 2155 3789.34
8 159 1 29 18.1796 54 308.068 2.31028
8 159 2 30 27.7086 54 2315.69 1.51578
8 159 3 31 205.289 54 1349 0.204589
8 160 2 29 37.6837 54 13473.2 1.11454
8 160 3 30 27.8391 54 7541.16 1.50867
8 160 4 31 25.854 54 780 1.62451
8 161 2 29 76.6976 54 13969.8 0.547605
8 161 3 30 88.1197 54 9822.73 0.476624
8 161 4 31 70.707 54 317 0.594001
8 162 1 29 89.4026 54 18282.1 0.469785
8 162 2 30 104.666 54 11579.5 0.401276
8 162 3 31 61.1405 54 420 0.686943
8 163 1 29 43.6493 54 3267.9 0.962216
8 163 2 30 77.4365 54 15021 0.54238
8 163 3 31 147.6 54 453 0.284553
8 164 2 29 191.907 54 14673.8 0.218856
8 164 3 30 218.852 54 7390.17 0.19191
8 164 4 31 0.0768191 54 2244 546.739
8 165 2 29 64.7067 54 15849.6 0.649082
8 165 3 30 121.409 54 1634.68 0.345939
8 165 4 31 0.000449101 54 681 93520.2
8 166 2 29 161.929 54 11372.6 0.259373
8 166 3 30 158.54 54 5219.65 0.264918
8 166 4 31 284.091 54 1424 0.14784
8 167 2 29 61.3653 54 2653.12 0.684426
8 167 3 30 32.4194 54 12221.4 1.29552
8 167 4 31 103.332 54 1076 0.406457
8 168 2 29 55.2406 54 17007.1 0.760311
8 168 3 30 164.923 54 10654.8 0.254665
8 168 4 31 202.489 54 1082 0.207419
8 169 2 29 103.408 54 20371.6 0.406156
8 169 3 30 136.609 54 9879.64 0.307446
8 169 4 31 125.808 54 291 0.333842
8 170 2 29 173.018 54 20714.6 0.242749
8 170 3 30 200.725 54 10414.4 0.209241
8 170 4 31 0.00333811 54 1074 12582
8 171 2 29 128.685 54 6015.41 0.326378
8 171 3 30 110.496 54 17709 0.380104
8 171 4 31 0.0480553 54 3535 873.993
8 172 2 29 152.898 54 16758.6 0.274693
8 172 3 30 98.007 54 18353.5 0.428541
8 172 4 31 80.2496 54 1205 0.523367
8 173 2 29 158.023 54 21563.7 0.265784
8 173 3 30 27.6115 54 14876.8 1.52111
8 173 4 31 59.4217 54 496 0.706813
8 174 2 29 207.347 54 19494.1 0.202559
8 174 3 30 56.3661 54 15075.7 0.745128
8 174 4 31 185.032 54 2648 0.226988
8 175 1 29 113.239 54 8391.33 0.370897
8 175 2 30 241.542 54 20375 0.173883
8 175 3 31 76.6719 54 999 0.547789
8 176 2 29 99.3145 54 22358.5 0.422899
8 176 3 30 73.0479 54 20914.7 0.574965
8 176 4 31 0.0471836 54 2715 890.139
8 177 2 29 77.0303 54 19338.8 0.54524
8 177 3 30 95.6806 54 11623.9 0.438961
8 177 4 31 54.1214 54 1175 0.776033
8 178 1 29 239.183 54 23115.1 0.175598
8 178 2 30 77.5894 54 12713 0.541311
8 178 3 31 205.64 54 1780 0.20424
8 179 1 29 121.129 54 4536.64 0.346737
8 179 2 30 57.2183 54 11720.5 0.734031
8 179 3 31 0.0103705 54 1905 4049.95
8 180 2 29 346.594 54 23938.1 0.121179
8 180 3 30 74.8451 54 7359.08 0.561159
8 180 4 31 1.40526e-05 54 1392 2.98876e+06
8 181 2 29 145.504 54 23157.7 0.288652
8 181 3 30 129.651 54 4587 0.323946
8 181 4 31 4.29053e-05 54 406 978901
8 182 1 29 246.708 54 20944 0.170242
8 182 2 30 45.2136 54 8286.79 0.928925
8 182 3 31 131.493 54 1159 0.319409
8 183 1 29 109.45 54 9289.17 0.383738
8 183 2 30 94.7335 54 9372.63 0.443349
8 183 3 31 57.1618 54 1528 0.734757
8 184 2 29 125.712 54 15218.2 0.334097
8 184 3 30 81.5713 54 6362.4 0.514887
8 184 4 31 0.00624969 54 1029 6720.33
8 185 2 29 118.171 54 20837.9 0.355416
8 185 3 30 58.4448 54 5508.26 0.718627
8 185 4 31 257.6 54 1170 0.163044
8 186 2 29 200.585 54 19978.4 0.209387
8 186 3 30 51.1739 54 8434.86 0.820731
8 186 4 31 41.2475 54 1132 1.01824
8 187 1 29 62.6435 54 6973.46 0.67046
8 187 2 30 22.6367 54 13774.6 1.8554
8 187 3 31 0.0759148 54 1665 553.252
8 188 1 29 149.595 54 25815.1 0.280759
8 188 2 30 194.896 54 9103.48 0.215499
8 188 3 31 0.108065 54 1957 388.656
