247508 247508 0.00019801 0.00209695 0.0197552 0.0250611 0.0175134 0.0131834 0.0118783 0.0115832 0.0115886 0.0116377 0.0116404 0.0115873 0.0115041 0.0114178 0.0113495 0.0113225  4.83063e+07 2.94317e+07 5.37176e+06 1.92886e+06 740830 327486 111630 93374.8 74294.6 47091.5 20219.8 15126.1 11055.4 6839.26 3033.37 648.421
6.86957e+06 6.86957e+06 0.00319579 0.0332466 0.268159 0.326444 0.24351 0.190334 0.173512 0.169648 0.169668 0.170213 0.170113 0.169268 0.16804 0.1668 0.165834 0.165456  7.65295e+06 2.67789e+07 1.58738e+07 3.20121e+06 1.42869e+06 768727 412452 152673 123570 98505.1 63241.5 27871.1 20325.9 14602.8 8994.59 5187.67
2.0566e+06 2.0566e+06 0.0028712 0.0299211 0.244885 0.299086 0.221744 0.172731 0.157306 0.153778 0.153814 0.154334 0.154263 0.153507 0.152396 0.151271 0.150393 0.150048  1.99847e+06 1.38861e+06 4.72142e+06 2.17768e+06 449001 254754 162657 94451.4 36257.7 28518.1 22327.5 14162.5 6183.93 4381.43 3088.94 2992.61
544760 544760 0.00123087 0.0129546 0.115489 0.14431 0.103268 0.078792 0.071288 0.0695822 0.0696063 0.0698768 0.069873 0.0695445 0.069043 0.068528 0.0681225 0.0679628  7.37329e+06 1.05808e+06 749643 2.02271e+06 946777 242700 153693 100709 57857.5 21614 16426.3 12389.1 7576.2 3204.78 2216.37 3022.33
326109 326109 0.000467657 0.00494463 0.0459161 0.0580193 0.0408008 0.030823 0.0278032 0.0271199 0.0271316 0.0272441 0.0272482 0.0271229 0.0269278 0.026726 0.0265666 0.0265036  4.16097e+07 1.06536e+07 2.84212e+06 594085 1.20635e+06 664729 221064 167231 127209 80668 35677.7 27037.3 19934.4 12463.6 5594.34 9088.02
6.14206e+06 6.14206e+06 0.00418592 0.0433036 0.333313 0.401224 0.304983 0.241007 0.220429 0.215653 0.215627 0.216236 0.216044 0.214939 0.213372 0.211806 0.210592 0.210118  7.89314e+07 2.73066e+07 8.5903e+06 2.52259e+06 534573 1.10558e+06 665412 249306 193304 151015 98157.6 44660.6 32817.2 23587.5 14658.7 17341.3
2.45993e+06 2.45993e+06 0.00348462 0.0361531 0.285249 0.34455 0.259089 0.203712 0.186165 0.182208 0.182312 0.182938 0.182852 0.181959 0.180651 0.179328 0.178296 0.177892  2.42564e+06 1.30548e+07 4.8517e+06 1.13823e+06 335546 92665.3 217648 139223 54274.9 41351.4 31768.4 20323.8 9108.04 6490.91 4566.97 6147.19
598466 598466 0.000570072 0.00602446 0.0556881 0.0702973 0.0495358 0.0374582 0.0337935 0.0329609 0.0329723 0.0331064 0.0331098 0.0329567 0.0327193 0.0324742 0.0322805 0.0322041  5.33721e+07 1.28279e+06 6.97052e+06 1.88545e+06 437408 166364 52437.3 127404 80833.6 30681.3 22581.4 16706.1 10300.4 4471 3109.79 5040.67
174590 174590 0.000182227 0.00193051 0.0182436 0.0231784 0.0161794 0.0121679 0.0109586 0.0106841 0.0106877 0.0107322 0.0107341 0.0106849 0.0106079 0.0105282 0.0104651 0.0104402  1.71253e+07 2.01247e+07 578191 3.63206e+06 1.39912e+06 601658 294370 73215.2 146924 94481.7 40844.8 30535.9 22423.1 13996.3 6284.73 11396.3
8.82895e+06 8.82895e+06 0.00653629 0.0666752 0.45891 0.537568 0.426268 0.345821 0.318994 0.312713 0.312632 0.313315 0.312876 0.311204 0.308935 0.306706 0.304996 0.304332  3.32627e+07 1.16754e+07 1.17718e+07 438826 2.8618e+06 1.34974e+06 720555 375572 90279.8 169998 109786 49000.9 35774.2 25694.5 15932 20182
1.49249e+06 1.49249e+06 0.00394461 0.040803 0.314118 0.376878 0.286109 0.226316 0.207255 0.202974 0.203109 0.203793 0.203684 0.202685 0.201231 0.199764 0.198621 0.198174  4.36338e+06 5.59298e+06 2.00603e+06 1.09013e+06 44220.3 376233 225737 137561 73247.4 17118.1 30819.1 19487.4 8605.63 6105.2 4296.47 5998.19
847479 847479 0.00175463 0.0184156 0.160156 0.19895 0.143898 0.110425 0.100062 0.0976835 0.0976947 0.098047 0.0980215 0.0975499 0.0968431 0.0961218 0.0955558 0.0953332  4.48314e+07 2.30583e+06 2.96419e+06 729407 385620 20706.8 204075 127280 77032.1 39936.8 9012.87 15619.7 9515.79 4069.33 2817.38 4664.77
192188 192188 0.000319827 0.00338601 0.031804 0.0403547 0.0282471 0.0212724 0.019164 0.0186835 0.0186878 0.0187637 0.0187659 0.018679 0.0185442 0.0184048 0.0182947 0.0182512  1.66662e+07 1.50183e+07 1.18319e+06 1.30065e+06 715701 527674 42505 307904 170431 118513 64714.6 14056.3 22605.1 13835.6 6157.36 11328.1
6.13093e+06 6.13093e+06 0.00565123 0.0579742 0.416979 0.493984 0.385501 0.309473 0.284416 0.278518 0.278406 0.279046 0.278688 0.277208 0.275179 0.273176 0.271636 0.271036  4.5636e+07 1.11113e+07 8.78869e+06 1.01441e+06 1.01001e+06 774967 605711 59479.1 372560 202499 147484 80120.9 16919.6 26028.3 15785.1 20058.1
1.53646e+06 1.53646e+06 0.00409481 0.0423409 0.324844 0.38985 0.296469 0.234607 0.214792 0.210283 0.210362 0.211027 0.210886 0.209835 0.208321 0.2068 0.205618 0.205155  9.5095e+06 7.74649e+06 1.95898e+06 943440 125250 144950 145285 118299 12610.4 73333.2 38726.7 28118.6 14878.1 3047.56 4561.24 6236.28
767420 767420 0.00104662 0.0110343 0.0998238 0.125412 0.0892237 0.0677967 0.0612318 0.0597214 0.0597233 0.0599474 0.0599401 0.0596556 0.0592231 0.0587796 0.0584305 0.058293  1.54249e+08 5.02503e+06 4.10186e+06 705803 330882 58405.8 78375.6 81614.8 65950.4 6840.38 38394 19510.6 13645.7 6991.11 1397.43 4861.61
217988 217988 0.000209016 0.00221402 0.0208975 0.0265431 0.018538 0.0139451 0.0125596 0.0122446 0.0122484 0.0122991 0.0123012 0.0122447 0.0121564 0.0120651 0.0119928 0.0119643  6.59916e+07 3.9994e+07 2.6358e+06 1.46391e+06 537178 343083 110612 100747 124894 93768.1 11677.2 57139 27799.6 20153.1 10506.1 9270.51
1.69885e+07 1.69885e+07 0.0101419 0.100856 0.577987 0.645935 0.54318 0.460297 0.431873 0.425899 0.426527 0.427593 0.427023 0.42482 0.421858 0.418967 0.416762 0.415908  3.20305e+07 3.01939e+07 1.89753e+07 2.10589e+06 1.05982e+06 538868 393616 154205 118055 155335 111974 14908.8 66738.8 31650.8 22956.1 22436.5
3.74816e+06 3.74816e+06 0.00683 0.0692893 0.458373 0.528169 0.423517 0.347488 0.322419 0.317051 0.317528 0.318552 0.318312 0.316743 0.314518 0.312301 0.310587 0.309919  7.34331e+07 5.75625e+06 4.69716e+06 1.0059e+06 134015 95004.2 68921.2 58372.1 25598.7 17403.7 23330.5 16060.5 2158.79 9163.79 4248.41 6083.89
955708 955708 0.00111126 0.0117095 0.10544 0.132252 0.0942615 0.0717044 0.0647792 0.0631849 0.0631886 0.0634267 0.0634198 0.0631194 0.0626627 0.0621941 0.0618252 0.0616799  1.74221e+07 3.86151e+07 2.90604e+06 1.10777e+06 206849 43069.2 38969.7 30356.3 25768 11010.9 7215.22 9289.64 6150.31 799.665 3310.79 3664.76
417962 417962 0.000278853 0.00295307 0.0278095 0.0353154 0.0246925 0.0185824 0.0167359 0.0163146 0.0163179 0.0163841 0.016386 0.0163102 0.0161924 0.0160707 0.0159745 0.0159365  1.27593e+07 8.63168e+06 1.10812e+07 1.36625e+06 766658 329738 153595 82328.9 66017.8 55243 27069.3 16000.1 21033.8 13550.8 1962.25 15868.9
1.0481e+07 1.0481e+07 0.00968893 0.0969022 0.57681 0.653065 0.543926 0.456336 0.42591 0.418896 0.418923 0.419642 0.418884 0.416591 0.413596 0.410703 0.408508 0.40766  6.29252e+07 8.64991e+06 6.35901e+06 6.01167e+06 1.20869e+06 784468 401537 218642 110504 85844.1 71569.6 35672.6 19748.5 25618.5 16137.1 21274.6
1.44699e+06 1.44699e+06 0.00358747 0.0372406 0.294943 0.357505 0.268657 0.210848 0.192403 0.188127 0.188116 0.188686 0.188551 0.187602 0.186239 0.184868 0.183802 0.183384  7.97036e+07 1.06337e+07 1.45192e+06 481798 313968 135964 111427 63240 37296.5 18054.4 13496.5 11021.8 5432.35 2854.88 3655.67 5269.84
1.58541e+06 1.58541e+06 0.00124832 0.0131464 0.117774 0.147609 0.105462 0.0803173 0.0725829 0.0707967 0.0707927 0.0710509 0.0710369 0.0706968 0.0701835 0.0696581 0.0692452 0.0690827  1.82744e+08 4.21601e+07 5.686e+06 570180 188655 158245 77867.5 65795.2 36958.1 21192.9 9901.97 7124.45 5605.54 2675.56 1372.23 4212.41
1.62337e+06 1.62337e+06 0.000796796 0.00841169 0.077016 0.097039 0.0686784 0.0520442 0.0469755 0.0458168 0.0458247 0.0460031 0.0460021 0.0457861 0.0454549 0.0451142 0.0448456 0.0447397  1.86201e+07 4.55765e+07 1.2303e+07 2.06928e+06 468875 293983 215629 150897 112391 62502.8 39336.4 17707.9 12450.4 9639.46 4644.42 9619.93
1.78309e+07 1.78309e+07 0.00876395 0.0883044 0.553771 0.636273 0.521693 0.432104 0.401074 0.393581 0.393255 0.393786 0.392997 0.390783 0.387916 0.385152 0.383057 0.382248  9.45607e+06 9.40113e+06 2.06421e+07 6.402e+06 1.43687e+06 486371 363240 250891 202440 141607 76945.6 49187.8 21457.7 14558 11067.9 16269.4
2.41852e+06 2.41852e+06 0.00773437 0.0784359 0.515902 0.599517 0.483641 0.396107 0.366146 0.358857 0.358497 0.359028 0.358355 0.356352 0.353726 0.35118 0.349245 0.348495  4.11737e+07 1.63749e+06 1.515e+06 1.38464e+06 408182 162333 76235.4 63616.9 42447.6 36206.2 24011.4 12558.9 7917.18 3336.57 2207.7 4101.34
2.15054e+06 2.15054e+06 0.00442678 0.0457288 0.347819 0.417418 0.318737 0.252529 0.231094 0.226084 0.226038 0.226658 0.226445 0.225283 0.223642 0.222004 0.220736 0.220241  1.26301e+08 2.16575e+07 826257 351752 286631 133950 67644.4 33808.1 28059.8 18137 14849.3 9432.35 4736.86 2885.77 1185.67 2200.05
1.16912e+06 1.16912e+06 0.00102493 0.0108082 0.0979744 0.123186 0.0875747 0.0665108 0.0600621 0.0585782 0.0585784 0.058797 0.058789 0.0585093 0.0580847 0.0576493 0.0573066 0.0571717  5.35008e+07 3.42946e+07 6.13698e+06 515578 269335 300428 238238 120294 71144.5 56534.4 35031 32299.7 19736.5 9899.03 6186.44 7144
1.60311e+07 1.60311e+07 0.0101211 0.101302 0.605097 0.689741 0.575375 0.48142 0.447972 0.439579 0.438895 0.439172 0.438076 0.435498 0.43227 0.429202 0.426897 0.426011  3.55544e+07 2.52007e+07 1.64544e+07 3.24345e+06 526442 288267 342815 299759 153828 93415.8 72298.7 42696.1 39958.5 23499.7 11589.5 15533.3
1.92836e+06 1.92836e+06 0.00359483 0.0372875 0.293527 0.35466 0.267008 0.209965 0.191806 0.187659 0.187717 0.188329 0.188221 0.187291 0.185939 0.184576 0.183514 0.183098  2.69241e+07 5.98217e+06 3.95094e+06 966870 190699 68199.3 41926.8 53693.4 49260.4 25205.7 15068.1 11293.2 6359.18 5910.11 3379.69 3852.37
1.02386e+06 1.02386e+06 0.00135463 0.0142579 0.12709 0.159092 0.113914 0.0868533 0.07851 0.076578 0.0765691 0.0768438 0.0768253 0.0764558 0.0759002 0.0753323 0.0748862 0.0747107  8.10945e+07 1.42383e+07 3.19232e+06 1.52616e+06 369595 94325.5 38514.2 24472.4 31059.9 27727.7 13700.1 7884.73 5694.29 3105.39 2816.68 3385.3
558460 558460 0.000505535 0.00534605 0.0497061 0.0628898 0.0442144 0.0333797 0.0300937 0.0293438 0.02935 0.0294675 0.0294694 0.0293323 0.0291204 0.0289019 0.0287293 0.0286612  5.16981e+07 2.6693e+07 5.17654e+06 1.15797e+06 765246 343252 164307 102361 46845.2 51173.2 49990.4 24114.9 14522.4 10145.9 5377.75 11086.9
1.57871e+07 1.57871e+07 0.0107081 0.106537 0.611223 0.687834 0.58001 0.490354 0.458615 0.451114 0.450947 0.451511 0.45055 0.448012 0.444775 0.441677 0.439341 0.438442  2.23591e+07 2.70396e+07 1.48074e+07 3.39844e+06 850740 676996 372880 217855 145814 61399.6 63457.6 62201.4 29093.9 17432.5 11836.6 18970.7
1.47214e+06 1.47214e+06 0.00286934 0.0298595 0.241726 0.293468 0.218299 0.170657 0.155725 0.152405 0.152547 0.153129 0.1531 0.152376 0.151289 0.150181 0.149313 0.148971  869498 3.87078e+06 4.17605e+06 850402 201364 83075.1 86672.8 54973.6 35823.8 24281.6 9512.44 9360.76 9015.1 4100.65 2418.41 4207.88
857840 857840 0.00159696 0.0167809 0.147455 0.183791 0.13238 0.101301 0.0916886 0.0894688 0.0894659 0.0897852 0.0897612 0.0893286 0.0886802 0.0880182 0.0874987 0.0872944  9.34164e+07 460146 2.08217e+06 1.73755e+06 354134 105209 48859.7 52547.5 33054.9 20992.4 13760.1 5195.6 4930.43 4600.76 2042.82 3240.67
529568 529568 0.000904655 0.00954418 0.0868842 0.109301 0.0775473 0.0588468 0.0531376 0.0518315 0.0518395 0.0520394 0.0520367 0.0517916 0.0514168 0.0510317 0.0507283 0.0506087  1.19018e+07 2.56416e+07 237157 1.1668e+06 956162 430858 184912 86969.8 78991.9 54078.6 38685.1 26088.5 9787.18 8588.76 8223.76 9232.42
6.78873e+06 6.78873e+06 0.00583958 0.0592164 0.392001 0.446268 0.356012 0.293267 0.273636 0.270301 0.271581 0.27305 0.273221 0.272097 0.270304 0.268449 0.266986 0.266411  1.781e+07 8.04772e+06 1.33446e+07 180147 973160 820163 495745 242792 114631 96890.7 66223.7 48023.4 31816.5 11676.5 9869.58 19906.5
1.26761e+06 1.26761e+06 0.00423754 0.0437878 0.334095 0.400564 0.305314 0.241877 0.221485 0.216816 0.21687 0.217533 0.217372 0.216281 0.214718 0.21315 0.211933 0.211457  2.28277e+07 3.46442e+06 1.37415e+06 1.13492e+06 15799.4 123155 120295 87576.4 45852 21539.1 17302.5 11567.8 8272.61 5344.77 1913.72 4789.07
991986 991986 0.00189355 0.0198606 0.171723 0.213075 0.154504 0.118702 0.107575 0.105004 0.105002 0.105369 0.105334 0.104823 0.104063 0.103288 0.10268 0.102441  1.30593e+08 1.20609e+07 1.83148e+06 487708 391152 7284.76 66027.7 67033.8 48420.3 24659.1 11177.1 8637.98 5562.05 3851.09 2427.9 2987.6
484068 484068 0.00052305 0.0055305 0.0513579 0.0649524 0.0456874 0.0345027 0.0311097 0.0303357 0.0303425 0.030464 0.0304661 0.0303244 0.0301054 0.0298795 0.0297012 0.0296308  2.1629e+07 3.34987e+07 3.4759e+06 985212 436791 349336 17127.2 135200 95705.1 79067.5 42059.4 19703.3 13913.7 9182.92 6340.67 9016.45
1.17204e+07 1.17204e+07 0.00781057 0.0790358 0.511958 0.590905 0.478609 0.393841 0.365084 0.358389 0.358348 0.359063 0.358501 0.356565 0.35398 0.351457 0.349531 0.348785  2.96198e+07 1.54688e+07 1.60519e+07 1.87879e+06 873048 467857 399757 24176.4 178077 112195 97677.4 52207.3 23984.1 16160.6 10546.9 17534.3
2.21662e+06 2.21662e+06 0.00538 0.0553198 0.405096 0.482703 0.37433 0.299038 0.274204 0.268249 0.268035 0.268611 0.268247 0.266809 0.264844 0.262906 0.261416 0.260836  3.80982e+06 5.92697e+06 2.7721e+06 1.23538e+06 134403 112993 76792 71225 4588.26 32705.1 18984.7 16640.6 8722.83 3903.3 2547.69 4388.13
839872 839872 0.00182668 0.0191687 0.166439 0.206794 0.149696 0.114879 0.104065 0.101562 0.101555 0.101909 0.101876 0.101382 0.100645 0.0998951 0.099307 0.0990758  1.29624e+07 2.01076e+06 3.09563e+06 878591 374201 57105.4 57014.9 40415.9 37135.7 2320.78 15922.7 8875.5 7483.33 3795.12 1656.57 2889.25
236313 236313 0.000425446 0.00450097 0.0420067 0.0531951 0.0373355 0.0281614 0.0253827 0.0247494 0.0247555 0.0248557 0.0248582 0.0247431 0.0245646 0.0243802 0.0242345 0.024177  2.72606e+07 1.00549e+07 1.32711e+06 1.59734e+06 561788 292704 73878.9 99665.2 73815 59585.6 4450.47 29362.9 14673.4 13045.7 6707.35 8018.03
8.0518e+06 8.0518e+06 0.00799321 0.080864 0.522574 0.603814 0.489791 0.403047 0.373417 0.366372 0.366176 0.366797 0.366152 0.364135 0.361474 0.35889 0.356922 0.356161  2.23392e+07 1.98152e+07 8.143e+06 1.23769e+06 1.46875e+06 603519 334929 94921 133789 97465.8 76198 5876.31 36392.1 17277.6 15388.6 17290.7
1.56841e+06 1.56841e+06 0.0035761 0.03705 0.289099 0.34757 0.26233 0.206915 0.189372 0.185482 0.185662 0.186343 0.186282 0.18539 0.184068 0.182728 0.181681 0.18127  4.92498e+06 4.13209e+06 3.53406e+06 745639 118039 192797 100115 59287.6 17336.6 24381.2 17236 12977 979.757 5867.78 2689.79 5068.21
997773 997773 0.00181556 0.0190546 0.165641 0.205901 0.148987 0.114301 0.103531 0.101037 0.101027 0.101378 0.101343 0.100851 0.100118 0.0993714 0.0987861 0.0985561  1.30754e+08 2.6035e+06 2.19848e+06 1.33263e+06 274930 56737.1 106595 57453.2 33800.1 9630.73 13089.2 8912.55 6467.72 472.983 2764.74 3588.04
235404 235404 0.000253466 0.00268231 0.0251138 0.0317752 0.0222589 0.0167867 0.0151378 0.0147678 0.0147776 0.0148418 0.0148461 0.014779 0.0146732 0.0145633 0.0144763 0.014442  2.20373e+07 4.19612e+07 1.33799e+06 1.60404e+06 842556 401003 105652 170590 85216.6 49619.8 15890.6 22100.1 14935 10440.3 795.378 10330
1.46314e+07 1.46314e+07 0.0081397 0.0816771 0.499451 0.562562 0.462256 0.386827 0.362069 0.357355 0.358423 0.359798 0.35964 0.357955 0.355521 0.353082 0.351194 0.350457  1.44134e+07 1.46845e+07 2.25401e+07 1.08154e+06 1.46825e+06 901294 524690 150750 229246 111179 63593 20365.8 27517 18063.1 12342.7 13012.4
1.5514e+06 1.5514e+06 0.00338679 0.0350657 0.272463 0.325967 0.246101 0.194564 0.178421 0.174999 0.175333 0.176083 0.176094 0.175291 0.174064 0.172807 0.171819 0.171431  7.13572e+07 2.44945e+06 2.32275e+06 1.47608e+06 81581.6 158433 135072 89621.3 26951.3 39478.9 18547.7 10249.3 3199.27 4210.12 2702.72 3736.42
1.20277e+06 1.20277e+06 0.0015701 0.016482 0.143676 0.178214 0.128683 0.0987564 0.0895401 0.087462 0.0875132 0.0878587 0.0878557 0.0874448 0.0868173 0.0861732 0.0856661 0.0854664  9.17433e+07 3.77106e+07 1.30095e+06 865474 531480 38364.3 86189.1 76612 50653.8 14873.2 21082.7 9548.14 5088.03 1538.77 1976.62 2968.66
1.44091e+06 1.44091e+06 0.000968253 0.0102087 0.0924323 0.116041 0.0825054 0.0627054 0.0566596 0.055283 0.0552987 0.0555151 0.055514 0.0552536 0.0548547 0.0544445 0.0541212 0.0539937  1.83703e+07 2.32747e+07 1.04088e+07 951391 555471 587556 80432.5 160517 121153 87361.8 26009.9 36110.7 15907.4 8421.98 2598.82 8259.01
8.5707e+06 8.5707e+06 0.00645383 0.0649461 0.407172 0.454909 0.368614 0.308059 0.289521 0.287016 0.288905 0.290755 0.29111 0.290027 0.288195 0.28627 0.284742 0.284138  3.56553e+07 9.78358e+06 1.11441e+07 5.11303e+06 766791 509205 680387 113026 207924 157074 112811 33115.4 44207.3 18890.1 9858.08 12551.5
1.14522e+06 1.14522e+06 0.00363393 0.0375611 0.287878 0.343092 0.260383 0.206548 0.189634 0.186066 0.186435 0.18723 0.187236 0.186382 0.18508 0.183747 0.182701 0.182289  3.0878e+06 6.0067e+06 1.67038e+06 805304 300145 76752.3 70040.5 113432 20630 36465.8 27298.9 19145.8 5464.75 7066.02 2950.81 3450.86
786572 786572 0.00134694 0.014157 0.124761 0.15517 0.111522 0.0853645 0.0773385 0.075533 0.0755822 0.0758884 0.0758918 0.07554 0.0749989 0.074442 0.074003 0.07383  1.60402e+08 1.63114e+06 3.17692e+06 599591 276688 136624 40756.3 38886.2 62805 11153.6 19075.3 13763.1 9306.93 2573.53 3248.02 2890.22
393495 393495 0.000392093 0.00414513 0.0384628 0.0485236 0.0341192 0.0257916 0.023278 0.0227156 0.0227324 0.0228314 0.0228379 0.0227348 0.0225722 0.0224036 0.02227 0.0222172  4.82731e+07 4.7518e+07 1.78457e+06 1.44614e+06 517136 332916 177123 83355.5 65634.8 111883 20863.6 33956.1 24238.1 16344 4411.25 10520.2
1.48062e+07 1.48062e+07 0.0062362 0.0633371 0.423231 0.486493 0.388005 0.318169 0.295686 0.29125 0.292062 0.293267 0.293213 0.291863 0.28986 0.287833 0.286254 0.285635  7.59705e+07 2.80789e+07 2.57353e+07 1.40137e+06 1.20701e+06 607406 420836 210590 101185 80286.8 141161 26729.9 41066.6 28894.7 19153 17239
2.15596e+06 2.15596e+06 0.00275469 0.0286591 0.231658 0.280554 0.208675 0.163315 0.149183 0.146115 0.146326 0.146933 0.146936 0.146259 0.145226 0.144166 0.143334 0.143006  5.1268e+06 1.2638e+07 4.56012e+06 2.24076e+06 111796 160256 109065 79963.4 38141.1 17972.1 14215.7 24944.9 4636.82 6862.92 4745.06 5890.33
1.05701e+06 1.05701e+06 0.000967764 0.0101996 0.0920557 0.115361 0.0821071 0.0624666 0.0564728 0.0551164 0.0551422 0.0553647 0.0553677 0.0551107 0.0547145 0.0543062 0.0539842 0.0538572  9.45078e+07 2.71279e+06 6.79346e+06 1.88928e+06 923818 57842.1 93582.4 65807.6 47931.2 22305.4 10171.5 7757.99 13131.3 2365.36 3417.71 5201.84
431351 431351 0.000424189 0.00448646 0.0417787 0.0528393 0.0371146 0.0280177 0.0252661 0.0246429 0.024653 0.0247551 0.0247589 0.024645 0.0244676 0.0242842 0.0241392 0.024082  3.54197e+07 2.72295e+07 1.28886e+06 2.93731e+06 1.26495e+06 847835 120012 169215 118861 78285.4 32167 15095.3 11474.4 19986.7 3651.32 13062.9
5.79708e+06 5.79708e+06 0.00325418 0.0337282 0.264319 0.317078 0.238644 0.188281 0.172545 0.169203 0.169513 0.170233 0.17024 0.169461 0.168271 0.167053 0.166096 0.165719  2.39752e+07 1.78684e+07 1.4203e+07 917316 2.34989e+06 1.15299e+06 965001 148669 228785 159712 100685 38756.1 17668.8 13271.1 23040.3 19162.6
1.72778e+06 1.72778e+06 0.0031686 0.0329022 0.261613 0.315897 0.236626 0.185855 0.169915 0.166412 0.166602 0.167244 0.167211 0.166422 0.165238 0.164032 0.163088 0.162717  3.11612e+06 4.01253e+06 3.03336e+06 1.84316e+06 124117 424452 226052 214891 33170.5 52668.4 35989.2 21796.5 7983.1 3532.62 2612.91 8252.06
646117 646117 0.00129636 0.013636 0.120962 0.150881 0.108183 0.0826551 0.0748258 0.0730528 0.073085 0.0733718 0.0733691 0.0730251 0.0724994 0.0719594 0.0715341 0.0713666  4.28712e+07 1.64816e+06 2.14678e+06 1.20309e+06 722372 62157.1 241989 133428 125989 18959.5 29110.3 19168.7 11193.6 3971.88 1715.61 5176.66
248923 248923 0.000342966 0.00362405 0.0335032 0.0421466 0.0296662 0.0224605 0.0202931 0.0198161 0.0198391 0.0199307 0.0199396 0.0198515 0.0197107 0.019564 0.0194475 0.0194015  2.5319e+07 2.12485e+07 1.28694e+06 1.67292e+06 643296 631940 81700.8 317594 146749 154929 25279.6 40908 25994.8 14575.1 4972.56 8781.92
6.77829e+06 6.77829e+06 0.0042778 0.0440662 0.328432 0.38914 0.298659 0.238432 0.219329 0.215268 0.215644 0.216494 0.21645 0.215435 0.213921 0.212383 0.21118 0.210709  1.92582e+07 1.5563e+07 1.41237e+07 1.14701e+06 1.40217e+06 551875 728533 102931 402301 165802 186129 29708.3 48668.2 29966.1 16382.9 15220.4
1.51789e+06 1.51789e+06 0.00295609 0.0307025 0.244765 0.295077 0.220621 0.173303 0.15855 0.155386 0.155648 0.156308 0.156317 0.155602 0.154508 0.153385 0.152503 0.152155  4.50723e+07 3.40445e+06 2.64128e+06 1.66177e+06 153663 215423 100002 156024 22214.8 86311.7 33059.7 37231.4 5743.09 9276.64 5582.84 5778.91
933940 933940 0.00135993 0.0142742 0.124429 0.153855 0.110983 0.0852681 0.0774159 0.0756999 0.075801 0.0761385 0.0761603 0.0758185 0.0752821 0.0747268 0.0742878 0.0741146  7.0832e+07 2.38389e+07 1.82234e+06 1.05464e+06 653181 76846.3 122678 59050.6 91650 12736.9 47895.2 17688.9 19214.7 2872.1 4528.79 5448.94
752745 752745 0.000598647 0.0063243 0.0582894 0.073493 0.0518474 0.0392417 0.0354189 0.0345542 0.0345697 0.034712 0.0347164 0.0345563 0.0343077 0.034051 0.0338481 0.033768  2.52895e+07 2.49519e+07 6.9089e+06 1.29381e+06 662868 622817 156004 167811 64605.1 128201 18559.1 66981.3 22472.1 25642.7 3807.14 13412.7
3.43293e+06 3.43293e+06 0.00150282 0.0157575 0.136128 0.167847 0.12152 0.0935904 0.0850579 0.0832053 0.0833262 0.0836989 0.0837227 0.0833471 0.0827581 0.0821487 0.0816671 0.081477  1.03732e+08 1.54703e+07 1.52278e+07 3.74896e+06 1.15677e+06 631687 718864 223100 205589 74960.5 162152 23283.5 80483.1 25616.4 29432 19580.2
1.92307e+06 1.92307e+06 0.00244287 0.0255015 0.21193 0.259387 0.190998 0.148332 0.135039 0.132059 0.132153 0.132652 0.132626 0.131996 0.131049 0.130084 0.129326 0.129029  4.61974e+06 1.73681e+07 2.7082e+06 2.56517e+06 639006 248155 145953 179837 59164.5 50807.1 17896.2 38893.3 5411.42 18163.7 5603.02 10647.2
904585 904585 0.000700631 0.00739758 0.0678415 0.0854308 0.0604011 0.0457688 0.0413225 0.0403147 0.040331 0.0404948 0.0404983 0.0403108 0.0400206 0.0397211 0.0394847 0.0393914  5.50422e+07 2.44677e+06 9.41576e+06 1.20734e+06 1.16608e+06 355095 152822 92165.7 112449 36042.6 29936.2 10165.7 21309.6 2873.15 9414.58 8268.11
372893 372893 0.000419817 0.00444009 0.0413374 0.0522711 0.0367176 0.0277209 0.0250004 0.024385 0.0243958 0.0244973 0.0245014 0.0243888 0.0242134 0.024032 0.0238885 0.0238318  3.66651e+07 1.81594e+07 1.05792e+06 3.11859e+06 797963 777977 236808 179021 96309.2 128032 48286.8 35697.4 11326.3 24905.8 3436.52 20220.3
3.89907e+06 3.89907e+06 0.002382 0.0248126 0.202816 0.245791 0.181869 0.142079 0.129818 0.12723 0.127488 0.128073 0.128111 0.127542 0.12665 0.125729 0.125002 0.124715  1.27862e+08 2.19989e+07 1.0777e+07 758383 1.99681e+06 704107 781580 239004 213930 110168 150267 58656.8 40511.1 12387.6 27401.6 25748.2
3.60953e+06 3.60953e+06 0.00484111 0.0497843 0.365632 0.433184 0.334758 0.267846 0.246267 0.241466 0.241669 0.242456 0.242299 0.241101 0.239378 0.237648 0.236305 0.23578  2.50623e+07 2.11329e+07 4.07948e+06 1.58377e+06 115775 354202 143748 175699 53907.2 49324.9 24447.4 32975.7 12697 8405.37 2506.31 10684.7
1.09868e+06 1.09868e+06 0.000740411 0.00781667 0.0716025 0.0901637 0.0637837 0.0483394 0.0436401 0.0425715 0.0425854 0.0427561 0.0427584 0.0425596 0.0422528 0.0419365 0.0416869 0.0415885  4.86358e+07 1.32248e+07 1.10383e+07 1.3024e+06 476426 48476.9 176840 75317.4 91662 27383.9 24178.8 11527 14971.2 5580.22 3604.38 5547.42
769931 769931 0.000598142 0.00631844 0.0581965 0.0733477 0.0517564 0.0391816 0.0353689 0.0345077 0.0345246 0.0346677 0.0346726 0.0345131 0.0342651 0.0340087 0.0338062 0.0337262  3.23284e+07 2.05195e+07 4.68484e+06 3.68479e+06 826339 429224 65567 152355 86777.5 105628 32807.1 33938.1 15296.9 20315.9 7845.31 12472.5
5.89507e+06 5.89507e+06 0.00305802 0.0317956 0.255492 0.309777 0.231184 0.181048 0.165304 0.161797 0.161932 0.16253 0.162483 0.161705 0.160547 0.159371 0.15845 0.158089  1.07401e+08 2.06453e+07 1.21478e+07 3.0625e+06 2.29853e+06 819729 480167 84319.9 164171 97123.6 123187 38106.2 40012.2 17513.7 23012.3 22945.3
1.4445e+06 1.4445e+06 0.00186508 0.0195074 0.164984 0.202152 0.147613 0.114288 0.104052 0.101839 0.101997 0.10245 0.102476 0.102015 0.101296 0.100553 0.0999663 0.0997349  5.75074e+06 1.77583e+07 3.64032e+06 1.63602e+06 453914 400012 178828 109911 19945.4 36190 20996.3 26580.4 8012.63 8268.96 3529.17 9180.94
786172 786172 0.000601839 0.00635687 0.0585013 0.0737011 0.0520213 0.0393921 0.0355629 0.034699 0.0347172 0.0348618 0.0348673 0.0347073 0.034458 0.0342003 0.0339967 0.0339163  1.16881e+07 3.04687e+06 9.67203e+06 1.69771e+06 779845 259225 251361 115234 70255.9 12445.1 21875.3 12249.3 14968.4 4374.41 4407.91 6648.93
400278 400278 0.000460931 0.00487521 0.0454031 0.0574593 0.0403654 0.0304648 0.0274661 0.0267836 0.0267909 0.0268994 0.0269019 0.0267773 0.026584 0.0263845 0.0262269 0.0261647  5.78989e+07 7.36723e+06 1.50239e+06 3.25177e+06 1.11022e+06 620072 230883 192175 114923 75814.3 15764.9 23028.5 13486.6 16634.9 4941.58 12876.2
3.96716e+06 3.96716e+06 0.00325953 0.033793 0.265382 0.318733 0.239748 0.189015 0.17314 0.169742 0.170026 0.170732 0.170728 0.169941 0.168744 0.16752 0.16656 0.166182  8.19632e+07 2.85466e+07 5.28894e+06 1.22639e+06 2.06761e+06 1.0534e+06 641070 273975 200811 134044 88855.5 19195.7 25609.4 14748.1 18161.4 19570.4
1.861e+06 1.861e+06 0.00266253 0.0277467 0.2273 0.276911 0.205034 0.15983 0.145716 0.142577 0.142704 0.143252 0.143227 0.142549 0.141531 0.140492 0.139677 0.139356  3.96646e+06 1.37874e+07 4.85465e+06 717071 179235 337037 214209 137486 61887.6 42701.6 28886.5 18654.7 3962.83 5045.57 2850.43 7253.93
798605 798605 0.000729075 0.00769928 0.0707033 0.089141 0.0630037 0.0477108 0.0430559 0.0419931 0.0420019 0.0421674 0.0421679 0.0419707 0.0416675 0.0413552 0.0411089 0.0410117  3.34498e+07 2.09984e+06 7.44264e+06 2.08414e+06 310589 96251.9 202355 132305 84179.7 36928.7 24644.6 16070.9 10009.6 2060.41 2560.92 5032.67
193930 193930 0.00022712 0.00240373 0.0225259 0.0285037 0.0199586 0.0150496 0.0135717 0.0132406 0.0132499 0.0133078 0.013312 0.0132519 0.0131571 0.0130587 0.0129807 0.0129498  3.5489e+07 1.96382e+07 848528 2.95471e+06 1.08515e+06 333629 121839 163103 152099 97798.2 44847.3 27549.6 19076.3 12003.1 2610.51 9080.19
6.07824e+06 6.07824e+06 0.00374188 0.0383898 0.278298 0.322709 0.248904 0.200975 0.186431 0.184002 0.184998 0.186166 0.186405 0.185699 0.184489 0.183209 0.182189 0.181784  1.36612e+08 2.36683e+07 1.25984e+07 616147 2.22775e+06 926459 389721 159282 170949 179842 114471 53769.6 30928.4 21440.3 13345 12949.3
2.8646e+06 2.8646e+06 0.00397729 0.041158 0.317794 0.38207 0.289844 0.229004 0.209546 0.205113 0.205183 0.205834 0.205698 0.204674 0.203197 0.201711 0.200556 0.200103  5.88797e+06 2.24231e+07 3.94761e+06 1.29016e+06 66205.2 319781 155450 77033.1 33194.3 32579.8 35078.5 21746 10066.9 5560.08 3811.81 4618.19
832134 832134 0.000559454 0.00591062 0.0545133 0.068716 0.048456 0.0366716 0.0330999 0.0322937 0.0323107 0.0324457 0.0324513 0.0323026 0.0320707 0.0318309 0.0316412 0.0315664  5.31811e+07 3.11195e+06 1.18965e+07 1.44729e+06 462455 31342.2 174856 88194.6 43356.8 18178.2 17221.9 17844.8 10656.8 4777.02 2574.73 3833.78
120136 120136 0.000109122 0.00115605 0.0109288 0.0138721 0.00967853 0.00728068 0.00655957 0.00639724 0.00640086 0.00642854 0.0064304 0.00640129 0.00635539 0.00630772 0.00626996 0.00625503  4.47542e+07 2.04745e+07 1.33228e+06 4.2393e+06 1.0948e+06 556250 48503.1 240940 100996 62506.5 27512.9 21565.4 24608.5 14661.9 6695.67 8862.94
4.10006e+06 4.10006e+06 0.00225973 0.023596 0.196652 0.240419 0.176718 0.137243 0.125023 0.122339 0.122483 0.122985 0.122986 0.122417 0.121546 0.120653 0.119951 0.119675  3.00519e+07 2.64771e+07 1.19915e+07 992083 2.83924e+06 1.04857e+06 633414 67526.3 313087 119169 78896.8 34860.6 24930.8 28629.4 16818.4 17836.4
1.75099e+06 1.75099e+06 0.00226879 0.0237152 0.199263 0.24473 0.179431 0.138954 0.126366 0.12353 0.123603 0.124067 0.124042 0.123451 0.122564 0.121659 0.120949 0.120669  1.45429e+07 5.46394e+06 4.92867e+06 1.78198e+06 164479 525647 228430 149116 16944.9 76206.5 27388.2 18054.6 7786.62 5313.03 6028.35 7203.99
595678 595678 0.000682461 0.00720435 0.0659704 0.0829812 0.0586939 0.0445022 0.0401949 0.0392245 0.0392466 0.03941 0.0394159 0.0392349 0.0389533 0.0386623 0.0384323 0.0383415  1.12123e+08 7.70504e+06 2.97179e+06 2.26108e+06 840140 93775.8 329930 146668 94729.4 10485.7 45612.4 15805.2 10050.3 4200.61 2798.14 6844.89
1.18097e+06 1.18097e+06 0.00107158 0.0112859 0.101247 0.126653 0.0903745 0.068867 0.062299 0.0608167 0.0608481 0.0610931 0.0610955 0.0608114 0.0603742 0.0599241 0.0595691 0.0594292  7.21e+07 3.66629e+07 2.76146e+06 1.72292e+06 1.17893e+06 612678 98619.4 243242 148536 107497 13427.3 54933.9 17495.9 11594 4890.26 10832.7
4.76178e+06 4.76178e+06 0.00175972 0.0184475 0.158949 0.196454 0.14253 0.109728 0.0996193 0.0973573 0.0974285 0.0978149 0.0978106 0.0973529 0.0966552 0.0959394 0.0953762 0.0951545  1.01517e+07 3.68602e+07 2.07078e+07 1.64503e+06 1.36668e+06 1.07353e+06 608730 122214 242429 165017 123592 16318.7 62691.6 19013.3 12655.3 16968.4
2.26704e+06 2.26704e+06 0.00221544 0.0231436 0.193581 0.236977 0.173949 0.134951 0.122872 0.120206 0.120335 0.120823 0.120822 0.120261 0.119404 0.118526 0.117836 0.117564  1.44805e+06 1.74669e+06 6.48523e+06 3.40214e+06 289847 291852 258504 148431 31460.8 57550.8 39339.6 29056 3789.49 14074.6 4145.02 6398.1
1.0823e+06 1.0823e+06 0.00146716 0.0154087 0.134882 0.167438 0.120681 0.0925424 0.0839052 0.0819697 0.0820278 0.0823589 0.0823607 0.0819778 0.0813905 0.0807865 0.0803107 0.0801232  1.3655e+08 767031 948533 2.93963e+06 1.57312e+06 162600 180998 164429 93566 19337.5 34236.3 22572.3 16085.5 2033.3 7372.99 5423.05
683139 683139 0.00091927 0.00970025 0.0884392 0.111378 0.0789866 0.0599051 0.0540751 0.052735 0.0527358 0.0529343 0.0529285 0.0526772 0.052295 0.0519027 0.0515938 0.0514722  3.99585e+07 3.46841e+07 490916 608575 1.35602e+06 933083 138800 173674 153635 94495.9 23045.4 33645.8 24097.9 17412.1 2325 13914.8
7.67665e+06 7.67665e+06 0.00427969 0.0441222 0.330881 0.393325 0.301352 0.240095 0.220593 0.216356 0.216642 0.21744 0.217361 0.21632 0.214787 0.213236 0.212026 0.211551  3.57642e+07 2.32511e+07 1.67107e+07 424441 499838 1.15098e+06 932073 161720 201477 180137 108767 28069 36908.6 26598.7 19063.7 17779.3
2.22739e+06 2.22739e+06 0.00349524 0.0361745 0.280136 0.335057 0.253354 0.200432 0.18382 0.180281 0.180603 0.181355 0.181352 0.180517 0.17925 0.177954 0.176937 0.176538  4.56993e+06 6.65767e+06 4.27933e+06 1.90898e+06 55890.6 78215.2 213000 190719 34640.8 42037.1 37123.4 21625.7 5528.03 6907.86 4917.41 6749.88
1.10731e+06 1.10731e+06 0.0012573 0.0132417 0.118676 0.148793 0.106301 0.0809463 0.0731482 0.071346 0.0713393 0.0715971 0.0715812 0.0712374 0.0707195 0.0701898 0.0697737 0.0696099  2.55545e+08 2.41492e+06 3.53269e+06 1.58018e+06 680695 26132.9 42375.9 120349 107362 19034.5 22346.2 19019.5 10682.9 2645.59 3226.91 5352.02
1.25272e+06 1.25272e+06 0.00102607 0.0108154 0.0976891 0.122583 0.0872514 0.0663465 0.059955 0.0584966 0.0585101 0.0587364 0.0587333 0.0584569 0.0580344 0.0576004 0.0572585 0.0571238  1.02187e+08 6.49298e+07 1.2284e+06 1.61274e+06 806917 450450 46796 58667.8 132147 123877 26388 29849 24870.7 13923.5 3685.8 11239.9
1.08693e+07 1.08693e+07 0.00345877 0.035739 0.273428 0.324781 0.24641 0.195764 0.180016 0.176832 0.177317 0.178159 0.17822 0.177438 0.176215 0.174954 0.173959 0.173568  3.65842e+07 4.77316e+07 2.95957e+07 938020 1.25792e+06 762656 462125 64353.9 68718.5 147752 142843 31765.4 34429 28091.2 15385.9 16515.2
2.36747e+06 2.36747e+06 0.00196187 0.0205366 0.174751 0.215145 0.156868 0.121145 0.1101 0.107634 0.107722 0.10815 0.108145 0.10764 0.10687 0.106081 0.10546 0.105216  9.14677e+06 6.12588e+06 8.02607e+06 3.41668e+06 127609 213629 156287 99149.3 14809.8 14681.3 30704 29474.3 6479.16 6791.12 5437.87 6086.44
1.01328e+06 1.01328e+06 0.000882441 0.00930822 0.0846252 0.106344 0.0754746 0.0573057 0.0517654 0.0505052 0.0505211 0.0507211 0.0507218 0.0504849 0.0501207 0.0497459 0.0494503 0.0493337  1.48858e+08 4.84762e+06 3.34355e+06 3.80388e+06 1.67303e+06 74555.6 136528 102027 64049 9324.29 8945.78 18046.5 16716.1 3561.73 3644.9 6075.87
1.19111e+06 1.19111e+06 0.00107313 0.0113087 0.101921 0.127829 0.0910738 0.0692893 0.0626242 0.0611025 0.0611155 0.0613503 0.0613458 0.0610563 0.0606149 0.0601615 0.0598046 0.0596639  3.03259e+07 4.59088e+07 2.25734e+06 1.43638e+06 1.54886e+06 788418 86303.5 138969 110820 73021.6 13131.4 11107.8 20726.6 19498.9 4459.98 11750.6
5.21874e+06 5.21874e+06 0.00187888 0.0196635 0.167084 0.205294 0.149698 0.11572 0.105265 0.102973 0.103099 0.103535 0.103547 0.103073 0.102341 0.101587 0.100994 0.10076  1.1002e+08 1.88189e+07 2.3481e+07 1.47858e+06 987030 1.17194e+06 671527 111609 167190 135198 87404 16383.7 12802 22908.3 21405.8 17919.3
2.17297e+06 2.17297e+06 0.00235647 0.0245957 0.20422 0.249513 0.1837 0.142768 0.130061 0.127256 0.127391 0.127903 0.127897 0.127301 0.126395 0.125466 0.124737 0.12445  7.54578e+06 1.81244e+07 3.28353e+06 3.5772e+06 249698 196784 260878 157693 28806 41497.4 32965.9 20637.3 3793.14 2846.46 4966.14 8446.11
1.19693e+06 1.19693e+06 0.000854386 0.0090138 0.0820704 0.103176 0.0731794 0.0555435 0.0501689 0.0489469 0.0489626 0.049157 0.049158 0.0489286 0.0485757 0.0482123 0.0479257 0.0478127  6.48476e+07 3.99615e+06 9.82144e+06 1.46014e+06 1.61554e+06 137840 120588 164172 98371.5 17520.6 24424.5 18711.9 11301 2013.05 1474.8 6822.48
1.12497e+06 1.12497e+06 0.00118395 0.0124742 0.112202 0.140805 0.100439 0.076423 0.0690511 0.0673518 0.0673486 0.0675947 0.0675814 0.0672577 0.0667689 0.0662686 0.0658753 0.0657205  2.81443e+07 2.16017e+07 1.33739e+06 3.471e+06 799372 881041 123066 98596.6 130057 83233.8 21061.8 27177 20941.9 12628.1 2364.25 9182.53
5.86631e+06 5.86631e+06 0.00423952 0.0433404 0.305586 0.351716 0.273968 0.222703 0.207108 0.204585 0.205739 0.207041 0.207305 0.206522 0.205183 0.20377 0.202644 0.202198  7.14693e+07 1.69505e+07 1.15359e+07 776870 2.14236e+06 690894 812591 143195 107267 140093 91352.3 25434.4 31147.5 23532.5 13931.1 12642
1.30689e+06 1.30689e+06 0.00242507 0.0253357 0.21188 0.26015 0.191163 0.148153 0.134717 0.131658 0.131704 0.132174 0.132131 0.131493 0.130544 0.129578 0.128822 0.128525  8.87325e+06 1.17685e+07 2.81745e+06 1.09699e+06 74534.5 271708 116067 150925 28879.5 20844.9 26760.9 17181.2 4796.01 5665.52 4196.31 4670.94
1.26366e+06 1.26366e+06 0.00114215 0.0120326 0.108165 0.135605 0.0967277 0.0736251 0.0665414 0.0649172 0.0649248 0.0651698 0.0651622 0.0648531 0.0643836 0.063902 0.0635231 0.0633738  2.30674e+08 4.70072e+06 6.39284e+06 1.277e+06 510667 42184.8 169600 74096.1 95272.1 17747.9 12385 15325.2 9489.12 2566.7 2959.88 4550.5
2.52299e+06 2.52299e+06 0.00200757 0.0210531 0.18172 0.22565 0.163815 0.125875 0.114059 0.111309 0.11128 0.111648 0.111597 0.111047 0.110236 0.109413 0.108769 0.108516  1.04722e+08 5.96044e+07 1.78511e+06 2.23049e+06 753159 404241 51313.2 170881 88534.4 108664 24032.2 15271.4 18358.9 11481.3 3405.44 9610.65
1.19268e+07 1.19268e+07 0.00395378 0.0408532 0.311915 0.372639 0.283586 0.22494 0.206334 0.202265 0.202509 0.203256 0.203187 0.202215 0.200778 0.199323 0.198186 0.197741  8.86973e+07 4.68808e+07 2.7381e+07 1.06972e+06 1.30587e+06 662977 415041 64274.8 189106 103813 125986 28694 17257.6 20208.8 12499.1 14289.6
3.86564e+06 3.86564e+06 0.00331463 0.034418 0.273475 0.330783 0.248004 0.194694 0.177856 0.174075 0.174193 0.17481 0.174741 0.173895 0.172648 0.171384 0.170396 0.170009  6.00616e+06 1.458e+07 7.89387e+06 3.17078e+06 139124 211515 133779 89498 14630.9 40602.7 22211.7 26304.5 5882.24 3410.13 3907.91 5127.79
1.61299e+06 1.61299e+06 0.0012714 0.0133746 0.118736 0.148114 0.106158 0.0810953 0.0734125 0.0716745 0.0717084 0.0719918 0.0719906 0.0716539 0.0711384 0.0706087 0.0701914 0.0700269  1.60621e+07 3.17693e+06 7.80079e+06 3.12582e+06 1.24568e+06 69977.6 120970 79074.8 52471.4 8354.05 22402.6 11804.5 13475.3 2918.94 1651.66 4297.69
656789 656789 0.000790729 0.00834079 0.075857 0.0952107 0.0675353 0.0512971 0.0463624 0.0452532 0.0452813 0.04547 0.0454767 0.0452678 0.0449432 0.0446078 0.0443429 0.0442383  3.49433e+07 1.0898e+07 2.23277e+06 2.42465e+06 1.22207e+06 683545 85619.4 118784 96530.3 64921.7 11714.1 28086.3 15437 17151.1 3873.39 7605.97
4.2378e+06 4.2378e+06 0.00340685 0.0352988 0.275757 0.330953 0.249507 0.196913 0.180401 0.176841 0.17711 0.177822 0.177803 0.176974 0.175724 0.174449 0.17345 0.173057  5.97133e+07 1.81497e+07 7.39672e+06 1.72273e+06 1.49191e+06 987473 663914 112589 139723 119845 79876.5 14781.4 33065.6 18044.3 19619.4 13074.2
1.50954e+06 1.50954e+06 0.00286015 0.0297125 0.237357 0.28607 0.213654 0.167791 0.153533 0.150503 0.150784 0.151445 0.151468 0.150783 0.149727 0.14864 0.147785 0.147448  7.39084e+06 9.92545e+06 3.19171e+06 954042 239009 246752 198914 144625 26362 31098.6 26486.8 17149.3 3110.94 6690.14 3588.54 6410.14
982538 982538 0.00129192 0.0135942 0.120941 0.15109 0.108225 0.0826049 0.0747376 0.072943 0.0729621 0.0732407 0.0732335 0.0728873 0.0723609 0.071821 0.0713961 0.0712288  9.44365e+06 3.90914e+06 5.31562e+06 1.28126e+06 376782 119775 140732 117677 85153.4 15156.7 17310.6 14219.3 8881.35 1561.31 3277.83 4809.23
574981 574981 0.000939448 0.00990597 0.089772 0.112708 0.0801001 0.0608671 0.054998 0.0536636 0.0536809 0.0538928 0.0538929 0.0536409 0.053254 0.0528558 0.0525419 0.0524182  6.32672e+07 7.0191e+06 1.5018e+06 1.77392e+06 735774 353265 167909 116870 111962 90892.1 20374 21203.4 17858.8 11082.8 2045.15 10044.9
2.49764e+06 2.49764e+06 0.00232742 0.0243257 0.204184 0.250851 0.184033 0.142532 0.129607 0.126683 0.126743 0.127206 0.127172 0.126562 0.12565 0.124721 0.123993 0.123706  2.6715e+07 2.98496e+07 5.00953e+06 950984 1.11978e+06 732978 398670 216907 128883 129106 106431 24933.7 24422.7 20242.3 12371.7 13396.2
1.91133e+06 1.91133e+06 0.00286649 0.0298506 0.242959 0.295818 0.21969 0.171453 0.156311 0.152903 0.152996 0.15355 0.1535 0.152762 0.151665 0.15055 0.149677 0.149335  4.5638e+07 4.56902e+06 5.25026e+06 779565 156239 215769 174470 97183.3 54486.3 30482.7 30199.1 24322.6 5597.47 5287.44 4297.94 5393.61
1.22849e+06 1.22849e+06 0.00144382 0.0151784 0.133929 0.166933 0.119987 0.0917672 0.0830801 0.0810978 0.0811188 0.0814251 0.0814142 0.081028 0.0804428 0.0798432 0.0793717 0.0791861  5.77204e+07 2.41573e+07 2.4621e+06 2.21623e+06 331572 83001.9 128508 106901 58992.5 32212.1 17420.8 16630.6 12915.1 2879.63 2655.19 4779.74
1.10352e+06 1.10352e+06 0.000919462 0.00969736 0.0880467 0.110625 0.078562 0.0596658 0.0538993 0.0525856 0.0525999 0.0528062 0.0528055 0.0525581 0.0521786 0.0517883 0.0514806 0.0513593  3.68352e+07 2.26946e+07 6.89989e+06 1.09321e+06 1.02109e+06 269292 78204 96377.9 123445 67962.3 40356.6 19093.7 18582.9 14602.4 3424.07 8559.44
5.27042e+06 5.27042e+06 0.00288143 0.0299827 0.242544 0.294399 0.219068 0.17132 0.15638 0.153075 0.153227 0.153815 0.153785 0.153057 0.151965 0.150852 0.149979 0.149637  2.74028e+07 1.88197e+07 1.28767e+07 3.48502e+06 876683 912587 296648 93847.1 101371 150455 80086.6 47624.8 21251.2 20351.6 15777 12929.7
1.85658e+06 1.85658e+06 0.00312049 0.0324788 0.263018 0.320536 0.238714 0.186386 0.169834 0.166024 0.166037 0.166572 0.166476 0.16565 0.164448 0.163235 0.162289 0.161918  2.67157e+07 4.65481e+06 3.23518e+06 1.74042e+06 483152 172371 200670 69180.1 22376 22764 34597.3 17714.4 10276.3 4413.47 4147.43 5778.32
1.59492e+06 1.59492e+06 0.00221692 0.0231938 0.196307 0.241882 0.176886 0.136676 0.124151 0.121293 0.121327 0.121762 0.121725 0.121138 0.120263 0.119372 0.118673 0.118399  1.10053e+08 1.41405e+07 2.5053e+06 1.34793e+06 732234 255602 102344 122433 41757 13138.2 12909 18893.6 9324.04 5239.35 2196.25 4850.15
1.13259e+06 1.13259e+06 0.00126397 0.0133088 0.119041 0.149101 0.106597 0.0812276 0.0734326 0.0716398 0.0716416 0.0719051 0.0718919 0.0715481 0.0710289 0.0704975 0.0700797 0.0699152  2.75884e+07 2.85437e+07 4.02097e+06 712052 537552 458424 156492 121298 129607 47702.9 16250.7 13839.2 22898.8 11013.4 6220.38 8247.18
5.04165e+06 5.04165e+06 0.00296807 0.0307283 0.239037 0.284483 0.214272 0.169686 0.15598 0.153287 0.153791 0.154592 0.154692 0.154041 0.152991 0.151898 0.151033 0.150691  4.88944e+07 2.19032e+07 1.38347e+07 2.01876e+06 454743 448533 466608 162554 156092 157630 57684.7 19715 15642.8 26020.4 12229.7 15907.6
2.21349e+06 2.21349e+06 0.00329318 0.0342727 0.277132 0.338301 0.252273 0.196902 0.179276 0.175135 0.175061 0.175565 0.175425 0.174533 0.173254 0.171971 0.170974 0.170583  2.74154e+06 8.60643e+06 4.27654e+06 1.73992e+06 249211 76666.5 88827.8 101638 35931.2 36004.8 35050.1 12447.8 4150.59 3162.76 5201.86 5530.79
1.37136e+06 1.37136e+06 0.00187046 0.0196214 0.169871 0.210855 0.152818 0.117378 0.106376 0.103839 0.103839 0.104203 0.104169 0.103664 0.102911 0.102144 0.101543 0.101307  1.58861e+07 1.45115e+06 4.63127e+06 1.77525e+06 732186 132253 45624 54226.3 61292.8 21054.7 20360.7 19077.9 6528.33 2108.17 1567.79 5225.9
779554 779554 0.00122236 0.0128739 0.115417 0.144658 0.103319 0.0786837 0.0711179 0.0693772 0.0693784 0.0696342 0.069622 0.0692894 0.0687866 0.0682718 0.067867 0.0677076  3.39591e+07 1.76181e+07 679945 1.77308e+06 1.18516e+06 373706 92559.9 38701.8 53752.8 71351.5 23648 26873.3 23795.8 8100.64 2669.94 8319.83
4.99418e+06 4.99418e+06 0.00318549 0.0331233 0.26617 0.323319 0.241439 0.188961 0.172395 0.168634 0.168701 0.169273 0.169191 0.168362 0.167147 0.165917 0.164958 0.164582  2.69753e+07 2.15457e+07 1.25054e+07 514731 1.29997e+06 1.34146e+06 371347 102486 45231 63073.7 85904 27911.2 32086.7 27300.7 9149.07 12260.8
1.19373e+06 1.19373e+06 0.00187692 0.0196955 0.170951 0.212519 0.153904 0.118109 0.106987 0.104407 0.104388 0.104742 0.1047 0.104188 0.103429 0.102657 0.102052 0.101814  7.81861e+06 4.52009e+06 3.70974e+06 1.7047e+06 81803 244269 315780 85681.3 23966.7 10482 14221.5 18997.5 5977.93 6742.52 5591.35 4317.79
748370 748370 0.00120863 0.0127302 0.114192 0.143136 0.102206 0.0778269 0.0703415 0.0686199 0.0686218 0.0688756 0.068864 0.0685354 0.0680382 0.067529 0.0671286 0.0669709  1.47377e+07 4.14676e+06 2.48235e+06 1.85081e+06 897757 50532.7 162703 213309 57058.5 15524.5 6563.94 8585.3 11062.8 3373.67 3714.9 5365.52
367546 367546 0.000626812 0.00662416 0.0612217 0.077344 0.0545202 0.0412193 0.0371774 0.0362537 0.0362599 0.0364028 0.0364035 0.0362332 0.0359712 0.0357013 0.0354883 0.0354044  1.46721e+07 1.47478e+07 1.48591e+06 926957 926340 663956 55382 137908 246655 54463.6 16566 7163.4 9452.31 12375.6 3723.26 10162.1
3.07505e+06 3.07505e+06 0.00227822 0.023795 0.19869 0.243229 0.178692 0.138674 0.126264 0.123517 0.123638 0.12413 0.124122 0.123542 0.12266 0.121758 0.121048 0.120769  1.48673e+07 9.07131e+06 1.09457e+07 1.00499e+06 670452 810717 711580 73837 159430 313527 64351.6 19652.6 8324.3 10691.4 13817.2 15393.1
778482 778482 0.00185861 0.0195009 0.169111 0.21007 0.15216 0.116818 0.105848 0.103314 0.103308 0.103667 0.103631 0.103127 0.102377 0.101613 0.101015 0.10078  2.51023e+06 2.59199e+06 1.62088e+06 1.69058e+06 168242 131260 178459 170048 18633.9 38020.3 75027.1 14698.7 4368.77 1800.35 2260.95 6095.13
577962 577962 0.00136972 0.0143984 0.127018 0.158122 0.113622 0.0869404 0.0787514 0.076903 0.0769443 0.0772493 0.0772481 0.0768871 0.0763346 0.0757669 0.0753198 0.0751437  7.91405e+07 1.33129e+06 1.42302e+06 806773 886721 103567 87203.4 120311 113063 12054.2 23781.2 45244.9 8550.93 2463.16 990.99 4513.41
563285 563285 0.000997835 0.0105204 0.0952234 0.119578 0.0850408 0.0646286 0.058389 0.0569634 0.0569745 0.0571942 0.0571908 0.0569213 0.0565097 0.0560868 0.0557538 0.0556225  5.05823e+07 2.35971e+07 933566 615525 403864 623229 88942.3 68942.4 103188 114185 14058.5 24236.9 48974.7 8783.13 2578.36 5764.08
3.9826e+06 3.9826e+06 0.00298197 0.030385 0.21028 0.235958 0.183542 0.150848 0.141757 0.141115 0.142675 0.144094 0.144609 0.144261 0.143435 0.142498 0.141725 0.141414  4.70614e+07 2.52117e+07 1.21971e+07 779992 492607 386418 692940 111372 79462.7 117102 134880 17275.4 27594.1 55291 9668.15 9120.38
1.69197e+06 1.69197e+06 0.00289424 0.0301468 0.245802 0.299687 0.222468 0.173485 0.15807 0.154564 0.154623 0.15516 0.155097 0.154343 0.153231 0.152102 0.15122 0.150874  4.76416e+06 7.82871e+06 4.19468e+06 1.12015e+06 78205.4 64128.5 64714.3 130916 22322.9 15369.5 22236.2 25459.3 3221.13 4945.22 9757.5 3259.84
865932 865932 0.00109844 0.0115587 0.102944 0.128307 0.0917837 0.070095 0.0634752 0.0619982 0.0620507 0.0623135 0.0623242 0.0620397 0.061597 0.0611397 0.0607785 0.060636  1.03318e+08 2.52201e+06 4.22128e+06 1.7791e+06 480217 41823.5 38377.1 39789.4 79679.4 13225.7 8799.98 12266 13540.1 1659.65 2487.08 6439.81
545579 545579 0.000710832 0.00750886 0.0691286 0.0872548 0.0616123 0.046621 0.0420566 0.0410107 0.0410153 0.0411747 0.0411739 0.0409805 0.0406839 0.0403787 0.040138 0.0400431  4.24498e+07 3.0284e+07 1.03443e+06 1.57424e+06 779217 346087 73605.4 50071.9 53397.3 109317 18882.7 11494.7 15738.6 17603.5 2262.79 11539
3.36259e+06 3.36259e+06 0.00181986 0.0190489 0.162106 0.199168 0.145118 0.112154 0.102025 0.0998135 0.0999456 0.100376 0.100393 0.0999365 0.0992285 0.0984985 0.0979227 0.0976958  1.96233e+07 2.00099e+07 1.52274e+07 736175 1.1336e+06 695768 395153 107032 67751.1 70321.2 140414 24253.1 14024.1 18436.7 20321.8 15808.6
1.24143e+06 1.24143e+06 0.00190017 0.0198832 0.168722 0.207217 0.151175 0.116892 0.106329 0.104009 0.104134 0.104575 0.104586 0.104108 0.103369 0.102608 0.102009 0.101773  1.02792e+07 3.29497e+06 3.4939e+06 2.3229e+06 128849 227968 160833 98824.9 27862.2 16979.9 17193.7 33272.2 5583.35 3116.58 4001.12 7736.48
705814 705814 0.00119396 0.0125726 0.112565 0.140916 0.100677 0.0767164 0.0693677 0.0676878 0.0677012 0.0679589 0.067952 0.0676306 0.0671416 0.0666399 0.0662451 0.0660896  4.92153e+07 5.44699e+06 1.79663e+06 1.64376e+06 1.12292e+06 74444.1 144483 104326 63512.7 17466.7 10307.3 10070.9 18808.7 3059.62 1667.52 6165
444641 444641 0.000852354 0.00899545 0.0821349 0.103417 0.0732797 0.0555657 0.0501612 0.0489241 0.0489311 0.0491202 0.0491181 0.048887 0.0485332 0.0481696 0.047883 0.04777  2.67425e+07 1.3632e+07 1.77917e+06 599115 593871 509002 61407.9 106198 87261.2 64911.1 20511.6 11155.4 10926.5 19999.8 3299.45 8155.92
3.4256e+06 3.4256e+06 0.00466638 0.046841 0.290611 0.31635 0.25464 0.214875 0.20424 0.204284 0.206945 0.209174 0.210012 0.209578 0.208443 0.207136 0.206052 0.205615  2.54698e+07 1.25368e+07 6.885e+06 1.05951e+06 397837 451968 446134 74540 117749 99216.3 76917.5 24756.8 12891.8 12207.3 21774.5 12358.9
1.66536e+06 1.66536e+06 0.00659156 0.0671227 0.456274 0.531436 0.422795 0.344199 0.318037 0.312058 0.312163 0.312967 0.31261 0.310991 0.308756 0.306548 0.304849 0.304188  1.63906e+07 4.25822e+06 2.00658e+06 475249 66468.1 37248.3 57435.5 66771.2 12903.6 19658.2 16589.1 12774 4032.9 2029.81 1883.47 5186.4
1.12292e+06 1.12292e+06 0.00279113 0.0291248 0.240897 0.295566 0.218305 0.169457 0.154003 0.150381 0.150336 0.150806 0.150715 0.149964 0.148872 0.147768 0.146908 0.14657  5.4968e+07 8.62853e+06 2.17048e+06 513309 109284 23223.3 16252.6 26632.1 30875 5799.55 8505.56 6889.64 5100.88 1557.53 764.564 2612.34
631449 631449 0.000994257 0.0104761 0.0943423 0.118127 0.0841469 0.0640534 0.0579161 0.0565275 0.0565554 0.0567846 0.0567884 0.0565254 0.0561194 0.055701 0.055371 0.0552408  4.39138e+07 1.8012e+07 2.95648e+06 677462 237224 125179 46701.2 26444.8 36677.6 47217.6 11179.4 14977 12363 9445.28 2943.09 6235.92
3.49498e+06 3.49498e+06 0.00255554 0.0266559 0.220013 0.268716 0.198399 0.154348 0.140603 0.13753 0.137635 0.138156 0.138129 0.137473 0.136488 0.135484 0.134697 0.134387  2.85856e+07 2.28586e+07 9.74005e+06 1.77491e+06 479787 234684 161987 66992.5 35987.6 47144.7 60305.6 14622.9 18653.6 14895.9 11209.1 10779.4
1.27043e+06 1.27043e+06 0.00211356 0.0221107 0.187098 0.230154 0.168228 0.130047 0.118187 0.115513 0.115584 0.116026 0.11601 0.115462 0.114634 0.113787 0.113122 0.11286  1.1208e+07 4.87145e+06 3.9413e+06 1.40543e+06 280443 94382.2 54371.3 40470.1 16956.2 8801.47 11151.3 13893.2 3289.15 4053.46 3168.81 4609.55
781538 781538 0.00122583 0.0128995 0.114844 0.143385 0.102646 0.0783488 0.0708988 0.0692088 0.0692382 0.0695113 0.0695103 0.0691853 0.0686875 0.0681758 0.0677727 0.0676139  3.48121e+07 5.93926e+06 2.65484e+06 1.84142e+06 677191 162193 59847.8 35215.9 25924.3 10581.3 5313.63 6492.19 7803.46 1790.5 2154.26 4059.38
306446 306446 0.000533062 0.00563716 0.0524082 0.0663335 0.0466425 0.0352075 0.0317352 0.0309395 0.0309429 0.0310647 0.0310655 0.0309202 0.0306965 0.030466 0.030284 0.0302122  3.77768e+07 1.20071e+07 1.86679e+06 940041 766903 374791 141612 51748.1 35138.3 29603.7 12814.1 6215.41 7343.89 8884.69 2074.93 7083.76
3.85805e+06 3.85805e+06 0.00422957 0.0435298 0.322318 0.38034 0.292363 0.233947 0.215524 0.21173 0.212226 0.213142 0.21315 0.212181 0.210708 0.209202 0.208022 0.207558  1.1341e+07 1.70266e+07 6.61123e+06 1.12713e+06 687931 639965 373609 174119 62022.8 43049.5 36797.4 15829.4 7409.57 8411.81 9991.54 10242.7
1.5471e+06 1.5471e+06 0.00440949 0.045581 0.348481 0.419265 0.319655 0.252859 0.231207 0.226093 0.225985 0.226567 0.226331 0.225154 0.223505 0.221862 0.220593 0.220097  8.80593e+06 1.90145e+06 2.85293e+06 715195 125168 105067 115619 75465.6 37399.4 12933.1 8828.52 7368.46 3076.4 1394 1545.1 3665.85
776077 776077 0.00219564 0.0229781 0.194958 0.240466 0.175687 0.135634 0.123139 0.12027 0.120289 0.120713 0.120673 0.120089 0.119221 0.118336 0.117644 0.117371  6.90447e+07 4.65345e+06 1.00621e+06 1.01859e+06 250060 58538.7 56924.8 64895.8 41929.1 20179.9 6726.42 4414.46 3547.07 1433.5 633.778 2324.71
641033 641033 0.00127156 0.0133894 0.119811 0.150116 0.107309 0.0817491 0.0738862 0.072071 0.0720672 0.0723295 0.0723146 0.071968 0.0714454 0.0709106 0.0704904 0.070325  6.40495e+07 1.86885e+07 1.53823e+06 326579 363367 197052 61670.7 59074.6 65524.3 49457.9 27806 8911.79 5891.31 4775.68 1933.15 3949.32
3.68069e+06 3.68069e+06 0.003239 0.0331243 0.235065 0.267902 0.207292 0.168859 0.157702 0.156364 0.157694 0.159007 0.159414 0.158933 0.157967 0.156906 0.156043 0.155698  4.24835e+07 2.88447e+07 9.16627e+06 910735 237900 297304 216548 78436.4 72051 76590.6 59503.2 34065.4 10563.9 6783.75 5409.63 6581.11
1.37307e+06 1.37307e+06 0.00213373 0.0222529 0.183769 0.223138 0.164367 0.128085 0.116925 0.114569 0.114812 0.115356 0.115405 0.1149 0.114101 0.113271 0.112615 0.112357  4.165e+07 7.68803e+06 4.75717e+06 901826 90039.1 33747.6 49772.9 41667.7 16203.7 14572.7 15025.6 11585.8 6506.66 1957.38 1230.64 2143.43
1.10953e+06 1.10953e+06 0.00118562 0.0124848 0.111785 0.139924 0.0999573 0.0761595 0.068853 0.0671792 0.0671912 0.0674475 0.0674416 0.0671232 0.0666383 0.0661407 0.0657489 0.0655946  2.26322e+07 2.20496e+07 4.15713e+06 2.08446e+06 395624 48387.8 20261.4 30827.9 25663 9752.16 8500.21 8460.47 6297.25 3428.58 1007.09 1704.36
469839 469839 0.000443644 0.00469398 0.0438429 0.0555609 0.0389885 0.0293967 0.0264883 0.0258224 0.0258257 0.0259283 0.0259296 0.0258088 0.0256222 0.0254297 0.0252777 0.0252177  2.51567e+07 1.00255e+07 6.34467e+06 1.53723e+06 860698 300520 67859.4 28255.8 33452.9 34593 13936.4 11612.6 10966.1 8355.61 4565.96 3592.48
4.51754e+06 4.51754e+06 0.00409217 0.0420183 0.306036 0.357392 0.275782 0.221998 0.20533 0.202219 0.203011 0.204091 0.204224 0.203374 0.202007 0.200586 0.199464 0.199021  2.22474e+07 1.23498e+07 6.69954e+06 3.45349e+06 1.20675e+06 734076 345563 92440.4 38261.8 40662.3 43265.4 17574.4 14017.8 12715.5 9568.57 9294.65
1.56344e+06 1.56344e+06 0.00485234 0.0499543 0.369823 0.44006 0.339331 0.270753 0.248499 0.243397 0.243452 0.244157 0.243945 0.242706 0.240952 0.239201 0.237845 0.237315  6.27547e+06 3.68465e+06 2.11211e+06 768791 341911 183865 131216 71359 19948 8113.86 8183.56 8564.32 3406.65 2629.73 2323.66 3409.51
816303 816303 0.00224581 0.0235126 0.200091 0.247389 0.18062 0.139272 0.126337 0.123327 0.123302 0.123708 0.123649 0.123039 0.122143 0.121234 0.120523 0.120244  3.98549e+07 3.31259e+06 1.92997e+06 689752 239187 147017 93602.1 69814.3 37715.1 10252.3 4021.12 3899.33 3928.43 1512.48 1139.13 2438.23
286725 286725 0.000737152 0.00778609 0.071612 0.090377 0.0638454 0.0483191 0.0435879 0.0425021 0.0425052 0.0426692 0.0426676 0.0424669 0.0421593 0.041843 0.0415936 0.0414953  1.43277e+07 1.14822e+07 1.19804e+06 565527 322565 252270 127148 100730 77534.4 53477.4 15511.7 5937.84 5317.83 5559.74 2189.01 5075.23
2.66234e+06 2.66234e+06 0.00376275 0.0386291 0.281353 0.327124 0.252011 0.203152 0.188248 0.185673 0.186604 0.187737 0.18795 0.187221 0.185991 0.184695 0.183664 0.183256  2.53903e+07 8.27793e+06 5.94094e+06 795033 388064 322967 320446 151636 127745 95740.4 68401.8 19676.8 7313.84 6228.01 6438.09 8342.56
1.12402e+06 1.12402e+06 0.00470646 0.0485923 0.367738 0.44184 0.338349 0.268173 0.245256 0.239765 0.239573 0.240127 0.239834 0.238563 0.236806 0.235065 0.233722 0.233198  2.54396e+06 4.20845e+06 1.43883e+06 631603 87353.9 55622.6 60704.7 67003.4 31386.7 26625.7 19390.6 13668.2 3818.1 1377.05 1140.98 2675.12
844946 844946 0.00291728 0.0304299 0.250838 0.307758 0.227704 0.17687 0.160756 0.15696 0.156888 0.157354 0.157243 0.156449 0.155305 0.154152 0.153254 0.152902  4.7223e+06 1.34401e+06 2.22049e+06 499648 214067 40070.3 29703.3 33600.9 36688.2 16676.8 13626.7 9536.03 6469.08 1748.86 615.368 1673.32
190839 190839 0.000675702 0.00713992 0.0659056 0.0832647 0.0587302 0.0444045 0.0400406 0.0390374 0.039039 0.0391898 0.0391888 0.0390046 0.0387221 0.0384314 0.0382023 0.0381119  1.06032e+07 6.92233e+06 616730 729080 265172 173550 54493.8 30821.9 41414.2 50267.9 21957.3 18469.4 12983.2 9073.01 2425.81 3141.84
2.69003e+06 2.69003e+06 0.00461447 0.0474368 0.347787 0.410407 0.316946 0.253993 0.233913 0.229636 0.23003 0.230915 0.230852 0.229762 0.228148 0.226512 0.225235 0.224735  9.02821e+06 7.69609e+06 5.02467e+06 439180 518409 276565 212840 74723 39034.1 52793 63281.5 26652 21926.7 14991.9 10336.6 6262.67
649460 649460 0.00309756 0.032283 0.264166 0.323656 0.240224 0.18689 0.169919 0.165898 0.165799 0.16627 0.166138 0.165291 0.164079 0.162861 0.161914 0.161543  2.4815e+06 1.75774e+06 1.35594e+06 537797 49140.2 74966.4 53528 45380.2 16274.3 8142.34 10784.4 12539.6 5085.91 4071.66 2720.07 2971.74
603415 603415 0.00285812 0.0298175 0.246147 0.301982 0.223261 0.173377 0.157583 0.153874 0.153818 0.154287 0.154186 0.153413 0.152293 0.151163 0.150283 0.149938  2.66288e+07 1.31399e+06 949238 580853 235515 26812.8 45520.1 33236 27800.6 9684.63 4676.22 5962.02 6680.22 2624.17 2050.39 2815.37
274680 274680 0.000893523 0.00942958 0.0860566 0.108393 0.076831 0.0582504 0.0525693 0.0512608 0.0512608 0.0514545 0.0514497 0.0512061 0.0508349 0.0504537 0.0501535 0.0500352  2.00569e+07 8.68875e+06 776281 459555 442934 235236 35172.6 43697.4 41087.4 37884.8 13633.6 6127.88 7800.35 8697.61 3366.6 6258.03
1.51711e+06 1.51711e+06 0.00193065 0.0202177 0.172593 0.212767 0.154953 0.119557 0.108615 0.106164 0.10624 0.106657 0.106649 0.106148 0.105387 0.104608 0.103995 0.103754  1.49598e+07 1.21548e+07 5.30053e+06 702285 404761 493879 272954 46895 51405.1 52215.4 48138.3 17031.3 7347.5 9059.56 9879.8 10778.8
899376 899376 0.00260696 0.0272014 0.225057 0.275442 0.203255 0.157938 0.143736 0.140505 0.14056 0.141061 0.141013 0.140333 0.139322 0.138294 0.137489 0.137173  1.58981e+06 2.61712e+06 2.22702e+06 890694 136946 87921.4 122387 68354.6 12176.4 12612.2 12839 11541.9 3954.73 1649.91 1989.89 4464.46
616899 616899 0.00185877 0.0195085 0.169582 0.210934 0.152662 0.117094 0.106032 0.103455 0.10343 0.103778 0.103736 0.103228 0.102476 0.10171 0.101111 0.100876  3.31101e+07 841949 1.41719e+06 981535 400271 75621.7 53874.8 76845.2 42458.9 7363.51 7373.07 7233.31 6270.6 2081.81 847.827 3255.07
452317 452317 0.0014032 0.0147618 0.131031 0.163763 0.117454 0.089665 0.0811026 0.0791305 0.0791314 0.0794195 0.0794024 0.0790218 0.0784484 0.0778621 0.0774015 0.0772203  2.16875e+07 1.1563e+07 403238 580455 492407 236179 71569 50506.3 94179.1 49398.9 9075.03 8114.25 8311.5 7206.95 2368.17 4590.86
2.73206e+06 2.73206e+06 0.00386089 0.039288 0.268433 0.302716 0.23726 0.195067 0.182863 0.181574 0.18321 0.184766 0.185252 0.184705 0.183596 0.182377 0.181386 0.18099  8.97264e+06 1.01704e+07 7.09196e+06 308702 419682 451785 247720 89364.8 59401.1 116572 58617.8 10858.4 9133.27 9281.33 7910.99 7531.22
996508 996508 0.00421985 0.0436682 0.336858 0.406153 0.308553 0.243541 0.22251 0.21754 0.217437 0.218011 0.217795 0.216668 0.215083 0.213501 0.212277 0.211799  2.88937e+06 1.6069e+06 1.6791e+06 699950 31153.5 52388.8 74288.8 46103.5 17797.4 11451.7 22531.3 10922.6 1983.42 1604.7 1606.88 2635.76
779452 779452 0.00395269 0.0409497 0.318932 0.385082 0.291329 0.229481 0.209577 0.204915 0.204867 0.205452 0.20528 0.204236 0.202749 0.201259 0.200103 0.199651  2.63648e+07 1.52727e+06 852634 614280 252090 14863.2 28798.9 42229.4 25929.7 9721.62 6030.79 11410.2 5326.01 936.252 739.113 1918.32
303140 303140 0.000892293 0.00941384 0.085707 0.107805 0.0764753 0.058028 0.0523919 0.0511008 0.0511087 0.0513067 0.0513049 0.0510638 0.0506948 0.0503152 0.0500161 0.0498982  1.95874e+07 1.05975e+07 1.31139e+06 308833 230793 213092 24390.1 36162.6 54490.3 32546 13894.6 8378.92 16643.3 7527.81 1331.84 3677.05
3.66762e+06 3.66762e+06 0.0039772 0.0410391 0.310119 0.368594 0.281356 0.223881 0.205712 0.201845 0.202206 0.203026 0.203003 0.202061 0.200643 0.199199 0.198068 0.197624  2.96542e+07 1.71206e+07 6.91636e+06 1.25753e+06 280212 231064 272856 35388 46769.2 70579.4 41689.8 17775 10296.4 20052.2 8853.65 5828.01
779572 779572 0.00147204 0.0154697 0.136107 0.169448 0.121923 0.0933169 0.084504 0.0824954 0.0825215 0.0828364 0.0828275 0.0824362 0.0818419 0.0812326 0.0807534 0.0805648  3.11711e+07 5.09537e+06 3.42669e+06 874183 181642 49955.7 47170.8 61214.8 8158.32 10235.7 15164.3 8715.92 3617.3 2025.98 3868.7 2785.72
765678 765678 0.00103249 0.0108769 0.0977855 0.122393 0.087252 0.0664427 0.0600824 0.058642 0.0586696 0.0589059 0.0589088 0.0586353 0.058214 0.05778 0.0574376 0.0573027  3.58992e+07 1.6537e+07 2.80827e+06 1.76905e+06 477760 114710 33813.5 32357.7 41430.8 5376.99 6528.44 9331.09 5176.01 2082.45 1138.82 3676.51
