1 2 1 1 12.6536 54 3970 3.31922
1 3 1 1 24.3331 54 859 1.72604
1 5 1 1 6.25672 54 194 6.71278
1 6 1 1 10.4066 54 5686 4.03591
1 7 1 1 50.3824 54 751 0.833625
1 10 1 1 49.739 54 9560 0.844407
1 11 1 1 4.00975 54 828 10.4745
1 14 1 1 31.1486 54 5977 1.34837
1 15 1 1 3.83237 54 266 10.9593
1 18 1 1 39.7543 54 2823 1.05649
1 19 1 1 34.2657 54 666 1.22572
1 22 1 1 16.9204 54 3124 2.48221
1 23 1 1 6.03621 54 50 6.95801
1 26 1 1 44.7348 54 1955 0.938866
1 27 1 1 6.98783 54 145 6.01045
1 30 1 1 23.6949 54 2521 1.77254
1 31 1 1 14.0515 54 311 2.98899
1 34 1 1 16.2195 54 2694 2.58948
1 35 1 1 18.1351 54 170 2.31595
1 38 1 1 59.6221 54 1064 0.704436
1 39 1 1 11.3404 54 60 3.70357
1 42 1 1 27.0591 54 2576 1.55216
1 43 1 1 6.5044 54 5 6.45717
1 44 3 3 3.23292 54 1 12.9913
1 46 1 1 9.87277 54 3633 4.25413
1 47 1 1 6.11231 54 5 6.87138
1 50 1 1 57.3749 54 6266 0.732027
1 51 1 1 15.911 54 68 2.63968
1 53 1 1 10.8651 54 276 3.86559
1 54 1 1 85.539 54 2185 0.491004
1 58 1 1 21.1629 54 7160 1.9846
1 62 1 1 18.3302 54 2846 2.2913
1 66 1 1 25.2507 54 1159 1.66332
1 70 1 1 25.4138 54 194 1.65264
1 71 1 1 6.23535 54 15 6.73579
1 74 1 1 10.3813 54 1758 4.04575
1 76 1 1 31.362 54 139 1.3392
1 78 1 1 16.8353 54 5394 2.49476
1 78 3 3 2.39872 54 1 17.5094
1 79 1 1 12.0752 54 284 3.47822
1 82 1 1 43.234 54 4172 0.971457
1 83 1 1 33.2366 54 734 1.26367
1 83 2 2 51.098 54 100 0.821951
1 84 1 1 1.00188 54 3 41.921
1 85 3 3 0.0965557 54 2 434.982
1 86 1 1 25.5817 54 1680 1.6418
1 86 2 2 23.9667 54 158 1.75243
1 86 3 3 0.368744 54 1 113.9
1 87 1 1 8.42332 54 40 4.98616
1 90 1 1 12.231 54 2030 3.4339
1 90 2 2 9.68463 54 100 4.33677
1 91 1 1 35.4669 54 569 1.1842
1 94 1 1 26.7201 54 2326 1.57185
1 94 3 3 3.80909 54 1 11.0263
1 95 1 1 17.9539 54 20 2.33933
1 98 1 1 38.3789 54 5174 1.09435
1 99 1 1 104.91 54 3563 0.400341
1 102 1 1 49.5815 54 17275 0.84709
1 103 1 1 78.5236 54 3730 0.534871
1 106 1 1 53.0237 54 5314 0.792099
1 107 1 1 45.3384 54 32 0.926367
1 110 1 1 67.3271 54 4552 0.62382
1 111 1 1 60.7131 54 692 0.691778
1 113 1 1 8.3111 54 4 5.05348
1 114 1 1 35.7576 54 21772 1.17458
1 114 2 2 73.4936 54 418 0.571479
1 114 3 3 2.79151 54 7 15.0456
1 115 1 1 48.7721 54 3886 0.861148
1 118 1 1 45.7867 54 26023 0.917297
1 118 2 2 33.3914 54 207 1.25781
1 119 1 1 132.263 54 1429 0.317548
1 120 3 3 0.94588 54 3 44.4031
1 122 1 1 43.5818 54 4936 0.963704
1 123 1 1 86.9503 54 4866 0.483034
1 124 1 1 84.1935 54 1139 0.498851
1 124 3 3 0.144325 54 5 291.01
1 125 3 3 36.2206 54 115 1.15956
1 126 1 1 56.2793 54 6555 0.746278
1 126 2 2 27.8573 54 614 1.50768
1 127 1 1 21.2927 54 1194 1.97251
1 128 1 1 14.3097 54 1407 2.93507
1 129 1 1 9.09331 54 100 4.61878
1 129 3 3 0.221546 54 2 189.577
1 130 1 1 45.1256 54 8511 0.930736
1 130 2 2 91.1897 54 606 0.460578
1 131 1 1 14.8837 54 3350 2.82189
1 132 1 1 5.09674 54 1359 8.24056
1 133 1 1 14.2585 54 65 2.94561
1 134 1 1 69.4197 54 8222 0.605016
1 134 2 2 58.36 54 1170 0.719671
1 135 1 1 313.782 54 5277 0.133851
1 136 1 1 82.8662 54 1455 0.506841
1 137 1 1 2.20144 54 30 19.0784
1 138 1 1 239.083 54 4376 0.175671
1 138 2 2 86.2154 54 1146 0.487152
1 139 1 1 20.9323 54 2091 2.00646
1 140 1 1 3.26914 54 137 12.8474
1 141 1 1 9.93834 54 84 4.22606
1 142 1 1 73.4664 54 2700 0.57169
1 142 2 2 62.242 54 508 0.674785
1 143 1 1 78.6842 54 3778 0.533779
1 144 1 1 3.7186 54 85 11.2946
1 146 1 1 34.3216 54 3632 1.22372
1 146 2 2 28.821 54 300 1.45727
1 147 1 1 125.373 54 2217 0.334999
1 147 2 2 31.0549 54 224 1.35244
1 148 1 1 18.7044 54 1017 2.24546
1 149 1 1 22.0901 54 41 1.9013
1 150 1 1 70.694 54 7919 0.59411
1 150 2 2 47.0634 54 3414 0.892413
1 151 1 1 141.589 54 6313 0.296633
1 152 1 1 24.5882 54 3476 1.70814
1 153 1 1 20.2101 54 173 2.07817
1 154 1 1 28.261 54 17818 1.48615
1 155 1 1 155.871 54 14497 0.269453
1 156 1 1 19.6253 54 3079 2.14009
1 157 1 1 24.197 54 912 1.73575
1 158 1 1 27.3598 54 12114 1.5351
1 159 1 1 37.9637 54 9998 1.10632
1 160 1 1 8.31719 54 4899 5.04978
1 161 1 1 7.46357 54 67 5.62734
1 162 1 1 23.1203 54 14243 1.81658
1 163 1 1 58.4244 54 16847 0.718878
1 164 1 1 13.381 54 3786 3.13879
1 165 1 1 21.8994 54 659 1.91786
1 166 1 1 40.471 54 21464 1.03778
1 167 1 1 52.647 54 12396 0.797766
1 167 3 3 6.80575 54 3 6.17125
1 168 1 1 30.1922 54 8206 1.39109
1 169 1 1 12.3932 54 16 3.38895
1 170 1 1 58.0765 54 14156 0.723183
1 171 1 1 137.232 54 10871 0.306051
1 172 1 1 28.0825 54 3499 1.4956
1 173 3 3 2.25664 54 1 18.6117
1 174 1 1 63.9848 54 2813 0.656406
1 175 1 1 5.07798 54 25 8.27101
1 176 1 1 24.5324 54 45 1.71202
1 176 3 3 4.76198 54 2 8.81985
1 178 1 1 27.9154 54 6216 1.50455
1 179 1 1 52.7907 54 6464 0.795594
1 180 1 1 54.9006 54 874 0.765018
1 182 1 1 71.6978 54 13509 0.585792
1 183 1 1 29.3919 54 3065 1.42896
1 184 1 1 23.058 54 760 1.8215
1 185 1 1 13.3765 54 89 3.13983
1 186 1 1 43.5117 54 7777 0.965258
1 187 1 1 22.6664 54 3087 1.85296
1 188 1 1 115.064 54 2704 0.365015
2 2 1 4 18.9061 54 2480 2.22151
2 3 1 4 58.3242 54 5296 0.720112
2 4 1 4 18.3683 54 499 2.28654
2 6 1 4 11.882 54 4563 3.53475
2 7 1 4 44.8037 54 5642 0.937422
2 8 1 4 37.892 54 1425 1.10841
2 10 1 4 24.8978 54 5149 1.68689
2 11 1 4 40.7221 54 4944 1.03138
2 12 1 4 17.4397 54 1010 2.40829
2 12 3 6 0.907477 54 1 46.2821
2 14 1 4 25.0677 54 3782 1.67546
2 15 1 4 27.1187 54 2376 1.54875
2 16 1 4 33.0833 54 450 1.26952
2 16 3 6 14.9736 54 13 2.80494
2 17 2 6 14.8998 54 12 2.81883
2 18 1 4 25.1569 54 192 1.66952
2 19 1 4 32.6134 54 4612 1.28782
2 20 1 4 9.03899 54 326 4.64654
2 20 3 6 0.745792 54 2 56.3159
2 22 1 4 19.2501 54 1749 2.18181
2 23 1 4 29.0006 54 3446 1.44825
2 24 1 4 61.6701 54 1207 0.681044
2 24 3 6 8.26405 54 7 5.08225
2 25 3 6 3.02352 54 1 13.8911
2 26 1 4 32.9943 54 3571 1.27295
2 27 1 4 44.1722 54 5790 0.950823
2 27 3 6 1.85423 54 6 22.651
2 28 1 4 20.1624 54 1494 2.08308
2 29 2 6 16.2721 54 5 2.58111
2 30 1 4 36.4654 54 1000 1.15178
2 31 1 4 44.4779 54 2944 0.944288
2 32 1 4 13.2716 54 580 3.16466
2 34 1 4 14.0748 54 2396 2.98406
2 35 1 4 39.2772 54 4728 1.06932
2 36 1 4 20.0146 54 948 2.09847
2 38 1 4 58.2702 54 2378 0.72078
2 39 1 4 54.1763 54 4288 0.775247
2 40 1 4 32.5758 54 1850 1.2893
2 42 1 4 24.2552 54 2909 1.73159
2 43 1 4 35.8269 54 12716 1.1723
2 44 1 4 24.1352 54 1285 1.7402
2 46 1 4 22.1698 54 8558 1.89447
2 47 1 4 32.0995 54 13450 1.30843
2 48 1 4 37.6804 54 2416 1.11464
2 50 1 4 46.4789 54 7592 0.903636
2 51 1 4 40.7408 54 20669 1.03091
2 52 1 4 18.944 54 2348 2.21706
2 52 3 6 8.81301 54 11 4.76568
2 54 1 4 38.406 54 4523 1.09358
2 55 1 4 27.0081 54 11310 1.55509
2 56 1 4 23.4265 54 1729 1.79284
2 56 3 6 34.0213 54 21 1.23452
2 58 1 4 27.9268 54 5222 1.50393
2 59 1 4 45.9248 54 10215 0.914539
2 60 1 4 18.9992 54 2244 2.21062
2 60 3 6 2.50442 54 2 16.7703
2 62 1 4 29.7645 54 6600 1.41108
2 63 1 4 23.5878 54 9644 1.78058
2 63 3 6 4.48522 54 4 9.36408
2 64 1 4 25.0463 54 2075 1.6769
2 66 1 4 32.8838 54 2300 1.27722
2 67 1 4 26.422 54 7980 1.58959
2 67 3 6 1.86304 54 2 22.5438
2 68 1 4 22.685 54 962 1.85144
2 68 3 6 0.000193256 54 22 217328
2 70 1 4 28.188 54 3297 1.48999
2 71 1 4 60.0115 54 8678 0.699866
2 72 1 4 20.0965 54 3388 2.08991
2 74 1 4 68.6534 54 5464 0.611769
2 75 1 4 42.5913 54 5910 0.986116
2 76 1 4 38.9787 54 1646 1.07751
2 78 1 4 22.1216 54 7811 1.8986
2 79 1 4 33.6689 54 14481 1.24744
2 79 3 6 12.4566 54 7 3.37171
2 80 1 4 17.2234 54 3615 2.43854
2 80 3 6 2.48122 54 7 16.9272
2 82 1 4 29.2488 54 5030 1.43596
2 83 1 4 33.4702 54 20094 1.25485
2 83 2 5 49.4982 54 974 0.848515
2 84 1 4 26.452 54 5041 1.58778
2 84 3 6 21.4476 54 18 1.95826
2 86 1 4 38.4249 54 9675 1.09304
2 86 2 5 22.5801 54 118 1.86005
2 87 1 4 36.4894 54 15213 1.15102
2 87 2 5 25.6457 54 1107 1.6377
2 88 1 4 18.2996 54 3968 2.29514
2 88 3 6 23.0678 54 27 1.82072
2 90 1 4 46.6088 54 8618 0.901117
2 90 2 5 40.2235 54 239 1.04417
2 91 1 4 40.1442 54 13488 1.04623
2 91 2 5 74.3417 54 1047 0.564958
2 92 1 4 81.1482 54 6403 0.517571
2 92 2 5 21.5961 54 120 1.9448
2 94 1 4 69.5028 54 8642 0.604292
2 95 1 4 50.1852 54 30146 0.8369
2 96 1 4 18.2877 54 6166 2.29663
2 96 3 6 9.86217 54 3 4.2587
2 98 1 4 31.6133 54 1864 1.32856
2 99 1 4 50.2379 54 32928 0.836022
2 99 3 6 0.847045 54 2 49.5842
2 100 1 4 65.8996 54 4554 0.637333
2 100 3 6 18.3942 54 5 2.28333
2 102 1 4 56.9854 54 7520 0.737031
2 103 1 4 48.8055 54 29963 0.860559
2 103 3 6 34.3864 54 25 1.22141
2 104 1 4 20.733 54 13466 2.02576
2 104 3 6 34.5008 54 60 1.21736
2 106 1 4 75.8368 54 10129 0.553821
2 107 1 4 56.9768 54 28715 0.737142
2 107 3 6 11.5304 54 8 3.64256
2 108 1 4 161.955 54 10069 0.259331
2 108 3 6 0.0975283 54 5 430.644
2 110 1 4 42.4032 54 6215 0.990491
2 110 3 6 1.59408 54 1 26.3476
2 111 1 4 119.384 54 25165 0.351805
2 111 3 6 0.0974155 54 2 431.143
2 112 1 4 107.404 54 4621 0.391045
2 112 3 6 11.4074 54 6 3.68183
2 114 1 4 53.174 54 17686 0.789859
2 114 2 5 41.2404 54 2112 1.01842
2 115 1 4 67.3888 54 15945 0.623249
2 115 3 6 4.78092 54 2 8.78491
2 116 1 4 19.0655 54 7007 2.20293
2 116 3 6 2.94218 54 1 14.2751
2 118 1 4 134.234 54 19854 0.312888
2 118 2 5 149.62 54 2679 0.280711
2 119 1 4 58.7999 54 41459 0.714287
2 119 2 5 62.195 54 5527 0.675296
2 119 3 6 26.1595 54 24 1.60553
2 120 1 4 24.0991 54 17917 1.7428
2 120 2 5 59.9933 54 105 0.700078
2 120 3 6 25.9123 54 41 1.62085
2 122 1 4 82.9679 54 15179 0.50622
2 122 2 5 40.4831 54 2582 1.03747
2 123 1 4 117.308 54 52821 0.358033
2 123 2 5 44.4555 54 6051 0.944765
2 123 3 6 2.13064 54 1 19.7123
2 124 1 4 58.8649 54 11162 0.713498
2 124 3 6 1.29899 54 1 32.3329
2 126 1 4 75.5558 54 21947 0.555881
2 126 2 5 63.0409 54 2165 0.666234
2 127 1 4 53.5682 54 44291 0.784047
2 127 2 5 73.0185 54 7199 0.575197
2 128 1 4 25.2823 54 23050 1.66124
2 128 2 5 26.6174 54 421 1.57791
2 130 1 4 84.3234 54 7949 0.498082
2 130 2 5 39.897 54 742 1.05271
2 131 1 4 103.897 54 35127 0.404246
2 131 2 5 93.9563 54 812 0.447016
2 131 3 6 6.72787 54 11 6.24269
2 132 1 4 55.2975 54 20085 0.759528
2 132 3 6 12.5665 54 7 3.34223
2 134 1 4 96.8986 54 12097 0.433443
2 134 2 5 82.3868 54 3287 0.50979
2 135 1 4 72.5422 54 42867 0.578973
2 135 2 5 55.1705 54 5968 0.761276
2 136 1 4 26.469 54 28832 1.58676
2 136 2 5 34.1399 54 224 1.23023
2 138 1 4 83.8319 54 1117 0.501002
2 138 2 5 70.9543 54 5721 0.59193
2 139 1 4 93.268 54 35555 0.450315
2 139 2 5 75.3782 54 7736 0.557191
2 139 3 6 3.30378 54 3 12.7127
2 140 1 4 20.6671 54 13854 2.03222
2 140 3 6 12.2247 54 12 3.43566
2 142 1 4 88.9853 54 3483 0.471988
2 142 2 5 28.1731 54 1783 1.49079
2 143 1 4 122.067 54 30624 0.344073
2 143 2 5 36.8208 54 1533 1.14066
2 144 1 4 47.3422 54 11235 0.887159
2 146 1 4 57.0944 54 3611 0.735624
2 146 2 5 33.2623 54 9855 1.26269
2 147 1 4 62.4324 54 31822 0.672728
2 147 2 5 45.5578 54 5176 0.921906
2 148 1 4 30.0888 54 11552 1.39587
2 150 1 4 95.2872 54 1384 0.440773
2 150 2 5 36.9795 54 1940 1.13577
2 151 1 4 33.0375 54 28929 1.27128
2 151 2 5 91.9779 54 2378 0.456632
2 152 1 4 31.2632 54 11518 1.34343
2 154 1 4 33.2506 54 7225 1.26314
2 154 2 5 35.1766 54 101 1.19397
2 155 1 4 74.0153 54 32680 0.56745
2 155 2 5 13.6103 54 399 3.08589
2 156 1 4 35.8616 54 23992 1.17117
2 157 2 6 4.11528 54 2 10.2059
2 158 1 4 42.5815 54 781 0.986344
2 159 1 4 65.7795 54 25078 0.638496
2 159 2 5 86.8836 54 524 0.483406
2 159 3 6 18.7524 54 4 2.23972
2 160 1 4 24.7617 54 19973 1.69617
2 162 1 4 26.4119 54 712 1.59019
2 163 1 4 40.4205 54 29289 1.03908
2 163 3 6 3.58727 54 2 11.7081
2 164 1 4 36.5916 54 16654 1.1478
2 164 3 6 8.19624 54 3 5.1243
2 166 1 4 87.466 54 3589 0.480187
2 167 1 4 62.6004 54 31787 0.670922
2 167 3 6 39.841 54 25 1.05419
2 168 1 4 44.2116 54 11536 0.949976
2 168 3 6 7.67397 54 2 5.47305
2 169 2 6 2.94977 54 5 14.2384
2 170 1 4 98.8164 54 2375 0.425031
2 170 2 5 51.5744 54 951 0.814358
2 171 1 4 186.326 54 25077 0.225411
2 171 2 5 102.455 54 1933 0.409938
2 171 3 6 20.2544 54 17 2.07362
2 172 1 4 85.4541 54 4010 0.491492
2 172 3 6 58.0832 54 57 0.7231
2 173 2 6 7.55929 54 2 5.55607
2 174 1 4 22.4419 54 9212 1.8715
2 174 2 5 14.6681 54 105 2.86335
2 174 3 6 2.4682 54 4 17.0164
2 175 1 4 121.907 54 27674 0.344525
2 175 3 6 26.3168 54 62 1.59594
2 176 1 4 99.0229 54 4015 0.424144
2 176 3 6 0.00509754 54 172 8239.27
2 177 2 6 33.2874 54 18 1.26174
2 178 1 4 54.5733 54 7007 0.769607
2 179 1 4 104.194 54 30797 0.403095
2 179 3 6 18.6338 54 34 2.25397
2 180 1 4 48.5562 54 11795 0.864977
2 180 3 6 51.1957 54 108 0.820381
2 182 1 4 69.1082 54 3167 0.607742
2 182 3 6 0.350157 54 1 119.946
2 183 1 4 79.5519 54 30403 0.527957
2 183 3 6 10.0174 54 11 4.19271
2 184 1 4 17.014 54 5468 2.46856
2 184 3 6 4.13001 54 76 10.1695
2 186 1 4 70.6493 54 6616 0.594486
2 187 1 4 50.1216 54 33982 0.837961
2 187 3 6 16.2058 54 8 2.59167
2 188 1 4 25.242 54 10140 1.66389
2 188 3 6 21.2225 54 12 1.97903
3 1 1 7 33.2145 54 4462 1.26451
3 2 1 7 103.045 54 12381 0.40759
3 3 1 7 93.4778 54 7817 0.449304
3 4 1 7 30.7402 54 2502 1.36629
3 4 2 9 3.51465 54 2 11.95
3 5 1 7 33.183 54 1239 1.26571
3 6 1 7 65.9335 54 3891 0.637005
3 7 1 7 77.6535 54 4667 0.540864
3 7 2 9 8.28382 54 9 5.07013
3 8 1 7 34.3851 54 1744 1.22146
3 8 3 9 12.7095 54 4 3.30462
3 9 1 7 42.0237 54 1802 0.999437
3 9 2 9 5.39507 54 7 7.78489
3 10 1 7 72.9206 54 4405 0.575969
3 10 3 9 3.96379 54 5 10.5959
3 11 1 7 46.4226 54 2573 0.904733
3 12 1 7 10.8893 54 6734 3.85699
3 12 2 9 10.296 54 72 4.07923
3 13 1 7 24.7211 54 1308 1.69895
3 14 1 7 53.4354 54 3073 0.785996
3 15 1 7 36.5763 54 930 1.14829
3 16 1 7 21.9204 54 1072 1.91603
3 17 1 7 32.6465 54 944 1.28651
3 18 1 7 44.7269 54 1000 0.939033
3 19 1 7 15.1273 54 514 2.77643
3 20 1 7 10.3205 54 67 4.06955
3 20 3 9 9.87699 54 4 4.25231
3 21 1 7 24.3234 54 66 1.72673
3 22 1 7 27.2504 54 548 1.54126
3 23 1 7 19.1289 54 110 2.19563
3 24 1 7 39.739 54 150 1.0569
3 25 1 7 2.00148 54 10 20.9845
3 26 1 7 12.9791 54 263 3.23597
3 27 1 7 15.5157 54 53 2.70693
3 27 2 9 0.416865 54 1 100.752
3 28 1 7 10.2419 54 255 4.10081
3 28 2 9 1.74067 54 5 24.1286
3 29 1 7 21.9702 54 3576 1.91168
3 30 1 7 56.05 54 2229 0.749331
3 31 1 7 39.6747 54 1069 1.05861
3 32 1 7 28.2755 54 111 1.48538
3 33 1 7 50.094 54 411 0.838424
3 34 1 7 23.1206 54 100 1.81656
3 35 1 7 7.66177 54 5 5.48176
3 36 1 7 16.7786 54 113 2.5032
3 37 1 7 26.4488 54 272 1.58797
3 38 1 7 31.1135 54 888 1.3499
3 39 1 7 26.8169 54 145 1.56618
3 40 1 7 25.18 54 160 1.66799
3 41 1 7 40.401 54 183 1.03958
3 42 1 7 17.4814 54 562 2.40255
3 43 1 7 44.8836 54 35 0.935754
3 44 1 7 29.8967 54 331 1.40484
3 45 1 7 34.6275 54 405 1.21291
3 46 1 7 21.0418 54 600 1.99603
3 47 1 7 26.557 54 70 1.58151
3 48 1 7 24.1276 54 191 1.74074
3 48 3 9 0.338572 54 1 124.05
3 49 1 7 56.2616 54 497 0.746513
3 50 1 7 22.7377 54 132 1.84715
3 50 3 9 0.58564 54 3 71.7165
3 51 1 7 11.7928 54 5 3.5615
3 52 1 7 34.0096 54 132 1.23494
3 53 1 7 31.6859 54 205 1.32551
3 54 1 7 43.3018 54 1094 0.969936
3 54 3 9 8.13948 54 2 5.16003
3 55 1 7 28.5543 54 275 1.47088
3 55 3 9 3.29591 54 1 12.7431
3 56 1 7 9.7428 54 100 4.31088
3 57 1 7 13.2603 54 188 3.16735
3 58 1 7 84.6496 54 407 0.496163
3 60 1 7 101.727 54 225 0.41287
3 61 1 7 30.8961 54 518 1.35939
3 62 1 7 8.39583 54 128 5.00248
3 63 1 7 19.5266 54 48 2.15092
3 64 1 7 47.0888 54 150 0.891932
3 65 1 7 35.0975 54 223 1.19667
3 66 1 7 35.9748 54 659 1.16748
3 67 1 7 11.5869 54 86 3.62478
3 68 1 7 28.1269 54 154 1.49323
3 69 1 7 19.4646 54 738 2.15776
3 70 1 7 58.0457 54 1502 0.723568
3 71 1 7 11.9095 54 25 3.52658
3 71 3 9 2.83033 54 2 14.8393
3 72 1 7 53.3067 54 364 0.787893
3 72 3 9 10.1334 54 6 4.1447
3 73 1 7 72.1417 54 293 0.582188
3 74 1 7 76.2337 54 422 0.550937
3 74 3 9 13.1362 54 4 3.19726
3 75 1 7 40.6168 54 435 1.03405
3 76 1 7 12.0547 54 160 3.48411
3 77 1 7 14.9272 54 139 2.81365
3 78 1 7 30.287 54 192 1.38673
3 78 2 8 21.2302 54 72 1.97832
3 78 3 9 2.29977 54 2 18.2627
3 79 1 7 23.2913 54 15 1.80325
3 79 3 9 2.902 54 1 14.4728
3 80 1 7 51.2752 54 298 0.81911
3 80 3 9 4.29568 54 1 9.77726
3 81 1 7 12.5526 54 92 3.34591
3 81 3 9 22.5273 54 4 1.86441
3 82 1 7 52.6436 54 898 0.797818
3 82 3 9 20.0178 54 11 2.09814
3 83 1 7 8.99816 54 5 4.66762
3 83 3 9 0.876178 54 3 47.9355
3 84 1 7 65.7072 54 175 0.6392
3 84 3 9 2.77776 54 1 15.1201
3 85 1 7 78.7933 54 428 0.53304
3 86 1 7 76.968 54 720 0.545682
3 86 3 9 28.2461 54 10 1.48693
3 87 1 7 8.33217 54 7 5.0407
3 87 3 9 3.741 54 1 11.227
3 88 1 7 45.7833 54 90 0.917364
3 88 3 9 15.5664 54 7 2.69811
3 89 1 7 29.623 54 659 1.41782
3 90 1 7 32.7441 54 1182 1.28267
3 91 1 7 29.8334 54 25 1.40782
3 92 1 7 92.1032 54 304 0.45601
3 92 3 9 11.5013 54 5 3.65175
3 93 1 7 14.0938 54 829 2.98003
3 93 3 9 3.08092 54 1 13.6323
3 94 1 7 35.4368 54 948 1.18521
3 94 2 8 17.3722 54 240 2.41766
3 95 1 7 13.5427 54 15 3.1013
3 95 3 9 0.595639 54 1 70.5125
3 96 1 7 29.3378 54 212 1.4316
3 96 3 9 2.17925 54 1 19.2727
3 97 1 7 34.6983 54 584 1.21043
3 98 1 7 15.1085 54 280 2.77989
3 98 2 8 18.8405 54 145 2.22924
3 98 3 9 12.5076 54 4 3.35796
3 99 2 8 75.6078 54 1868 0.555499
3 99 3 9 13.4374 54 10 3.12559
3 100 1 7 50.2821 54 97 0.835287
3 100 2 8 24.0358 54 3345 1.7474
3 100 3 9 6.33676 54 10 6.62799
3 101 1 7 54.3599 54 413 0.772628
3 102 1 7 17.0262 54 103 2.46679
3 103 1 7 9.22421 54 57 4.55323
3 103 3 9 9.3453 54 2 4.49424
3 104 1 7 21.3904 54 41 1.9635
3 104 3 9 7.23718 54 10 5.80337
3 105 1 7 15.4009 54 30 2.72711
3 106 1 7 14.6721 54 181 2.86258
3 108 1 7 13.5867 54 60 3.09126
3 109 1 7 43.3271 54 56 0.96937
3 110 1 7 5.1725 54 9 8.11986
3 112 1 7 14.9136 54 99 2.81623
3 113 1 7 9.44469 54 99 4.44694
3 114 1 7 53.0166 54 202 0.792204
3 116 1 7 29.554 54 48 1.42113
3 116 3 9 4.03702 54 1 10.4037
3 118 1 7 93.7793 54 5977 0.44786
3 119 1 7 11.1389 54 15 3.77057
3 120 1 7 9.0739 54 6 4.62866
3 121 1 7 27.8529 54 4625 1.50792
3 121 3 9 0.0616771 54 1 680.966
3 122 1 7 46.2977 54 4949 0.907173
3 124 1 7 21.7392 54 627 1.93199
3 124 3 9 4.00317e-07 54 4 1.04917e+08
3 125 1 7 34.5312 54 1285 1.21629
3 125 3 9 0.0448818 54 3 935.792
3 126 1 7 60.5211 54 1296 0.693973
3 126 2 8 85.8436 54 780 0.489262
3 128 1 7 51.9902 54 378 0.807844
3 128 3 9 6.39848 54 3 6.56406
3 129 1 7 32.3406 54 3022 1.29868
3 130 1 7 11.9883 54 393 3.5034
3 131 2 8 3.53595 54 282 11.878
3 132 1 7 21.7869 54 414 1.92777
3 133 1 7 105.517 54 3098 0.398041
3 134 1 7 16.9143 54 525 2.48311
3 135 1 7 7.89528 54 361 5.31964
3 136 1 7 10.9533 54 313 3.83445
3 137 1 7 34.2437 54 1603 1.2265
3 137 3 9 14.2734 54 20 2.94254
3 138 1 7 124.762 54 1447 0.33664
3 138 3 9 10.7866 54 4 3.89372
3 139 1 7 26.545 54 76 1.58222
3 140 1 7 17.5875 54 175 2.38807
3 140 2 8 3.63646 54 139 11.5497
3 140 3 9 14.2787 54 7 2.94144
3 141 1 7 79.2619 54 640 0.529889
3 142 1 7 68.5093 54 272 0.613055
3 143 1 7 12.234 54 282 3.43307
3 144 1 7 18.1942 54 547 2.30843
3 145 1 7 90.0733 54 2342 0.466287
3 146 1 7 108.886 54 630 0.385723
3 147 1 7 15.8366 54 50 2.65209
3 148 1 7 23.9449 54 948 1.75403
3 149 1 7 54.0377 54 7373 0.777235
3 150 1 7 65.52 54 5092 0.641025
3 151 1 7 57.3385 54 1842 0.732493
3 152 1 7 31.4997 54 166 1.33334
3 153 1 7 46.5738 54 7284 0.901795
3 154 1 7 35.6115 54 2667 1.17939
3 155 1 7 25.6666 54 682 1.63637
3 156 1 7 5.45731 54 243 7.69611
3 157 1 7 56.7837 54 14501 0.739649
3 157 3 9 8.17207 54 7 5.13946
3 158 1 7 16.4623 54 6628 2.55129
3 158 2 8 9.31308 54 8 4.50978
3 159 1 7 12.3344 54 1061 3.4051
3 160 3 9 11.4826 54 53 3.6577
3 161 1 7 33.236 54 10178 1.26369
3 162 1 7 35.9476 54 2135 1.16837
3 162 2 8 13.3497 54 17 3.14614
3 163 1 7 14.6531 54 966 2.86628
3 164 1 7 25.7839 54 1132 1.62892
3 164 2 8 2.01119 54 28 20.8831
3 165 1 7 7.50591 54 10834 5.59559
3 166 1 7 105.477 54 2765 0.39819
3 166 2 8 22.9754 54 35 1.82804
3 166 3 9 16.2474 54 4 2.58503
3 168 1 7 25.3145 54 502 1.65913
3 169 1 7 12.535 54 4864 3.35063
3 169 2 8 25.8432 54 58 1.62519
3 169 3 9 20.8014 54 10 2.01909
3 170 1 7 50.7787 54 5051 0.827119
3 170 2 8 14.0111 54 245 2.99762
3 171 3 9 39.2795 54 28 1.06926
3 172 1 7 36.4116 54 620 1.15348
3 172 3 9 21.9289 54 15 1.91529
3 173 1 7 10.2895 54 9440 4.08184
3 173 3 9 19.4938 54 123 2.15453
3 174 1 7 45.8956 54 3587 0.91512
3 174 2 8 10.4703 54 199 4.01136
3 174 3 9 12.3332 54 144 3.40543
3 175 3 9 6.17847 54 7 6.7978
3 176 1 7 9.17242 54 610 4.57895
3 176 3 9 1.69028 54 1 24.848
3 177 1 7 21.8618 54 5029 1.92116
3 177 3 9 37.0078 54 63 1.13489
3 178 1 7 52.2359 54 711 0.804045
3 178 2 8 20.3542 54 169 2.06346
3 179 2 8 2.33063 54 104 18.0208
3 179 3 9 12.9156 54 9 3.25189
3 180 1 7 19.4752 54 473 2.15659
3 180 3 9 54.0424 54 37 0.777167
3 181 1 7 27.4777 54 2341 1.52851
3 181 2 8 34.1046 54 38 1.2315
3 181 3 9 23.6339 54 54 1.77711
3 182 1 7 16.3327 54 1273 2.57153
3 182 2 8 16.1499 54 97 2.60064
3 182 3 9 18.2412 54 9 2.30248
3 183 2 8 6.49517 54 40 6.46635
3 183 3 9 1.63833 54 7 25.6359
3 184 1 7 22.367 54 914 1.87777
3 184 2 8 27.7503 54 20 1.5135
3 185 3 9 15.0409 54 8 2.79239
3 186 2 8 14.3852 54 30 2.91967
3 187 3 9 4.27828 54 2 9.81703
3 188 3 9 17.7436 54 6 2.36705
4 1 1 22 24.4591 54 579 1.71715
4 1 2 23 97.0135 54 195 0.43293
4 2 1 22 21.5968 54 540 1.94473
4 2 2 23 39.8841 54 145 1.05305
4 3 1 22 15.1573 54 514 2.77093
4 3 2 23 65.8032 54 56 0.638267
4 4 2 23 42.0024 54 83 0.999942
4 5 2 23 171.962 54 267 0.244241
4 6 2 23 48.5653 54 283 0.864815
4 7 1 22 53.8247 54 3002 0.78031
4 7 2 23 12.0176 54 90 3.49486
4 8 1 22 2.11685 54 234 19.8408
4 8 2 23 154.134 54 936 0.27249
4 9 2 23 56.2315 54 433 0.746913
4 10 1 22 4.89211 54 68 8.58525
4 10 2 23 73.1403 54 253 0.574239
4 11 1 22 33.4575 54 618 1.25532
4 11 2 23 2.55226e-05 54 73 1.6456e+06
4 12 2 23 16.6218 54 370 2.5268
4 13 2 23 97.6975 54 410 0.429898
4 14 1 22 17.9637 54 81 2.33804
4 14 2 23 20.7122 54 271 2.02779
4 15 1 22 59.6957 54 728 0.703568
4 15 2 23 34.0916 54 165 1.23197
4 16 2 23 93.1115 54 463 0.451072
4 17 1 22 15.9605 54 40 2.6315
4 17 2 23 108.492 54 637 0.387125
4 18 2 23 114.435 54 920 0.367021
4 19 1 22 44.8377 54 172 0.936713
4 19 2 23 49.2096 54 54 0.853492
4 20 2 23 51.7148 54 20 0.812146
4 21 2 23 65.4917 54 44 0.641303
4 22 1 22 25.7152 54 20 1.63328
4 22 2 23 99.6128 54 365 0.421633
4 23 1 22 15.1328 54 29 2.77543
4 23 2 23 15.9314 54 29 2.63631
4 24 2 23 37.7883 54 65 1.11146
4 25 2 23 81.1907 54 416 0.517301
4 26 1 22 48.4552 54 1785 0.86678
4 26 2 23 136.866 54 870 0.306869
4 27 1 22 17.5595 54 29 2.39186
4 27 2 23 36.543 54 227 1.14933
4 28 1 22 5.88385 54 15 7.13819
4 28 2 23 40.4597 54 31 1.03807
4 29 1 22 14.7371 54 338 2.84995
4 29 2 23 13.1439 54 105 3.1954
4 30 1 22 40.8141 54 1011 1.02906
4 30 2 23 96.4342 54 520 0.43553
4 31 2 23 41.6276 54 44 1.00895
4 32 1 22 7.16464 54 230 5.86212
4 32 2 23 64.9733 54 130 0.646419
4 33 2 23 150.057 54 325 0.279894
4 34 2 23 154.293 54 236 0.27221
4 35 2 23 31.6343 54 30 1.32767
4 36 2 23 24.1298 54 90 1.74059
4 37 1 22 16.3531 54 5 2.56831
4 37 2 23 22.1878 54 355 1.89293
4 38 2 23 120.298 54 440 0.349134
4 39 1 22 46.8301 54 70 0.896859
4 39 2 23 34.6345 54 145 1.21266
4 40 2 23 26.6535 54 113 1.57578
4 41 1 22 23.9874 54 45 1.75092
4 41 2 23 69.7469 54 320 0.602177
4 42 1 22 6.01766 54 6 6.97946
4 42 2 23 43.6925 54 165 0.961264
4 43 1 22 36.1726 54 54 1.1611
4 43 2 23 21.217 54 5 1.97955
4 44 2 23 18.996 54 27 2.21099
4 45 1 22 33.2679 54 221 1.26248
4 45 2 23 103.93 54 90 0.404118
4 46 1 22 4.17496 54 94 10.06
4 46 2 23 42.2656 54 227 0.993716
4 47 1 22 6.70977 54 16 6.25953
4 47 2 23 36.4941 54 114 1.15087
4 48 2 23 61.0355 54 87 0.688124
4 49 1 22 44.8541 54 343 0.936369
4 49 2 23 45.0247 54 113 0.932821
4 50 1 22 37.9207 54 148 1.10757
4 50 2 23 11.9459 54 222 3.51585
4 51 2 23 58.1697 54 81 0.722025
4 52 1 22 5.23459 54 25 8.02355
4 52 2 23 33.9275 54 52 1.23794
4 53 1 22 9.25487 54 96 4.53815
4 53 2 23 53.0622 54 67 0.791523
4 54 1 22 38.4382 54 1023 1.09266
4 54 2 23 0.00159736 54 288 26293.3
4 55 1 22 17.3 54 631 2.42775
4 55 2 23 39.5613 54 76 1.06164
4 56 1 22 76.1956 54 203 0.551213
4 56 2 23 91.8828 54 50 0.457104
4 57 1 22 8.70657 54 35 4.82394
4 57 2 23 50.042 54 448 0.839296
4 58 2 23 90.794 54 358 0.462586
4 59 1 22 7.60796 54 13 5.52054
4 59 2 23 92.6988 54 132 0.45308
4 60 1 22 5.47014 54 11 7.67805
4 60 2 23 15.5694 54 15 2.6976
4 61 1 22 78.2506 54 108 0.536737
4 61 2 23 58.352 54 18 0.71977
4 62 1 22 5.04055 54 25 8.33242
4 62 2 23 51.3936 54 95 0.817223
4 63 1 22 31.6636 54 70 1.32644
4 63 2 23 23.249 54 21 1.80653
4 64 2 23 11.5897 54 34 3.62389
4 65 1 22 9.77966 54 115 4.29463
4 65 2 23 108.689 54 44 0.386425
4 66 1 22 23.3404 54 57 1.79946
4 66 2 23 57.1099 54 580 0.735424
4 67 2 23 55.8304 54 52 0.752279
4 68 1 22 1.9781 54 9 21.2325
4 68 2 23 47.756 54 85 0.87947
4 69 1 22 13.7594 54 47 3.05246
4 69 2 23 56.2856 54 252 0.746194
4 70 1 22 23.5637 54 102 1.7824
4 70 2 23 38.5858 54 388 1.08848
4 71 2 23 25.4542 54 31 1.65002
4 72 1 22 8.06808 54 79 5.2057
4 72 2 23 30.3591 54 69 1.38344
4 73 1 22 0.877244 54 24 47.8772
4 73 2 23 49.3463 54 27 0.851127
4 74 1 22 36.9299 54 248 1.13729
4 74 2 23 17.8011 54 33 2.35941
4 75 1 22 4.09039 54 75 10.268
4 75 2 23 4.78823 54 11 8.7715
4 76 1 22 14.2087 54 23 2.95594
4 76 2 23 63.8634 54 111 0.657654
4 77 1 22 15.8084 54 104 2.65682
4 77 2 23 235.879 54 765 0.178057
4 78 1 22 71.3629 54 83 0.588541
4 78 2 23 38.625 54 346 1.08738
4 79 2 23 43.9214 54 36 0.956254
4 80 1 22 56.4086 54 70 0.744567
4 80 2 23 43.8553 54 43 0.957695
4 81 2 23 0.000331561 54 159 126674
4 82 1 22 23.7544 54 1034 1.76809
4 82 2 23 68.4783 54 161 0.613333
4 83 2 23 0.558292 54 31 75.2294
4 84 1 22 14.4513 54 25 2.90632
4 84 2 23 81.6669 54 123 0.514284
4 85 1 22 6.08543 54 20 6.90174
4 85 2 23 59.0317 54 2165 0.711483
4 86 1 22 12.1521 54 68 3.45619
4 86 2 23 56.8858 54 272 0.738322
4 87 2 23 0.423058 54 17 99.2772
4 88 1 22 20.5187 54 171 2.04691
4 88 2 23 90.8382 54 72 0.462361
4 89 1 22 38.6232 54 110 1.08743
4 89 2 23 187.455 54 437 0.224053
4 90 1 22 22.6452 54 120 1.8547
4 90 2 23 50.3903 54 175 0.833493
4 91 2 23 30.7498 54 18 1.36586
4 92 1 22 15.6779 54 45 2.67894
4 92 2 23 86.1843 54 810 0.487328
4 93 1 22 5.14359 54 6 8.1655
4 93 2 23 71.443 54 3510 0.587881
4 94 1 22 86.0032 54 215 0.488354
4 94 2 23 20.3532 54 125 2.06356
4 95 2 23 15.0157 54 12 2.79706
4 96 1 22 34.5458 54 218 1.21578
4 96 2 23 1.78419e-05 54 32 2.35401e+06
4 97 1 22 22.1781 54 25 1.89376
4 97 2 23 52.0055 54 178 0.807607
4 98 1 22 13.3054 54 145 3.15661
4 98 2 23 27.247 54 176 1.54145
4 99 2 23 22.9469 54 8 1.83031
4 100 1 22 22.8742 54 229 1.83613
4 100 2 23 45.5977 54 44 0.921099
4 101 1 22 3.45031 54 47 12.1728
4 101 2 23 96.9281 54 295 0.433311
4 102 1 22 27.9887 54 45 1.50061
4 102 2 23 68.914 54 233 0.609455
4 103 2 23 24.2651 54 19 1.73088
4 104 1 22 57.0629 54 275 0.73603
4 104 2 23 66.2688 54 40 0.633782
4 105 1 22 25.3429 54 1018 1.65727
4 105 2 23 86.3703 54 103 0.486279
4 106 1 22 8.22937 54 14 5.10367
4 106 2 23 41.616 54 204 1.00923
4 107 2 23 14.6876 54 4 2.85955
4 108 1 22 16.1648 54 491 2.59824
4 108 2 23 52.6389 54 29 0.797888
4 109 1 22 66.695 54 6476 0.629732
4 109 2 23 94.8184 54 378 0.442952
4 110 1 22 6.26237 54 105 6.70673
4 110 2 23 26.9987 54 400 1.55563
4 111 1 23 4.65855 54 1 9.01568
4 112 1 22 21.6845 54 277 1.93687
4 112 2 23 16.9755 54 18 2.47415
4 113 1 22 25.1077 54 3674 1.6728
4 113 2 23 44.3158 54 190 0.947743
4 114 2 23 49.5358 54 73 0.847871
4 115 2 23 12.9952 54 5 3.23196
4 116 1 22 17.1818 54 358 2.44444
4 116 2 23 5.00637e-05 54 56 838931
4 117 2 23 215.423 54 1052 0.194966
4 118 1 22 24.5582 54 3470 1.71022
4 118 2 23 65.7898 54 560 0.638397
4 119 2 23 3.89662 54 2 10.7786
4 120 1 22 22.5717 54 1194 1.86074
4 120 2 23 89.8539 54 58 0.467425
4 121 1 22 22.2054 54 1283 1.89143
4 121 2 23 235.023 54 146 0.178706
4 122 1 22 14.021 54 3907 2.9955
4 122 2 23 29.0599 54 33 1.44529
4 123 2 23 0.491758 54 17 85.4078
4 124 1 22 36.0587 54 415 1.16477
4 124 2 23 64.6583 54 113 0.649569
4 125 1 22 75.1913 54 1400 0.558575
4 125 2 23 119.79 54 3577 0.350614
4 126 1 22 32.3787 54 2466 1.29715
4 126 2 23 36.0864 54 67 1.16387
4 127 1 23 2.95336 54 14 14.2211
4 128 1 22 9.86517 54 234 4.2574
4 128 2 23 40.6975 54 36 1.032
4 129 1 22 15.8359 54 176 2.65221
4 129 2 23 1.08162 54 27 38.8305
4 130 1 22 15.6102 54 104 2.69055
4 130 2 23 74.9819 54 257 0.560136
4 131 2 23 10.3793 54 9 4.0465
4 132 1 22 5.43642 54 250 7.72567
4 132 2 23 57.9875 54 44 0.724294
4 133 2 23 82.5616 54 436 0.508711
4 134 1 22 18.362 54 149 2.28734
4 134 2 23 2.15585 54 18 19.4819
4 136 1 22 27.5092 54 275 1.52676
4 137 2 23 81.0864 54 98 0.517966
4 138 2 23 10.3979 54 89 4.03927
4 139 2 23 1.95235e-07 54 7 2.15126e+08
4 140 1 22 10.6955 54 183 3.92687
4 140 2 23 89.9506 54 22 0.466923
4 141 1 22 33.3909 54 720 1.25783
4 142 1 22 57.8048 54 329 0.726584
4 144 1 22 83.9766 54 399 0.500139
4 145 1 22 49.7929 54 541 0.843493
4 146 1 22 8.88095 54 84 4.72922
4 148 1 22 5.59909 54 150 7.50122
4 152 1 22 9.33139 54 17 4.50094
4 153 1 22 22.946 54 400 1.83039
4 156 1 22 29.5308 54 330 1.42224
4 157 2 23 99.5803 54 187 0.42177
4 158 1 22 13.1377 54 208 3.1969
4 158 2 23 87.1491 54 22 0.481932
4 159 1 22 24.1764 54 189 1.73723
4 159 2 23 6.46693 54 5 6.49458
4 160 1 22 13.931 54 629 3.01486
4 160 2 23 31.5624 54 10 1.3307
4 161 2 23 12.1591 54 118 3.4542
4 162 2 23 13.1058 54 70 3.20469
4 163 1 22 23.6913 54 175 1.7728
4 163 2 23 17.228 54 3 2.43789
4 164 2 23 86.7959 54 586 0.483894
4 165 2 23 56.9277 54 266 0.737778
4 166 2 23 26.6171 54 161 1.57793
4 167 2 23 6.39142 54 7 6.57131
4 168 2 23 3.1371 54 24 13.3881
4 169 2 23 77.6819 54 96 0.540667
4 170 2 23 97.6986 54 36 0.429893
4 171 2 23 18.9755 54 41 2.21338
4 172 2 23 22.0801 54 16 1.90217
4 173 1 22 6.75463 54 1394 6.21796
4 173 2 23 113.86 54 251 0.368874
4 174 2 23 88.4428 54 89 0.474883
4 175 2 23 7.60514 54 2 5.52258
4 176 1 22 9.36973 54 50 4.48252
4 176 2 23 43.5823 54 59 0.963695
4 177 1 22 10.2831 54 523 4.08437
4 177 2 23 17.9107 54 70 2.34497
4 178 1 22 30.5339 54 1018 1.37552
4 178 2 23 7.39749e-05 54 134 567760
4 179 2 23 40.2854 54 48 1.04256
4 180 1 22 33.5126 54 200 1.25326
4 180 2 23 1.18726 54 60 35.3754
4 181 1 22 25.506 54 827 1.64667
4 181 2 23 51.3868 54 76 0.817331
4 182 2 23 84.3404 54 45 0.497982
4 183 2 23 208.482 54 1136 0.201457
4 184 1 22 28.1493 54 291 1.49204
4 184 2 23 0.000211853 54 190 198251
4 185 2 23 107.417 54 267 0.390998
4 186 2 23 0.000233325 54 79 180006
4 187 2 23 7.04252 54 20 5.96377
5 2 5 17 7.5524 54 7 5.56115
5 3 5 17 10.9097 54 3 3.8498
5 5 7 17 11.7278 54 5 3.58125
5 6 5 17 17.7689 54 11 2.36368
5 7 5 17 23.1351 54 34 1.81542
5 8 7 17 12.734 54 23 3.29826
5 9 7 17 0.00012458 54 104 337134
5 10 5 17 14.1034 54 39 2.97801
5 11 6 17 11.048 54 11 3.80159
5 12 7 17 17.1481 54 108 2.44925
5 13 7 17 4.88061 54 19 8.60548
5 14 7 17 1.98161 54 117 21.1949
5 15 7 17 4.18319 54 5 10.0402
5 16 7 17 21.1052 54 45 1.99003
5 17 7 17 28.5317 54 80 1.47205
5 20 7 17 8.57472 54 19 4.89812
5 21 7 17 2.32059 54 1 18.0988
5 23 7 17 4.61196 54 4 9.10676
5 27 7 17 2.87981 54 11 14.5843
5 28 7 17 2.98198 54 9 14.0846
5 29 7 17 0.314167 54 1 133.687
5 33 1 10 10.7648 54 126 3.90159
5 33 3 12 25.7175 54 3957 1.63313
5 34 1 10 4.5163 54 7 9.29964
5 34 3 12 15.8283 54 3375 2.65348
5 35 1 10 2.73284 54 25 15.3686
5 35 3 12 18.2479 54 3445 2.30163
5 36 1 10 8.84975 54 175 4.7459
5 36 3 12 26.1317 54 2391 1.60724
5 37 1 10 6.92924 54 154 6.06127
5 37 3 12 19.8898 54 2556 2.11164
5 38 1 10 7.82201 54 189 5.36947
5 38 3 12 21.121 54 3614 1.98854
5 39 1 10 11.7242 54 100 3.58232
5 39 3 12 27.6102 54 2543 1.52118
5 40 1 10 7.70958 54 95 5.44777
5 40 3 12 42.8066 54 1540 0.981158
5 41 1 10 66.2755 54 235 0.633718
5 41 3 12 43.5763 54 1312 0.963827
5 42 1 10 20.5275 54 411 2.04604
5 42 3 12 116.381 54 2347 0.360885
5 43 1 10 25.104 54 1102 1.67304
5 43 3 12 158.014 54 1728 0.265799
5 44 1 10 47.0709 54 947 0.892271
5 44 3 12 56.9861 54 3435 0.737022
5 44 6 17 8.59722 54 3 4.8853
5 45 1 10 16.1969 54 724 2.59309
5 45 3 12 39.2807 54 2759 1.06923
5 46 1 10 22.5231 54 362 1.86476
5 46 3 12 63.4858 54 3902 0.661565
5 47 1 10 23.5308 54 162 1.7849
5 47 3 12 109.873 54 2286 0.38226
5 48 1 10 31.8067 54 617 1.32047
5 48 3 12 28.3641 54 1635 1.48074
5 49 1 10 48.9568 54 1413 0.857898
5 49 3 12 53.381 54 2152 0.786797
5 50 1 10 59.6139 54 658 0.704534
5 50 3 12 81.1128 54 1459 0.517798
5 51 1 10 26.7827 54 1034 1.56817
5 51 3 12 47.0141 54 1032 0.893348
5 52 1 10 28.2828 54 1493 1.485
5 52 3 12 58.5718 54 1075 0.717068
5 53 1 10 17.4795 54 1218 2.40281
5 53 3 12 33.5017 54 1263 1.25367
5 53 4 13 33.2048 54 1426 1.26488
5 54 1 10 41.5105 54 839 1.01179
5 54 2 11 28.0135 54 2040 1.49928
5 54 3 12 56.2776 54 1046 0.7463
5 54 4 13 29.7553 54 738 1.41151
5 55 1 10 42.6937 54 834 0.983751
5 55 2 11 78.6779 54 3208 0.533822
5 55 3 12 73.7908 54 377 0.569177
5 55 4 13 21.5535 54 2659 1.94864
5 56 1 10 35.1898 54 862 1.19353
5 56 2 11 25.4356 54 4235 1.65123
5 56 3 12 25.989 54 515 1.61607
5 56 4 13 19.5725 54 2555 2.14587
5 57 1 10 11.4959 54 4 3.65348
5 57 4 13 5.15721 54 3677 8.14394
5 58 1 10 26.6435 54 815 1.57637
5 58 3 12 13.7907 54 1890 3.04552
5 58 4 13 29.1917 54 9215 1.43876
5 59 1 10 69.4874 54 810 0.604426
5 59 3 12 25.7396 54 1561 1.63173
5 59 4 13 41.9363 54 16489 1.00152
5 60 1 10 80.6897 54 1260 0.520513
5 60 3 12 21.269 54 2826 1.9747
5 60 4 13 31.6778 54 12907 1.32585
5 61 1 10 54.6507 54 877 0.768518
5 61 3 12 18.9712 54 5114 2.21388
5 61 4 13 22.5001 54 13467 1.86666
5 62 1 10 56.5903 54 1116 0.742176
5 62 2 11 195.733 54 3511 0.214578
5 62 3 12 62.6053 54 884 0.67087
5 62 4 13 19.1751 54 19680 2.19034
5 63 1 10 32.553 54 1310 1.2902
5 63 2 11 129.159 54 4056 0.32518
5 63 3 12 34.4179 54 651 1.2203
5 63 4 13 63.1857 54 16499 0.664707
5 64 1 10 47.5665 54 1700 0.882975
5 64 2 11 75.961 54 3816 0.552915
5 64 3 12 37.426 54 467 1.12221
5 64 4 13 44.8902 54 21384 0.935616
5 66 6 15 8.61121 54 161 4.87736
5 67 5 14 26.4052 54 408 1.5906
5 67 6 15 9.76189 54 96 4.30244
5 70 5 14 7.65452 54 111 5.48695
5 71 6 15 21.7975 54 84 1.92682
5 73 4 13 13.4911 54 258 3.11317
5 74 4 13 8.37275 54 619 5.01627
5 75 4 13 3.0986 54 1291 13.5545
5 76 4 13 0.795702 54 1236 52.7836
5 78 5 14 76.8261 54 773 0.546689
5 78 6 15 122.152 54 1152 0.343835
5 79 4 13 9.46644 54 755 4.43673
5 80 4 13 3.05924 54 345 13.7289
5 82 3 12 5.93299 54 103 7.07906
5 85 1 10 82.2945 54 14963 0.510362
5 85 3 12 97.7615 54 11961 0.429617
5 86 1 10 52.7945 54 16437 0.795538
5 86 3 12 152.9 54 9969 0.274688
5 87 1 10 62.7216 54 16367 0.669626
5 87 3 12 54.3649 54 10233 0.772557
5 88 1 10 97.6804 54 13579 0.429974
5 88 3 12 279.515 54 7450 0.15026
5 89 1 10 48.1408 54 16615 0.87244
5 89 3 12 65.8437 54 9794 0.637875
5 90 1 10 103.336 54 16805 0.406442
5 90 3 12 65.5116 54 8121 0.641107
5 91 1 10 131.404 54 13262 0.319624
5 91 3 12 114.134 54 7580 0.367988
5 92 1 10 46.9308 54 10947 0.894934
5 92 3 12 82.7454 54 7253 0.507581
5 94 5 14 10.7745 54 46.9155 3.8981
5 99 5 14 92.1996 54 905.681 0.455533
5 99 6 15 64.5681 54 500.874 0.650476
5 100 5 14 17.4601 54 441.75 2.40548
5 101 1 10 22.2635 54 1341 1.88649
5 101 3 12 55.477 54 3829 0.75707
5 101 5 14 14.8936 54 61.4007 2.82001
5 101 6 15 37.2278 54 40.0001 1.12819
5 102 1 10 35.1958 54 1792 1.19332
5 102 3 12 117.665 54 4948 0.356947
5 103 1 10 11.6701 54 2598 3.59894
5 103 3 12 94.3431 54 4751 0.445183
5 104 1 10 14.88 54 759 2.82258
5 104 3 12 40.8635 54 664 1.02781
5 105 1 10 4.96407 54 219 8.4608
5 105 3 12 41.965 54 1266 1.00083
5 106 1 10 45.3269 54 982 0.926603
5 106 3 12 113.365 54 3552 0.370486
5 107 1 10 29.0889 54 2359 1.44385
5 107 3 12 133.175 54 6106 0.315375
5 108 1 10 19.3033 54 39 2.1758
5 108 3 12 29.5117 54 2329 1.42316
5 109 1 10 79.1872 54 532 0.530389
5 109 3 12 57.0583 54 3491 0.736089
5 109 5 14 4.9362 54 87.9746 8.50856
5 109 6 15 14.301 54 180 2.93687
5 110 1 10 52.0352 54 132 0.807146
5 110 3 12 37.9985 54 3037 1.10531
5 110 6 15 24.4859 54 336.926 1.71527
5 110 7 17 6.34575e-08 54 1 6.6186e+08
5 111 1 10 22.9517 54 53 1.82993
5 111 3 12 42.0744 54 137 0.998232
5 112 1 10 0.312144 54 64 134.553
5 112 3 12 2.57877 54 128 16.2868
5 113 1 10 39.0922 54 674 1.07438
5 113 3 12 93.8981 54 2935 0.447293
5 114 1 10 21.7418 54 574 1.93177
5 114 3 12 155.033 54 3780 0.27091
5 114 5 14 17.4343 54 34 2.40905
5 115 1 10 28.7335 54 858 1.46171
5 115 3 12 42.3738 54 4460 0.991179
5 116 1 10 34.3901 54 468 1.22128
5 116 3 12 69.4928 54 3401 0.604379
5 117 1 10 36.3853 54 575 1.15431
5 117 3 12 34.8076 54 4648 1.20663
5 118 1 10 43.7953 54 302 0.959007
5 118 3 12 64.4274 54 6853 0.651896
5 119 1 10 16.085 54 505 2.61113
5 119 3 12 132.67 54 5094 0.316575
5 120 1 10 8.73777 54 438 4.80672
5 120 3 12 102.526 54 2824 0.409654
5 121 1 10 7.60829 54 340 5.5203
5 121 3 12 66.1135 54 3576 0.635271
5 122 1 10 10.568 54 268 3.97426
5 122 3 12 68.7265 54 5519 0.611118
5 123 1 10 14.853 54 256 2.82772
5 123 3 12 14.1891 54 2935 2.96003
5 124 1 10 31.7487 54 345 1.32289
5 124 3 12 37.1846 54 273 1.1295
5 125 1 10 28.8481 54 203 1.4559
5 125 3 12 11.6245 54 1210 3.61305
5 126 1 10 53.7429 54 419 0.781499
5 126 3 12 39.0917 54 2806 1.0744
5 126 5 14 26.495 54 163.608 1.58521
5 126 6 15 99.6008 54 937.36 0.421683
5 127 1 10 58.3105 54 182 0.720282
5 127 3 12 58.7903 54 2378 0.714403
5 127 6 15 78.9366 54 365 0.532073
5 128 1 10 25.5951 54 85 1.64094
5 128 3 12 70.8333 54 5386 0.592942
5 129 1 10 0.496523 54 105 84.5882
5 129 3 12 86.3527 54 2872 0.486378
5 130 1 10 9.46453 54 5 4.43762
5 130 3 12 99.275 54 905 0.423067
5 131 3 12 55.6265 54 1011 0.755036
5 131 5 14 39.4175 54 868.264 1.06552
5 132 1 10 9.17585 54 4 4.57723
5 132 3 12 21.1033 54 1148 1.99021
5 133 1 10 97.477 54 1890 0.430871
5 133 3 12 42.755 54 5602 0.982342
5 134 1 10 71.994 54 896 0.583382
5 134 3 12 79.8367 54 6326 0.526074
5 134 5 14 20.5047 54 320.219 2.04831
5 135 1 10 41.8451 54 1290 1.0037
5 135 3 12 163.309 54 7658 0.257181
5 136 1 10 42.2541 54 1324 0.993987
5 136 3 12 47.8447 54 3929 0.877841
5 136 5 14 40.2176 54 49.5678 1.04432
5 136 8 17 6.51426 54 3 6.44739
5 137 1 10 43.3985 54 1465 0.967776
5 137 3 12 142.267 54 3520 0.295221
5 137 5 14 25.2853 54 68.2079 1.66104
5 137 8 17 2.7657 54 1 15.186
5 138 1 10 77.0281 54 1128 0.545256
5 138 3 12 56.7076 54 6594 0.740642
5 138 5 14 19.3215 54 539.127 2.17375
5 138 6 15 10.8902 54 73.0001 3.8567
5 139 1 10 30.2847 54 1301 1.38684
5 139 3 12 142.539 54 9029 0.294656
5 140 1 10 114.238 54 1736 0.367654
5 140 3 12 68.7696 54 6788 0.610735
5 141 1 10 74.583 54 1326 0.563131
5 141 3 12 53.3997 54 5030 0.786522
5 142 1 10 19.8381 54 1041 2.11713
5 142 3 12 141.903 54 6059 0.295977
5 142 6 15 22.3145 54 30 1.88218
5 143 1 10 74.9728 54 988 0.560203
5 143 3 12 63.6698 54 6914 0.659654
5 144 1 10 114.087 54 1290 0.368141
5 144 3 12 44.4304 54 4145 0.945298
5 144 8 17 0.201042 54 1 208.911
5 145 1 10 57.5383 54 1322 0.729948
5 145 3 12 56.8332 54 4153 0.739005
5 145 8 17 2.64984 54 1 15.85
5 146 1 10 60.2041 54 890 0.697626
5 146 3 12 65.3293 54 6133 0.642897
5 147 1 10 28.1585 54 999 1.49156
5 147 3 12 75.5276 54 6221 0.556088
5 148 1 10 62.3117 54 1010 0.674031
5 148 3 12 59.1781 54 6611 0.709722
5 149 1 10 67.2895 54 2559 0.624168
5 149 3 12 36.0021 54 4645 1.1666
5 150 1 10 160.625 54 1636 0.261478
5 150 3 12 83.2007 54 5894 0.504804
5 151 1 10 65.1563 54 1911 0.644604
5 151 3 12 72.9188 54 1709 0.575983
5 152 1 10 57.2628 54 4312 0.73346
5 152 3 12 31.3502 54 3296 1.3397
5 153 1 10 23.0888 54 2421 1.81906
5 153 2 11 53.3255 54 975 0.787616
5 153 3 12 28.9739 54 2524 1.44958
5 153 4 13 27.1416 54 5606 1.54744
5 153 5 15 130.629 54 62.4888 0.321522
5 153 6 16 2.11197 54 3 19.8867
5 154 1 10 84.4563 54 2489 0.497299
5 154 2 11 62.5181 54 293 0.671806
5 154 3 12 21.0612 54 21104 1.99419
5 154 4 13 46.2323 54 1851 0.908456
5 154 5 14 36.9618 54 1053.48 1.13631
5 155 1 10 56.5716 54 3306 0.742422
5 155 3 12 46.6886 54 31032 0.899578
5 155 4 13 109.403 54 8295 0.3839
5 156 1 10 84.1706 54 3691 0.498986
5 156 2 11 92.4374 54 268 0.454361
5 156 3 12 63.6789 54 34152 0.659559
5 156 4 13 232.774 54 8919 0.180432
5 156 5 14 10.0882 54 85.652 4.16328
5 157 1 10 120.817 54 3345 0.347634
5 157 2 11 56.0077 54 2866 0.749897
5 157 3 12 83.8837 54 22897 0.500693
5 157 4 13 54.751 54 2502 0.767109
5 158 1 10 111.839 54 4866 0.375541
5 158 2 11 142.851 54 1545 0.294014
5 158 3 12 47.6026 54 37681 0.882304
5 158 4 13 72.3684 54 1621 0.580364
5 159 1 10 72.4644 54 3866 0.579595
5 159 2 11 80.0661 54 1582 0.524566
5 159 3 12 40.7609 54 32308 1.0304
5 159 4 13 25.2295 54 919 1.66472
5 159 7 16 95.539 54 2799 0.439611
5 160 1 10 56.5199 54 7075 0.743101
5 160 2 11 42.967 54 5331 0.977494
5 160 3 12 76.5355 54 20662 0.548765
5 160 4 13 33.0989 54 4080 1.26892
5 160 6 16 59.7888 54 4812 0.702473
5 161 1 10 52.4831 54 5141 0.800258
5 161 2 11 48.9123 54 1917 0.85868
5 161 3 12 53.3966 54 12789 0.786567
5 161 4 13 176.285 54 5219 0.238251
5 161 7 16 51.1685 54 6269 0.820818
5 161 8 17 9.44765 54 31 4.44555
5 162 1 10 104.514 54 6541 0.40186
5 162 2 11 36.6402 54 558 1.14628
5 162 3 12 40.4973 54 18112 1.03711
5 162 4 13 29.9357 54 186 1.40301
5 162 5 14 55.559 54 591.123 0.755953
5 162 7 16 181.98 54 9903 0.230795
5 162 8 17 2.4266 54 1 17.3082
5 163 1 10 44.1674 54 12605 0.950928
5 163 2 11 71.5428 54 957 0.587062
5 163 3 12 57.983 54 20045 0.72435
5 163 4 13 137.732 54 5901 0.304939
5 163 5 15 33.9147 54 154.059 1.2384
5 163 6 16 96.5293 54 10147 0.435101
5 164 1 10 33.3796 54 7879 1.25825
5 164 2 11 192.753 54 2298 0.217895
5 164 3 12 76.4395 54 35381 0.549454
5 164 4 13 138.728 54 1232 0.302751
5 164 5 14 15.0089 54 519.267 2.79833
5 164 7 16 215.482 54 10422 0.194912
5 165 1 10 19.5497 54 15651 2.14837
5 165 2 11 79.8098 54 2755 0.526251
5 165 3 12 47.3196 54 61525 0.887581
5 165 4 13 156.074 54 2961 0.269103
5 165 5 15 38.9556 54 39.9999 1.07815
5 165 6 16 179.101 54 9995 0.234505
5 166 1 10 36.7298 54 14364 1.14349
5 166 2 11 99.7874 54 1466 0.420895
5 166 3 12 55.574 54 76078 0.75575
5 166 4 13 158.858 54 4054 0.264388
5 166 5 14 30.555 54 1638.07 1.37457
5 166 6 15 65.8831 54 511 0.637493
5 166 7 16 131.203 54 11227 0.320115
5 166 8 17 14.4684 54 6 2.90288
5 167 1 10 31.9206 54 9812 1.31576
5 167 2 11 109.229 54 1039 0.384513
5 167 3 12 103.114 54 32022 0.407317
5 167 4 13 137.91 54 5964 0.304546
5 167 5 15 14.0188 54 139.238 2.99597
5 167 6 16 124.771 54 10684 0.336617
5 167 7 17 9.28159 54 13 4.52508
5 168 1 10 20.5423 54 11604 2.04457
5 168 2 11 64.4836 54 1254 0.651328
5 168 3 12 98.1074 54 93684 0.428102
5 168 4 13 59.0523 54 116 0.711234
5 168 5 16 74.6399 54 11233 0.562702
5 168 6 17 3.26551 54 2 12.8617
5 169 1 10 83.8402 54 2634 0.500953
5 169 2 11 18.9618 54 440 2.21498
5 169 3 12 107.816 54 135502 0.389553
5 169 4 13 86.4701 54 7276 0.485717
5 169 5 14 31.4453 54 1000 1.33565
5 169 6 15 1.28478 54 84.169 32.6905
5 169 7 16 153.273 54 9564 0.274021
5 170 1 10 110.913 54 8805 0.378675
5 170 2 11 20.4121 54 386 2.0576
5 170 3 12 53.7842 54 240907 0.780899
5 170 4 13 98.9273 54 5821 0.424554
5 170 5 14 73.195 54 2000 0.57381
5 170 6 15 63.9838 54 1797.25 0.656417
5 170 7 16 151.708 54 24913 0.276848
5 171 1 10 100.923 54 13650 0.416159
5 171 2 11 27.1025 54 392 1.54967
5 171 3 12 196.533 54 44365 0.213704
5 171 4 13 115.427 54 4294 0.363865
5 171 6 16 133.489 54 22787 0.314633
5 171 7 17 7.64101 54 2 5.49666
5 172 1 10 49.6967 54 10851 0.845127
5 172 2 11 13.3455 54 331 3.14713
5 172 3 12 245.095 54 106916 0.171362
5 172 4 13 116.302 54 5155 0.361129
5 172 6 16 135.066 54 14841 0.31096
5 173 1 10 39.5574 54 6151 1.06175
5 173 2 11 82.9588 54 427 0.506275
5 173 3 12 46.8209 54 131732 0.897035
5 173 4 13 45.6754 54 182 0.919532
5 173 7 17 7.41849 54 6 5.66153
5 174 1 10 157.779 54 6401 0.266196
5 174 2 11 42.8791 54 1373 0.979498
5 174 3 12 44.933 54 123184 0.934725
5 174 4 13 98.2457 54 283 0.4275
5 174 5 14 21.6588 54 1278 1.93917
5 174 8 17 29.9154 54 9 1.40396
5 175 1 10 91.6719 54 9603 0.458156
5 175 2 11 68.7404 54 3251 0.610994
5 175 3 12 194.38 54 33421 0.216072
5 175 4 13 102.843 54 877 0.408389
5 175 6 17 30.7304 54 27 1.36673
5 176 1 10 165.752 54 1080 0.25339
5 176 2 11 97.4584 54 837 0.430953
5 176 3 12 80.3318 54 58244 0.522832
5 176 4 13 14.386 54 88 2.91951
5 176 5 14 76.9234 54 1000 0.545998
5 176 7 17 7.64513 54 6 5.49369
5 177 1 10 87.1627 54 9584 0.481857
5 177 2 11 44.0009 54 365 0.954527
5 177 3 12 138.855 54 48012 0.302475
5 177 4 13 58.8027 54 2940 0.714252
5 177 6 16 136.701 54 25131 0.307241
5 178 1 10 157.818 54 9259 0.266129
5 178 2 11 23.9336 54 279 1.75485
5 178 3 12 166.765 54 43453 0.251851
5 178 4 13 15.4555 54 53 2.71748
5 178 5 14 56.9051 54 1387.52 0.738071
5 178 7 16 115.685 54 27087 0.363053
5 179 1 10 73.0887 54 9165 0.574644
5 179 2 11 49.671 54 709 0.845563
5 179 3 12 268.061 54 35704 0.156681
5 179 5 14 7.72044 54 139.708 5.4401
5 179 6 15 78.7726 54 507.621 0.53318
5 179 7 16 139.415 54 23577 0.301259
5 179 8 17 2.46982e-05 54 19 1.70053e+06
5 180 1 10 100.67 54 9522 0.417205
5 180 2 11 156.349 54 532 0.26863
5 180 3 12 318.625 54 64491 0.131816
5 180 4 13 22.3746 54 441 1.87713
5 180 5 14 78.3309 54 1000 0.536187
5 180 7 16 123.16 54 22120 0.341021
5 180 8 17 13.847 54 17 3.03314
5 181 1 10 217.594 54 8737 0.19302
5 181 2 11 38.8207 54 148 1.0819
5 181 3 12 389.08 54 46894 0.107947
5 181 4 13 122.373 54 3589 0.343213
5 181 5 14 86.5488 54 1276.68 0.485275
5 181 6 15 15.8708 54 501.948 2.64637
5 181 7 16 87.3866 54 22321 0.480623
5 181 8 17 23.0228 54 41 1.82428
5 182 1 10 187.715 54 8898 0.223743
5 182 2 11 38.8852 54 624 1.0801
5 182 3 12 529.401 54 49205 0.0793349
5 182 4 13 130.6 54 5669 0.321593
5 182 5 14 22.7561 54 611.789 1.84566
5 182 6 15 55.4391 54 1000 0.757587
5 182 7 16 103.906 54 23832 0.404211
5 182 8 17 7.05606 54 28 5.95233
5 183 1 10 115.44 54 14967 0.363827
5 183 2 11 167.948 54 577 0.250077
5 183 3 12 61.439 54 60411 0.683605
5 183 4 13 106.95 54 2636 0.392708
5 183 5 14 18.8035 54 275.066 2.23363
5 183 6 15 38.3613 54 1960 1.09485
5 183 7 16 91.5098 54 22259 0.458967
5 183 8 17 45.6484 54 26 0.920076
5 184 1 10 78.6476 54 13029 0.534028
5 184 2 11 58.7943 54 106 0.714355
5 184 3 12 102.354 54 139514 0.410341
5 184 4 13 52.4507 54 2612 0.800751
5 184 5 14 104.547 54 1630.28 0.401732
5 184 6 15 44.821 54 429.076 0.937062
5 184 7 16 86.9936 54 21839 0.482794
5 185 1 10 123.027 54 10956 0.341389
5 185 2 11 208.486 54 839 0.201452
5 185 3 12 321.51 54 56723 0.130634
5 185 4 13 127.198 54 1054 0.330193
5 185 5 14 96.7506 54 1000 0.434106
5 185 6 15 43.5142 54 219.988 0.965201
5 185 8 17 6.49861 54 4 6.46292
5 186 1 10 218.991 54 9401 0.191789
5 186 2 11 94.7671 54 389 0.443192
5 186 3 12 244.028 54 66287 0.172111
5 186 4 13 80.6361 54 2236 0.520859
5 186 5 14 75.4899 54 1468 0.556366
5 186 6 15 51.768 54 2529.33 0.811312
5 186 8 17 3.05631 54 2 13.742
5 187 1 10 156.332 54 17021 0.268659
5 187 2 11 213.97 54 467 0.196289
5 187 3 12 180.61 54 52164 0.232546
5 187 4 13 108.496 54 4321 0.387111
5 187 5 15 14.1313 54 105.702 2.97212
5 187 7 17 4.38259 54 1 9.58337
5 188 1 10 214.677 54 16407 0.195643
5 188 2 11 85.7944 54 290 0.489542
5 188 3 12 125.903 54 161620 0.33359
5 188 4 13 71.7921 54 2305 0.585023
5 188 5 14 89.4767 54 1080.52 0.469396
5 188 6 15 23.2471 54 388 1.80668
6 1 1 18 27.9156 54 4932 1.50454
6 1 2 21 2.8427 54 9 14.7747
6 2 1 18 24.7239 54 6171 1.69876
6 2 2 21 0.000640274 54 120 65596.9
6 3 1 18 45.5926 54 5603 0.921202
6 3 2 21 32.8963 54 162 1.27674
6 4 1 18 50.7 54 1828 0.828402
6 4 4 21 33.2587 54 362 1.26283
6 5 4 21 4.30184 54 4 9.76326
6 6 4 21 21.745 54 25 1.93148
6 7 2 21 53.8323 54 513 0.7802
6 8 1 18 34.7572 54 1628 1.20838
6 8 4 21 43.898 54 240 0.956763
6 9 1 18 20.7132 54 1513 2.02769
6 9 4 21 11.5186 54 24 3.64627
6 10 1 18 23.5632 54 2389 1.78244
6 10 2 21 14.4911 54 6 2.89834
6 11 1 18 21.7355 54 3614 1.93232
6 11 3 21 0.000648615 54 321 64753.4
6 12 1 18 18.0192 54 2312 2.33085
6 12 4 21 3.32372 54 262 12.6364
6 13 1 18 39.5842 54 2156 1.06103
6 13 4 21 8.67305 54 11 4.84259
6 14 1 18 19.8713 54 4554 2.1136
6 14 3 21 32.0652 54 92 1.30983
6 15 1 18 24.3756 54 7052 1.72303
6 15 3 21 14.9518 54 65 2.80903
6 16 1 18 57.518 54 1622 0.730206
6 16 4 21 11.2505 54 263 3.73316
6 17 1 18 58.6489 54 8039 0.716126
6 17 4 21 4.55627 54 34 9.21807
6 18 1 18 40.3808 54 11963 1.0401
6 19 1 18 21.0194 54 8039 1.99815
6 19 3 21 58.8699 54 106 0.713438
6 20 1 18 30.8053 54 7923 1.3634
6 20 4 21 47.0842 54 149 0.892018
6 21 1 18 27.0672 54 5727 1.55169
6 21 4 21 2.64929 54 2 15.8533
6 22 1 18 21.1407 54 18621 1.98669
6 23 1 18 23.4182 54 42920 1.79348
6 23 4 21 30.0263 54 84 1.39877
6 24 1 18 33.3704 54 11949 1.2586
6 24 4 21 48.7689 54 60 0.861205
6 25 1 18 46.9485 54 5651 0.894598
6 26 1 18 36.5458 54 13722 1.14924
6 26 4 21 16.1773 54 32 2.59622
6 27 1 18 94.0224 54 19311 0.446702
6 27 3 21 10.6291 54 4 3.95142
6 28 1 18 63.923 54 13526 0.65704
6 28 3 21 3.7892 54 17 11.0841
6 29 1 18 21.1333 54 2000 1.98738
6 30 1 18 34.3932 54 17499 1.22117
6 31 1 18 17.078 54 6000 2.45931
6 32 1 18 28.3997 54 6336 1.47889
6 33 1 18 21.9445 54 3998 1.91392
6 34 1 18 70.4923 54 8708 0.59581
6 35 1 18 81.1178 54 6000 0.517765
6 36 1 18 79.282 54 4002 0.529754
6 51 1 18 44.106 54 1321 0.952251
6 52 1 18 23.4604 54 1350 1.79025
6 53 1 18 18.3206 54 945 2.2925
6 54 1 18 30.0498 54 2841 1.39768
6 55 1 18 47.1887 54 3193 0.890044
6 56 1 18 42.7517 54 2011 0.982417
6 58 1 18 63.9884 54 1994 0.656369
6 59 1 18 74.6432 54 422 0.562677
6 61 1 18 76.2879 54 641 0.550546
6 62 1 18 98.8585 54 998 0.42485
6 63 1 18 51.538 54 182 0.814932
6 67 1 18 37.1762 54 608 1.12975
6 68 1 18 36.3983 54 188 1.1539
6 68 2 19 57.9982 54 687 0.72416
6 68 3 20 75.9324 54 833 0.553124
6 69 1 18 264.613 54 2401 0.158723
6 69 2 19 41.5243 54 2598 1.01146
6 69 3 20 127.014 54 1680 0.330672
6 70 1 18 109.88 54 755 0.382237
6 70 2 19 32.4919 54 3232 1.29263
6 70 3 20 47.7877 54 1204 0.878888
6 71 1 18 25.5424 54 5056 1.64432
6 71 3 20 38.4966 54 1795 1.09101
6 72 1 18 23.6569 54 596 1.77538
6 72 2 19 10.2852 54 408 4.08355
6 72 3 20 12.3434 54 2345 3.40262
6 73 1 18 88.9931 54 6884 0.471947
6 73 2 19 15.8156 54 244 2.65561
6 73 3 20 14.1941 54 187 2.95898
6 74 1 18 106.792 54 8659 0.393286
6 74 2 19 40.0523 54 457 1.04863
6 74 3 20 39.8364 54 1056 1.05431
6 75 1 18 63.4948 54 50 0.661472
6 75 2 19 11.8295 54 50 3.55044
6 76 1 18 57.3034 54 2101 0.73294
6 76 3 20 70.3918 54 635 0.59666
6 77 1 18 93.4652 54 9794 0.449365
6 77 2 19 74.4359 54 1534 0.564244
6 77 3 20 83.3817 54 2658 0.503707
6 78 1 18 8.9795 54 4485 4.67732
6 78 2 19 57.9773 54 1193 0.724422
6 78 3 20 45.0149 54 1484 0.933025
6 79 1 18 23.3125 54 2523 1.80161
6 80 1 18 47.3235 54 6925 0.887508
6 80 3 20 16.315 54 72 2.57432
6 81 1 18 70.0271 54 783 0.599768
6 81 2 19 24.747 54 271 1.69717
6 81 3 20 45.1939 54 226 0.929329
6 82 1 18 54.3709 54 2446 0.772472
6 83 1 18 15.5969 54 99 2.69285
6 84 1 18 43.3499 54 1173 0.968861
6 85 2 19 29.0265 54 451 1.44695
6 85 3 20 39.2639 54 152 1.06968
6 87 3 20 43.0899 54 99.9998 0.974707
6 88 2 19 33.0091 54 472.805 1.27238
6 88 3 20 15.4549 54 249.615 2.71758
6 89 2 19 62.0664 54 535.445 0.676695
6 89 3 20 82.624 54 166.957 0.508327
6 90 1 18 36.4638 54 38 1.15183
6 90 2 19 108.28 54 679.387 0.387883
6 91 1 18 48.86 54 927 0.859598
6 91 2 19 2.66043 54 66.3381 15.7869
6 92 1 18 64.1344 54 51 0.654875
6 93 1 18 29.4579 54 254 1.42576
6 93 2 19 21.648 54 620 1.94013
6 93 3 20 9.58387 54 406 4.38236
6 94 1 18 48.5384 54 850 0.865294
6 94 2 19 43.6043 54 2188.42 0.963207
6 94 3 20 32.2637 54 1074 1.30177
6 95 2 19 43.9119 54 1232 0.95646
6 95 3 20 1.32715 54 1211.82 31.6467
6 96 1 18 22.2012 54 1049 1.89179
6 96 2 19 17.243 54 485.282 2.43577
6 96 3 20 26.3008 54 1096.2 1.59691
6 96 4 21 12.4802 54 6 3.36534
6 97 2 19 17.9375 54 1787.28 2.34147
6 97 3 20 11.8515 54 524 3.54386
6 98 1 18 42.6119 54 3397 0.985641
6 98 2 19 32.0214 54 737.792 1.31162
6 98 3 20 20.9602 54 825.838 2.0038
6 98 4 21 8.40307 54 21 4.99817
6 99 2 19 40.7005 54 1047.07 1.03193
6 99 3 20 27.7686 54 37.7751 1.5125
6 100 1 18 11.8955 54 121 3.53076
6 100 2 19 27.6572 54 1351.26 1.51859
6 101 2 19 26.4323 54 1761.99 1.58896
6 101 3 20 21.8188 54 1603.07 1.92495
6 101 4 21 15.9982 54 5 2.62529
6 102 2 19 38.5187 54 616.063 1.09038
6 103 2 19 42.1784 54 579.289 0.995771
6 104 2 19 24.2354 54 583.834 1.733
6 104 3 20 10.9465 54 63.454 3.83684
6 104 4 21 5.49318 54 2 7.64584
6 105 2 19 46.6299 54 1073.68 0.90071
6 106 1 18 61.5999 54 1470 0.681819
6 106 2 19 69.5599 54 3198.44 0.603796
6 106 3 20 46.0228 54 962.696 0.912591
6 107 1 18 91.1817 54 14620 0.460619
6 107 2 19 64.2428 54 847.895 0.65377
6 108 1 18 41.3191 54 2238 1.01648
6 108 2 19 38.0913 54 322.241 1.10261
6 109 2 19 42.9989 54 790.034 0.976769
6 109 3 20 42.0649 54 508.258 0.998457
6 110 1 18 61.8842 54 13270 0.678687
6 110 2 19 32.458 54 1586.18 1.29398
6 110 3 20 22.7447 54 58.55 1.84658
6 111 2 19 32.835 54 1047.24 1.27912
6 111 3 20 16.4667 54 37.0275 2.5506
6 112 1 18 55.7606 54 3398 0.75322
6 112 2 19 7.00353 54 69.6155 5.99697
6 112 4 21 6.74031 54 2 6.23117
6 113 1 18 120.844 54 3384 0.347555
6 113 2 19 30.0026 54 2295.88 1.39988
6 113 3 20 33.0635 54 1323.83 1.27028
6 114 1 18 98.9378 54 3013 0.424509
6 114 2 19 49.9933 54 1826.58 0.840112
6 114 3 20 11.3498 54 1024.6 3.7005
6 114 4 21 24.906 54 29 1.68634
6 115 1 19 17.5525 54 105.274 2.39282
6 115 2 20 13.1524 54 327.704 3.19334
6 116 1 19 29.6803 54 122.88 1.41508
6 116 3 21 5.64641 54 2 7.43836
6 117 2 19 45.9258 54 944.658 0.914519
6 117 3 20 53.2786 54 380.999 0.788309
6 118 2 19 81.3675 54 995.299 0.516177
6 118 4 21 11.8952 54 7 3.53083
6 119 2 19 79.3476 54 2139.63 0.529316
6 119 4 21 5.51684 54 6 7.61305
6 120 2 19 112.526 54 2379.96 0.373248
6 120 3 20 92.0602 54 2951.55 0.456223
6 120 4 21 8.03659 54 6 5.2261
6 121 1 18 116.085 54 4368 0.361804
6 121 2 19 51.1521 54 3748.78 0.821081
6 121 3 20 27.3173 54 384.839 1.53749
6 121 4 21 5.60928 54 2 7.48759
6 122 1 18 63.1869 54 16024 0.664695
6 122 2 19 74.9364 54 3453.88 0.560475
6 122 3 20 24.9642 54 1141.42 1.68241
6 122 4 21 23.8252 54 9 1.76284
6 123 1 18 47.4226 54 7216 0.885654
6 123 2 19 71.2057 54 3000 0.58984
6 123 3 20 18.0496 54 630.412 2.32692
6 123 4 21 23.5478 54 16 1.78361
6 124 1 18 81.49 54 9210 0.515401
6 124 2 19 116.749 54 4437.27 0.359747
6 124 3 20 45.5697 54 605.348 0.921666
6 124 4 21 85.4401 54 30 0.491572
6 125 1 18 41.679 54 12042 1.0077
6 125 2 19 128.619 54 5283.51 0.326545
6 125 3 20 20.8349 54 2420.23 2.01585
6 125 4 21 1.49533 54 15 28.0874
6 126 1 18 93.2998 54 5489 0.450162
6 126 2 19 152.362 54 2788.3 0.27566
6 126 3 20 105.025 54 2152 0.399903
6 126 4 21 23.8773 54 13 1.75899
6 127 1 18 83.6111 54 20238 0.502326
6 127 2 19 25.6127 54 2174.77 1.63981
6 127 3 20 56.407 54 199.336 0.744588
6 127 4 21 78.9527 54 34 0.531964
6 128 2 19 32.7811 54 1651.18 1.28123
6 128 3 20 42.897 54 498.421 0.979091
6 128 4 21 7.26556e-05 54 54 578070
6 129 2 19 44.6384 54 4000 0.940895
6 129 3 20 15.077 54 675.047 2.78569
6 129 4 21 7.92548 54 3 5.29936
6 130 2 19 52.9917 54 3865.4 0.792578
6 130 3 20 4.87029 54 402.887 8.62371
6 130 4 21 22.4514 54 70 1.8707
6 131 2 19 82.7413 54 2947.03 0.507606
6 131 3 20 27.8672 54 819.233 1.50715
6 131 4 21 34.4617 54 43 1.21874
6 132 2 19 54.4779 54 4134.58 0.770954
6 132 3 20 32.0637 54 2486.48 1.30989
6 132 4 21 2.53477 54 6 16.5695
6 133 1 18 39.3282 54 784 1.06794
6 133 2 19 45.5152 54 3579.6 0.922769
6 133 3 20 47.4092 54 2168.15 0.885905
6 133 4 21 1.90661e-08 54 1 2.20286e+09
6 134 2 19 57.4563 54 4000 0.730991
6 134 3 20 42.2733 54 704.236 0.993536
6 134 4 21 3.76533 54 3 11.1544
6 135 2 19 105.989 54 3675.5 0.396266
6 135 3 20 56.9093 54 2143.76 0.738017
6 135 4 21 40.6444 54 105 1.03335
6 136 2 19 93.0019 54 4516.86 0.451604
6 136 3 20 23.338 54 2764.69 1.79964
6 136 4 21 28.5398 54 77 1.47163
6 137 2 19 42.47 54 4954.12 0.988933
6 137 3 20 19.5455 54 2340.49 2.14883
6 137 4 21 1.41958 54 9 29.5863
6 138 2 19 131.183 54 4827.01 0.320163
6 138 3 20 43.6915 54 2978.39 0.961285
6 138 4 21 1.84509e-05 54 233 2.27632e+06
6 139 1 18 39.9341 54 3107 1.05173
6 139 2 19 43.3211 54 3000 0.969505
6 139 3 20 33.9523 54 550.041 1.23703
6 139 4 21 14.0925 54 4 2.98032
6 140 2 19 74.3877 54 4128.69 0.56461
6 140 3 20 39.184 54 2629.92 1.07187
6 140 4 21 59.0368 54 71 0.711421
6 141 2 19 87.8959 54 4231.28 0.477838
6 141 3 20 76.6487 54 3839.53 0.547954
6 141 4 21 25.4536 54 45 1.65006
6 142 2 19 56.0361 54 3561.66 0.749517
6 142 3 20 78.2259 54 3205.2 0.536907
6 142 4 21 44.399 54 22 0.945968
6 143 2 19 60.6186 54 3637.14 0.692857
6 143 3 20 48.73 54 1043.96 0.861893
6 144 2 19 140.737 54 3262 0.29843
6 144 3 20 73.7545 54 2953.01 0.569457
6 144 4 21 3.4303 54 3 12.2438
6 145 2 19 93.8971 54 3488.12 0.447298
6 145 3 20 47.735 54 2716.3 0.879858
6 146 2 19 88.5315 54 4653.01 0.474407
6 146 3 20 95.02 54 3565.18 0.442012
6 146 4 21 9.3457e-05 54 89 449405
6 147 2 19 61.6642 54 3225.09 0.681108
6 147 3 20 11.0144 54 1001.38 3.81318
6 147 4 21 14.4546 54 10 2.90566
6 148 2 19 104.949 54 3999.04 0.400195
6 148 3 20 23.8957 54 3119.29 1.75764
6 148 4 21 15.5144 54 24 2.70717
6 149 2 19 48.6835 54 4967.21 0.862714
6 149 3 20 90.7828 54 2584.74 0.462643
6 149 4 21 15.4521 54 26 2.71807
6 150 1 19 61.9012 54 4732.4 0.6785
6 150 2 20 45.6774 54 3480.33 0.919491
6 151 1 19 33.1111 54 3000 1.26846
6 151 2 20 13.6432 54 1745.17 3.07845
6 151 3 21 13.2076 54 22 3.17998
6 152 1 19 66.2679 54 3761.93 0.633791
6 152 2 20 41.8529 54 2943.72 1.00351
6 152 3 21 19.2288 54 63 2.18422
6 153 1 19 83.864 54 5208.12 0.500811
6 153 2 20 81.3062 54 5732.16 0.516566
6 153 3 21 7.31281 54 7 5.74334
6 154 1 19 98.5612 54 4114.28 0.426131
6 154 2 20 83.9093 54 4180.52 0.50054
6 155 1 19 75.9903 54 2513.3 0.552702
6 155 2 20 133.248 54 3979.96 0.315201
6 155 3 21 16.3184 54 27 2.57378
6 156 1 19 228.09 54 5959.58 0.184138
6 156 2 20 265.719 54 5935.76 0.158062
6 156 3 21 12.1296 54 29 3.4626
6 157 2 19 307.167 54 5593.17 0.136734
6 157 3 20 246.925 54 5211.89 0.170092
6 157 4 21 32.4054 54 71 1.29608
6 158 2 19 100.031 54 5050.8 0.419871
6 158 3 20 87.6444 54 3447.67 0.479209
6 158 4 21 10.9467 54 22 3.83676
6 159 2 19 54.5896 54 3988.31 0.769377
6 159 3 20 67.3058 54 3788.58 0.624017
6 159 4 21 6.53961e-05 54 32 642240
6 160 2 19 290.755 54 6950.19 0.144452
6 160 3 20 177.352 54 6812.19 0.236817
6 160 4 21 9.19004 54 127 4.57017
6 161 2 19 84.2814 54 5346.6 0.498331
6 161 3 20 220.272 54 5294.54 0.190673
6 161 4 21 27.8215 54 16 1.50962
6 162 2 19 111.896 54 5000 0.37535
6 162 3 20 85.2543 54 3641.54 0.492644
6 162 4 21 0.00441703 54 249 9508.66
6 163 2 19 373.632 54 4125.7 0.11241
6 163 3 20 140.288 54 3039.44 0.299384
6 163 4 21 20.3857 54 74 2.06027
6 164 2 19 102.398 54 5858.86 0.410165
6 164 3 20 110.682 54 6910.93 0.379467
6 164 4 21 22.1833 54 48 1.89331
6 165 2 19 224.037 54 5897.44 0.187469
6 165 3 20 82.1034 54 6180.41 0.51155
6 165 4 21 28.4518 54 17 1.47618
6 166 2 19 123.45 54 5175.96 0.340219
6 166 3 20 177.058 54 5347.97 0.23721
6 166 4 21 42.8387 54 38 0.980422
6 167 2 19 137.191 54 3098.1 0.306143
6 167 3 20 137.026 54 4184.01 0.306511
6 167 4 21 21.4135 54 17 1.96138
6 168 2 19 149.843 54 6301.58 0.280294
6 168 3 20 116.647 54 6070.58 0.360061
6 168 4 21 17.884 54 24 2.34847
6 169 2 19 138.603 54 5502.62 0.303024
6 169 3 20 84.2955 54 4988.62 0.498248
6 169 4 21 6.2185 54 9 6.75404
6 170 1 19 158.359 54 4090.92 0.265219
6 170 2 20 64.9043 54 3892.31 0.647107
6 170 3 21 68.766 54 106 0.610767
6 171 2 19 126.139 54 4086.56 0.332965
6 171 3 20 94.1785 54 3406.5 0.445961
6 171 4 21 30.1983 54 23 1.39081
6 172 1 19 87.6886 54 5781.62 0.478968
6 172 2 20 70.1363 54 5715.14 0.598834
6 172 3 21 0.766597 54 6 54.7876
6 173 2 19 66.8277 54 4789.42 0.628482
6 173 3 20 104.52 54 4321.26 0.401837
6 173 4 21 4.25483 54 11 9.87114
6 174 1 19 79.512 54 3907.32 0.528222
6 174 2 20 54.51 54 2761.29 0.770502
6 174 3 21 24.6004 54 42 1.70729
6 175 1 19 44.8162 54 4080.87 0.937161
6 175 2 20 78.2997 54 2345.61 0.536401
6 175 3 21 25.9361 54 21 1.61937
6 176 2 19 39.5226 54 5326.48 1.06268
6 176 3 20 24.0996 54 3275.48 1.74277
6 176 4 21 37.1424 54 200 1.13078
6 177 2 19 51.3085 54 5323.72 0.818578
6 177 3 20 19.9585 54 4772.61 2.10437
6 177 4 21 34.6343 54 59 1.21267
6 178 2 19 59.0997 54 4460.91 0.710664
6 178 3 20 99.5989 54 6490 0.421692
6 178 4 21 22.4699 54 75 1.86917
6 179 2 19 123.929 54 3658.27 0.338903
6 179 3 20 87.2159 54 3701.89 0.481564
6 179 4 21 42.3956 54 83 0.99067
6 180 2 19 157.71 54 5475.84 0.266311
6 180 3 20 255.327 54 6069.82 0.164495
6 180 4 21 45.3993 54 162 0.925124
6 181 2 19 188.428 54 5102.25 0.222897
6 181 3 20 263.265 54 5343.1 0.159535
6 181 4 21 0.000133186 54 59 315349
6 182 2 19 134.146 54 5054.68 0.313092
6 182 3 20 135.433 54 4633.23 0.310116
6 182 4 21 53.2138 54 226 0.789269
6 183 2 19 98.6066 54 3424.97 0.425935
6 183 3 20 102.963 54 3157.2 0.407914
6 183 4 21 28.0558 54 415 1.49702
6 184 2 19 191.691 54 4458.81 0.219102
6 184 3 20 197.196 54 6044.87 0.212986
6 184 4 21 4.16971 54 14 10.0726
6 185 2 19 220.787 54 5101.91 0.190229
6 185 3 20 79.2279 54 5263.77 0.530117
6 185 4 21 0.263294 54 12 159.518
6 186 2 19 147.396 54 3412.66 0.284948
6 186 3 20 111.369 54 2824.51 0.377124
6 186 4 21 22.95 54 132 1.83006
6 187 2 19 171.278 54 1629.17 0.245216
6 187 3 20 169.659 54 2705.03 0.247555
6 187 4 21 12.2118 54 18 3.4393
6 188 2 19 88.9597 54 2372.39 0.472124
6 188 3 20 153.875 54 2733.06 0.272949
7 1 1 24 18.7943 54 1345 2.23473
7 1 3 27 56.1543 54 322 0.747939
7 2 1 24 6.90752 54 347 6.08033
7 2 2 27 36.0069 54 23 1.16644
7 3 2 27 1.2277 54 24 34.2102
7 4 1 24 14.4743 54 1968 2.9017
7 4 4 27 18.9748 54 80 2.21347
7 5 1 24 51.5547 54 1620 0.814668
7 5 4 27 7.94648 54 34 5.28536
7 6 1 24 21.9991 54 540 1.90917
7 6 4 27 49.0458 54 124 0.856342
7 7 1 24 18.1821 54 1045 2.30997
7 7 2 27 29.3589 54 326 1.43057
7 8 1 24 12.7628 54 2775 3.29081
7 8 4 27 77.1017 54 630 0.544735
7 9 1 24 37.5076 54 1358 1.11977
7 9 4 27 82.0958 54 207 0.511598
7 10 2 27 27.8235 54 66 1.50952
7 11 1 24 11.3053 54 360 3.71507
7 11 4 27 17.478 54 84 2.40303
7 12 1 24 10.2873 54 30 4.08272
7 12 4 27 14.6091 54 147 2.87492
7 13 1 24 13.6174 54 230 3.08428
7 13 4 27 17.5286 54 52 2.39608
7 14 4 27 13.9425 54 50 3.01238
7 15 1 24 11.3745 54 654 3.69246
7 15 4 27 8.30904 54 23 5.05474
7 16 1 24 16.8266 54 878 2.49605
7 16 4 27 17.6668 54 124 2.37735
7 17 1 24 47.1208 54 1424 0.891327
7 17 4 27 26.3006 54 45 1.59692
7 18 1 24 105.23 54 419 0.399127
7 18 3 27 23.5289 54 40 1.78504
7 19 1 24 49.8927 54 492 0.841807
7 19 4 27 21.9396 54 13 1.91434
7 20 4 27 17.8708 54 76 2.3502
7 21 1 24 26.9318 54 25 1.55949
7 21 4 27 12.1009 54 8 3.47083
7 22 4 27 7.80979 54 31 5.37787
7 23 4 27 15.2401 54 11 2.75588
7 24 1 24 14.472 54 3282 2.90216
7 24 4 27 2.78364 54 36 15.0882
7 25 1 24 19.4105 54 3138 2.16378
7 25 4 27 35.8069 54 18 1.17296
7 26 1 24 31.7334 54 612 1.32352
7 26 4 27 147.714 54 253 0.284334
7 27 1 24 19.5425 54 2025 2.14916
7 27 4 27 34.5747 54 83 1.21476
7 28 1 24 49.8631 54 4367 0.842305
7 28 4 27 31.9651 54 130 1.31393
7 29 1 24 42.5104 54 2511 0.987994
7 29 4 27 4.92528 54 7 8.52744
7 31 1 24 24.1411 54 626 1.73977
7 31 4 27 11.1174 54 26 3.77786
7 32 1 24 12.8045 54 3601 3.28009
7 32 4 27 20.7656 54 27 2.02257
7 33 1 24 81.6209 54 29 0.514574
7 33 4 27 12.9527 54 4 3.24257
7 34 1 24 72.6335 54 1352 0.578245
7 35 1 24 23.7068 54 3995 1.77164
7 35 4 27 19.7499 54 26 2.12659
7 36 1 24 11.4422 54 35 3.67062
7 36 4 27 24.5518 54 83 1.71067
7 37 1 24 3.23783 54 25 12.9716
7 39 4 27 12.5781 54 6 3.33914
7 44 1 24 11.71 54 27 3.58667
7 49 1 24 10.4475 54 23 4.02008
7 53 1 24 0.92437 54 55 45.4364
7 53 4 27 1.02953 54 1 40.7952
7 55 1 24 9.15304 54 25 4.58864
7 56 1 24 17.7957 54 695 2.36013
7 57 1 24 97.1962 54 492 0.432116
7 60 1 24 17.8997 54 205 2.34641
7 61 1 24 98.8742 54 717 0.424782
7 61 4 27 5.36276 54 2 7.8318
7 62 1 24 73.7034 54 289 0.569851
7 64 1 24 41.5388 54 190 1.0111
7 65 1 24 28.276 54 380 1.48536
7 66 1 24 63.8837 54 800 0.657445
7 66 2 25 24.4446 54 271 1.71817
7 66 3 26 51.3659 54 768 0.817664
7 67 1 24 86.0205 54 384 0.488256
7 67 2 25 60.7766 54 1560 0.691055
7 67 3 26 148.573 54 2480 0.282689
7 67 4 27 13.3713 54 15 3.14105
7 68 1 24 68.4979 54 1058 0.613157
7 68 2 25 36.9459 54 996 1.1368
7 68 3 26 139.452 54 2119 0.301178
7 68 4 27 17.7579 54 6 2.36515
7 69 1 24 132.607 54 1836 0.316726
7 69 2 25 23.432 54 994 1.79242
7 69 3 26 65.0752 54 357 0.645407
7 70 1 24 27.2291 54 175 1.54247
7 70 2 25 16.6285 54 896 2.52579
7 70 3 26 32.5514 54 1414 1.29027
7 71 3 26 21.2158 54 429 1.97966
7 72 2 25 27.1586 54 829 1.54647
7 72 3 26 16.1558 54 1567 2.59969
7 73 1 24 27.5763 54 202 1.52305
7 73 2 25 27.4205 54 2993 1.5317
7 73 3 26 18.4817 54 563 2.27252
7 74 1 24 44.6079 54 2088 0.941537
7 74 2 25 44.9921 54 1702 0.933497
7 74 3 26 38.6212 54 301 1.08749
7 75 1 24 30.3119 54 3096 1.38559
7 75 2 25 33.0892 54 493 1.2693
7 75 3 26 14.8242 54 72 2.83321
7 75 4 27 2.09026 54 1 20.0932
7 76 1 24 8.84034 54 6 4.75095
7 76 2 25 34.5289 54 648 1.21637
7 76 3 26 46.0312 54 1163 0.912425
7 77 1 24 26.6224 54 1297 1.57762
7 77 2 25 80.0482 54 894 0.524684
7 77 3 26 92.6876 54 3477 0.453135
7 78 1 24 56.4739 54 2500 0.743707
7 78 2 25 41.1628 54 449 1.02034
7 78 3 26 46.8145 54 1040 0.897159
7 79 1 24 91.9855 54 5257 0.456594
7 79 2 25 16.6111 54 1012 2.52844
7 79 3 26 76.1853 54 897 0.551287
7 79 4 27 3.59789 54 1 11.6735
7 80 1 24 42.275 54 243 0.993495
7 80 2 25 8.41251 54 825 4.99256
7 80 3 26 15.6282 54 897 2.68745
7 80 4 27 16.296 54 4 2.57733
7 81 1 24 78.9242 54 551 0.532156
7 81 2 25 6.66117 54 292 6.3052
7 81 3 26 27.5368 54 769 1.52523
7 82 1 24 23.7526 54 75 1.76823
7 82 4 27 2.26978 54 1 18.504
7 83 1 24 19.9979 54 1962 2.10022
7 83 2 25 65.4906 54 2307 0.641313
7 83 3 26 33.6972 54 2044 1.2464
7 83 4 27 9.22316 54 3 4.55375
7 84 1 24 84.3377 54 799 0.497998
7 84 2 25 28.1704 54 2077 1.49092
7 84 3 26 29.5532 54 1719 1.42117
7 85 1 24 62.9319 54 311 0.667388
7 85 2 25 26.0828 54 708.479 1.61026
7 85 3 26 87.1598 54 745 0.481874
7 86 2 25 22.3154 54 1003.85 1.8821
7 86 3 26 30.2204 54 583.442 1.38979
7 86 4 27 15.535 54 10 2.70358
7 87 2 25 21.0642 54 255.604 1.9939
7 87 3 26 60.7491 54 438.24 0.691368
7 87 4 27 4.2224 54 2 9.94694
7 88 1 24 4.72436 54 110 8.89009
7 88 2 25 62.1359 54 991.627 0.675937
7 88 3 26 68.1916 54 926.974 0.615911
7 89 1 24 16.701 54 75 2.51482
7 89 2 25 111.241 54 5108.62 0.377559
7 89 3 26 73.9447 54 497 0.567992
7 89 4 27 1.26928 54 1 33.0895
7 90 2 25 115.078 54 1495 0.36497
7 90 3 26 116.577 54 329.295 0.360276
7 90 4 27 32.5536 54 12 1.29018
7 91 1 24 31.0381 54 442 1.35318
7 91 2 25 11.3807 54 1138.65 3.69047
7 91 3 26 116.374 54 954.628 0.360906
7 91 4 27 64.2374 54 34 0.653825
7 92 1 24 18.4875 54 159 2.27181
7 92 2 25 12.3455 54 2336.89 3.40205
7 92 3 26 21.1282 54 519.123 1.98786
7 92 4 27 9.16378 54 4 4.58326
7 93 1 24 96.0104 54 171 0.437453
7 93 2 25 57.9384 54 1130.4 0.724908
7 93 3 26 0.326729 54 2065.77 128.547
7 94 1 24 190.536 54 101 0.220431
7 94 2 25 60.4924 54 2998.07 0.694302
7 94 3 26 107.851 54 2316.56 0.389425
7 94 4 27 36.1215 54 31 1.16274
7 95 2 25 34.7611 54 1149.92 1.20825
7 95 3 26 54.1528 54 2433 0.775583
7 95 4 27 31.8828 54 36 1.31732
7 96 1 24 8.75476 54 20 4.79739
7 96 2 25 21.4117 54 864.706 1.96155
7 96 3 26 32.0887 54 4132 1.30887
7 96 4 27 31.68 54 50 1.32576
7 97 1 24 23.1914 54 60 1.81102
7 97 2 25 53.0135 54 5218.62 0.792251
7 97 3 26 56.2619 54 3934.93 0.746509
7 97 4 27 1.55118 54 1 27.0762
7 98 1 24 124.733 54 221 0.336718
7 98 2 25 48.2638 54 1769.31 0.870218
7 98 3 26 43.765 54 1757 0.959671
7 98 4 27 8.00319 54 5 5.2479
7 99 2 25 74.0653 54 2663.19 0.567067
7 99 3 26 41.4037 54 2340.91 1.0144
7 99 4 27 18.342 54 33 2.28983
7 100 1 24 3.12224 54 20 13.4519
7 100 2 25 54.4451 54 2601.75 0.77142
7 100 3 26 58.2948 54 1157.84 0.720475
7 100 4 27 47.9571 54 93 0.875783
7 101 1 24 41.0051 54 127 1.02426
7 101 2 25 120.303 54 3089.87 0.349117
7 101 3 26 58.1176 54 856.097 0.722673
7 101 4 27 17.7751 54 72 2.36286
7 102 2 25 57.8217 54 859.005 0.726371
7 102 3 26 18.5102 54 307.323 2.26902
7 102 4 27 23.1156 54 33 1.81695
7 103 2 25 47.1148 54 319.048 0.89144
7 103 4 27 26.6899 54 18 1.57363
7 104 1 24 23.0842 54 171 1.81943
7 104 2 25 35.4571 54 1388.94 1.18453
7 104 3 26 30.217 54 32.9999 1.38995
7 104 4 27 0.954658 54 4 43.9948
7 105 2 25 50.2427 54 3564.06 0.835942
7 105 3 26 84.4726 54 1133.86 0.497202
7 105 4 27 0.0414175 54 5 1014.06
7 106 2 25 97.6126 54 4105.76 0.430272
7 106 3 26 57.7243 54 3370.62 0.727596
7 106 4 27 3.43119e-05 54 50 1.22407e+06
7 107 2 25 105.61 54 1510.7 0.397688
7 107 3 26 109.084 54 972.648 0.385023
7 107 4 27 18.3064 54 20 2.29429
7 108 1 24 10.4169 54 25 4.0319
7 108 2 25 103.341 54 2756.1 0.406421
7 108 3 26 76.8192 54 1883.87 0.546738
7 108 4 27 1.31238 54 4 32.0029
7 109 1 24 19.5988 54 1485 2.14299
7 109 2 25 59.6425 54 2861.61 0.704196
7 109 3 26 182.628 54 1320.81 0.229976
7 109 4 27 1.45846 54 2 28.7975
7 110 2 25 54.0938 54 3051.41 0.776429
7 110 3 26 2.40645 54 471.208 17.4531
7 110 4 27 12.9381 54 18 3.24623
7 111 2 25 27.376 54 3757.86 1.53419
7 111 3 26 25.3832 54 1777.25 1.65464
7 111 4 27 12.654 54 5 3.31911
7 112 1 24 41.3981 54 207 1.01454
7 112 2 25 42.9989 54 1158.59 0.97677
7 112 3 26 3.14823 54 2050.63 13.3408
7 112 4 27 21.5139 54 11 1.95222
7 113 1 24 19.2551 54 2134 2.18124
7 113 2 25 118.833 54 3655.57 0.353438
7 113 3 26 73.9779 54 1898.43 0.567737
7 113 4 27 10.2817 54 6 4.08495
7 114 1 24 20.1319 54 40 2.08624
7 114 2 25 97.1239 54 4208.85 0.432437
7 114 3 26 45.0353 54 1677 0.932602
7 114 4 27 12.2661 54 4 3.42407
7 115 1 25 54.9185 54 1689.01 0.76477
7 115 2 26 68.2949 54 637.029 0.61498
7 115 3 27 34.3007 54 53 1.22447
7 116 2 25 64.9048 54 1798.13 0.647102
7 116 3 26 73.0918 54 1261.62 0.57462
7 116 4 27 24.855 54 12 1.6898
7 117 2 25 103.473 54 2890.21 0.405901
7 117 3 26 145.19 54 2566.56 0.289277
7 117 4 27 23.8508 54 19 1.76095
7 118 2 25 104.181 54 3547.26 0.403146
7 118 3 26 132.778 54 3016.77 0.316316
7 119 1 25 45.3548 54 1380.11 0.926033
7 119 2 26 80.0747 54 816.63 0.524511
7 119 3 27 24.8503 54 46 1.69012
7 120 2 25 24.9114 54 1484.91 1.68598
7 120 3 26 80.6786 54 555.694 0.520584
7 120 4 27 44.6821 54 36 0.939973
7 121 1 24 7.93544 54 380 5.29271
7 121 2 25 159.735 54 3420.93 0.262936
7 121 3 26 81.6201 54 1572.81 0.514579
7 121 4 27 61.9277 54 33 0.678211
7 122 1 24 7.36691 54 6 5.70117
7 122 2 25 74.7429 54 1507.87 0.561926
7 122 3 26 42.0217 54 1271.79 0.999484
7 122 4 27 0.347257 54 26 120.948
7 123 2 25 71.387 54 2923.99 0.588343
7 123 3 26 47.2632 54 568.736 0.88864
7 123 4 27 61.1915 54 53 0.686369
7 124 2 25 278.131 54 1603.97 0.151008
7 124 3 26 233.274 54 2764.12 0.180046
7 124 4 27 11.2369 54 52 3.73768
7 125 1 24 75.0892 54 2518 0.559335
7 125 2 25 172.455 54 3374.75 0.243542
7 125 3 26 214.383 54 3329.01 0.195911
7 125 4 27 5.67282e-05 54 290 740373
7 126 1 24 43.4865 54 3466 0.965817
7 126 2 25 91.996 54 1882.13 0.456541
7 126 3 26 94.3666 54 2313.82 0.445073
7 126 4 27 116.542 54 73 0.360385
7 127 2 25 29.5323 54 2302.67 1.42217
7 127 3 26 49.095 54 2274.82 0.855483
7 127 4 27 2.96595 54 6 14.1607
7 128 2 25 46.7417 54 1389.78 0.898555
7 128 3 26 36.3469 54 532.657 1.15553
7 128 4 27 4.4045 54 40 9.5357
7 129 1 24 39.6008 54 97 1.06059
7 129 2 25 36.8529 54 2737.52 1.13967
7 129 3 26 50.745 54 1751.46 0.827668
7 129 4 27 16.3256 54 44 2.57265
7 130 2 25 53.1174 54 3842.75 0.790702
7 130 3 26 40.1862 54 4056.05 1.04513
7 130 4 27 40.3872 54 80 1.03993
7 131 2 25 145.543 54 4673 0.288575
7 131 3 26 94.7073 54 2021 0.443472
7 131 4 27 0.00270016 54 198 15554.6
7 132 2 25 202.146 54 6544.27 0.20777
7 132 3 26 147.309 54 2697.59 0.285115
7 132 4 27 58.1235 54 37 0.722599
7 133 1 24 72.887 54 1263 0.576235
7 133 2 25 91.9683 54 3162.58 0.456679
7 133 3 26 155.253 54 4051.43 0.270526
7 133 4 27 33.2795 54 59 1.26204
7 134 2 25 118.62 54 4969.41 0.354071
7 134 3 26 119.828 54 4078.81 0.350502
7 134 4 27 0.0359433 54 870 1168.51
7 135 2 25 92.3459 54 3827.76 0.454812
7 135 3 26 70.489 54 3762.76 0.595837
7 135 4 27 69.168 54 83 0.607217
7 136 2 25 141.557 54 5107.1 0.296701
7 136 3 26 93.1071 54 1569.72 0.451094
7 136 4 27 48.2216 54 77 0.870979
7 137 2 25 57.0689 54 5907.93 0.735952
7 137 3 26 60.9857 54 2378.36 0.688686
7 137 4 27 80.5882 54 73 0.521168
7 138 2 25 129.625 54 6697.24 0.324011
7 138 3 26 109.124 54 4520.66 0.384882
7 138 4 27 0.000172606 54 108 243328
7 139 2 25 65.7625 54 2305.87 0.638662
7 139 3 26 64.5907 54 1398.61 0.650249
7 139 4 27 0.00811639 54 525 5174.71
7 140 1 24 3.89362 54 239 10.7869
7 140 2 25 107.892 54 5389.2 0.389279
7 140 3 26 46.0602 54 2125.14 0.911849
7 140 4 27 91.0673 54 169 0.461198
7 141 2 25 105.049 54 9052.2 0.399813
7 141 3 26 43.2638 54 3550.04 0.970788
7 141 4 27 23.0107 54 183 1.82524
7 142 2 25 87.1571 54 7702.18 0.481888
7 142 3 26 64.8325 54 4862.3 0.647824
7 142 4 27 0.000244109 54 49 172054
7 143 2 25 51.0029 54 3795.72 0.823483
7 143 3 26 76.4406 54 4844.64 0.549446
7 143 4 27 53.0951 54 88 0.791033
7 144 2 25 173.064 54 8442.57 0.242685
7 144 3 26 244.904 54 5727.26 0.171496
7 144 4 27 62.5889 54 67 0.671046
7 145 2 25 152.607 54 9102.91 0.275217
7 145 3 26 158.718 54 4000.84 0.264621
7 145 4 27 62.7395 54 43 0.669435
7 146 2 25 94.616 54 6620.91 0.4439
7 146 3 26 64.0779 54 3706.81 0.655452
7 146 4 27 7.99301 54 140 5.25459
7 147 2 25 90.3145 54 6599.04 0.465041
7 147 3 26 34.9958 54 3656.77 1.20014
7 147 4 27 10.3145 54 343 4.07194
7 148 2 25 101.435 54 5961.81 0.414057
7 148 3 26 52.4271 54 2208.36 0.801113
7 148 4 27 59.6575 54 172 0.704019
7 149 2 25 86.2247 54 5444.18 0.4871
7 149 3 26 109.058 54 3733.77 0.385116
7 149 4 27 0.000928902 54 273 45214.7
7 150 2 25 96.6963 54 8675.98 0.43435
7 150 3 26 68.5812 54 7005.29 0.612413
7 150 4 27 21.31 54 176 1.9709
7 151 2 25 129.287 54 5833.38 0.324859
7 151 3 26 138.139 54 5552.48 0.304041
7 151 4 27 8.13769 54 206 5.16117
7 152 2 25 149.754 54 6578.46 0.28046
7 152 3 26 53.8589 54 1478.57 0.779816
7 152 4 27 0.450053 54 24 93.3224
7 153 2 25 64.9783 54 9791.04 0.646369
7 153 3 26 112.252 54 8227.69 0.374159
7 153 4 27 23.9348 54 69 1.75476
7 154 2 25 35.1445 54 11676.3 1.19507
7 154 3 26 75.3625 54 12449.9 0.557306
7 154 4 27 33.3385 54 18 1.2598
7 155 1 25 12.0989 54 3103.43 3.47139
7 155 2 26 46.7366 54 10147.5 0.898654
7 155 3 27 16.9077 54 122 2.48408
7 156 2 25 97.9143 54 14011.2 0.428946
7 156 3 26 67.342 54 8600.41 0.623682
7 156 4 27 6.61587 54 20 6.34837
7 157 2 25 169.665 54 13918.5 0.247547
7 157 3 26 179.313 54 7651.18 0.234227
7 157 4 27 6.60648 54 5 6.3574
7 158 2 25 83.0193 54 13576.9 0.505907
7 158 3 26 50.3777 54 7490.41 0.833703
7 158 4 27 3.19605 54 10 13.1412
7 159 2 25 24.2373 54 5298.67 1.73287
7 159 3 26 68.1943 54 9867.98 0.615888
7 160 2 25 61.1334 54 12636.1 0.687022
7 160 3 26 50.1534 54 7162.9 0.837431
7 160 4 27 0.00869708 54 393 4829.21
7 161 2 25 349.263 54 10949.2 0.120253
7 161 3 26 134.907 54 7971.38 0.311326
7 161 4 27 32.9347 54 37 1.27525
7 162 2 25 125.539 54 17265 0.334558
7 162 3 26 57.8228 54 9993.42 0.726357
7 162 4 27 0.00391171 54 193 10737
7 163 1 25 50.5924 54 6965.7 0.830165
7 163 2 26 120.042 54 5138.19 0.349878
7 163 3 27 0.00469191 54 308 8951.57
7 164 2 25 143.236 54 12145.3 0.293223
7 164 3 26 79.5418 54 7861.46 0.528024
7 164 4 27 3.74595 54 81 11.2121
7 165 2 25 276.935 54 11790 0.15166
7 165 3 26 73.8245 54 11336.1 0.568917
7 165 4 27 71.7616 54 93 0.585272
7 166 2 25 137.683 54 13063.8 0.305048
7 166 3 26 56.9506 54 13092.2 0.737481
7 166 4 27 0.00873091 54 576 4810.49
7 167 2 25 92.5096 54 5407.31 0.454007
7 167 3 26 219.127 54 10068.9 0.19167
7 167 4 27 69.0368 54 25 0.608371
7 168 2 25 124.574 54 10500 0.337148
7 168 3 26 230.27 54 9811.34 0.182395
7 168 4 27 0.0162069 54 376 2591.48
7 169 2 25 201.789 54 11913.1 0.208139
7 169 3 26 88.8282 54 9061.35 0.472823
7 169 4 27 12.9321 54 278 3.24774
7 170 2 25 218.091 54 11921.7 0.19258
7 170 3 26 159.176 54 10182.9 0.263858
7 170 4 27 0.0052551 54 468 7992.24
7 171 2 25 66.0349 54 5593.99 0.636027
7 171 3 26 173.95 54 9733.32 0.241449
7 171 4 27 44.2622 54 298 0.948891
7 172 2 25 249.3 54 9859.74 0.168472
7 172 3 26 168.457 54 7247.14 0.249322
7 172 4 27 0.00139597 54 152 30086.5
7 173 2 25 171.656 54 11593.6 0.244676
7 173 3 26 62.2872 54 9966.52 0.674296
7 173 4 27 41.5497 54 55 1.01084
7 174 2 25 163.343 54 9355.71 0.257128
7 174 3 26 196.948 54 9327.86 0.213254
7 174 4 27 50.7184 54 131 0.828102
7 175 1 25 74.3112 54 1355.31 0.565191
7 175 2 26 45.3894 54 8211.84 0.925326
7 175 3 27 19.4777 54 75 2.15631
7 176 2 25 65.0017 54 9262 0.646137
7 176 3 26 281.491 54 10714.3 0.149205
7 176 4 27 39.8035 54 149 1.05518
7 177 2 25 48.4391 54 10649.2 0.867067
7 177 3 26 127.596 54 12268.5 0.329163
7 177 4 27 20.1307 54 18 2.08637
7 178 2 25 88.5844 54 15459.7 0.474124
7 178 3 26 97.6229 54 16272.8 0.430227
7 178 4 27 2.50682 54 2 16.7543
7 179 2 25 56.6357 54 3866.55 0.741582
7 179 3 26 78.5311 54 10166 0.53482
7 179 4 27 74.6545 54 138 0.562592
7 180 2 25 191.725 54 12704.7 0.219064
7 180 3 26 122.461 54 13658.2 0.342967
7 180 4 27 47.1046 54 81 0.891633
7 181 2 25 164.338 54 13424.5 0.255571
7 181 3 26 107.527 54 15552.3 0.390599
7 181 4 27 4.51081 54 2 9.31096
7 182 1 25 53.2431 54 15156.1 0.788834
7 182 2 26 37.7357 54 10432.4 1.113
7 182 3 27 39.8293 54 66 1.0545
7 183 1 25 105.424 54 3755.43 0.398391
7 183 2 26 56.4299 54 10780.4 0.744286
7 183 3 27 31.2615 54 297 1.3435
7 184 2 25 176.999 54 11873.6 0.23729
7 184 3 26 151.858 54 7919.02 0.276574
7 184 4 27 0.000169684 54 126 247519
7 185 2 25 186.223 54 13192.4 0.225537
7 185 3 26 120.831 54 13219.4 0.347594
7 185 4 27 0.000493365 54 88 85129.7
7 186 2 25 126.783 54 12341.9 0.331276
7 186 3 26 68.6857 54 11408.3 0.611481
7 186 4 27 57.8289 54 197 0.726281
7 187 1 25 60.5249 54 3131.97 0.693929
7 187 2 26 57.381 54 10577.6 0.73195
7 187 3 27 6.94605 54 81 6.0466
7 188 2 25 151.94 54 9478.26 0.276425
7 188 3 26 138.352 54 4923.4 0.303574
7 188 4 27 3.11549 54 61 13.481
8 1 2 31 11.3857 54 398 3.68883
8 2 2 31 31.5931 54 1517 1.32941
8 3 2 31 0.00947635 54 996 4432.09
8 4 2 31 58.6448 54 125 0.716176
8 5 2 31 0.00130784 54 335 32114.1
8 6 1 31 64.6864 54 694 0.649286
8 7 2 31 0.00809331 54 900 5189.47
8 8 2 31 40.7957 54 485 1.02952
8 9 2 31 48.05 54 210 0.874089
8 10 1 28 56.9402 54 180 0.737616
8 10 2 31 65.3813 54 1173 0.642385
8 11 2 31 45.2765 54 801 0.927634
8 12 2 31 31.5141 54 77 1.33273
8 13 2 31 15.4271 54 7 2.72248
8 14 2 31 10.703 54 103 3.92413
8 15 1 28 24.0918 54 284 1.74333
8 15 2 31 32.8799 54 78 1.27738
8 17 1 28 34.5649 54 310 1.21511
8 17 2 31 61.0244 54 154 0.68825
8 18 4 31 47.9745 54 319 0.875464
8 19 2 31 39.2924 54 758 1.06891
8 20 2 31 90.8056 54 131 0.462527
8 21 1 28 11.065 54 30 3.79576
8 21 2 31 24.5763 54 193 1.70896
8 22 2 31 51.4143 54 127 0.816893
8 23 2 31 90.8062 54 261 0.462523
8 24 1 28 9.42813 54 3 4.45475
8 24 2 31 61.849 54 878 0.679073
8 25 1 28 27.8822 54 4714 1.50634
8 25 2 31 167.996 54 1386 0.250006
8 26 1 28 31.5599 54 24364 1.3308
8 26 2 31 49.5275 54 85 0.848014
8 27 1 28 22.7063 54 7520 1.8497
8 27 3 31 4.24848 54 66 9.8859
8 28 1 28 24.7444 54 2236 1.69736
8 28 2 31 41.5226 54 316 1.0115
8 29 1 28 25.7086 54 2885 1.6337
8 29 2 31 48.3153 54 288 0.86929
8 30 2 31 69.438 54 192 0.604857
8 31 1 28 47.2017 54 1007 0.889798
8 31 2 31 41.2111 54 287 1.01914
8 32 1 28 34.9884 54 1173 1.2004
8 32 2 31 68.9275 54 590 0.609336
8 33 1 28 45.569 54 1761 0.92168
8 33 2 31 75.0776 54 193 0.559421
8 34 1 28 49.5255 54 15382 0.848048
8 35 1 28 7.72251 54 356 5.43865
8 35 2 31 43.1937 54 83 0.972363
8 36 1 28 1.16738 54 56 35.9781
8 36 2 31 35.2525 54 296 1.1914
8 37 2 31 17.7929 54 71 2.3605
8 39 3 31 19.9303 54 103 2.10734
8 40 1 28 40.2298 54 205 1.044
8 40 4 31 26.3621 54 284 1.59319
8 41 1 28 12.2636 54 8 3.42477
8 41 4 31 21.6571 54 168 1.93932
8 42 4 31 18.5756 54 22 2.26103
8 43 4 31 29.1643 54 84 1.44012
8 44 1 28 24.1867 54 40 1.73649
8 44 4 31 28.8836 54 524 1.45411
8 45 1 28 5.47269 54 46 7.67446
8 45 4 31 60.3626 54 240 0.695795
8 46 4 31 5.67645 54 11 7.39898
8 47 4 31 21.9599 54 40 1.91258
8 48 1 28 51.4304 54 47 0.816638
8 48 4 31 55.5127 54 979 0.756583
8 49 1 28 2.8888 54 51 14.5389
8 49 4 31 37.6462 54 1037 1.11565
8 50 4 31 18.9885 54 5 2.21187
8 51 4 31 24.7796 54 33 1.69494
8 52 1 28 21.8465 54 34 1.92251
8 52 4 31 47.0409 54 181 0.89284
8 53 4 31 53.6079 54 168 0.783467
8 54 4 31 34.0092 54 23 1.23496
8 55 4 31 37.3299 54 110 1.1251
8 56 1 28 9.9788 54 205 4.20892
8 56 4 31 95.6775 54 104 0.438975
8 57 4 31 84.9646 54 968 0.494324
8 58 4 31 4.07757 54 5 10.3002
8 59 4 31 76.3212 54 152 0.550306
8 60 1 28 44.5259 54 476 0.943272
8 60 4 31 61.8841 54 158 0.678688
8 61 1 28 30.5171 54 141 1.37628
8 61 4 31 55.0256 54 73 0.763281
8 62 1 28 14.6529 54 137 2.86634
8 62 4 31 82.9525 54 53 0.506314
8 63 4 31 11.9013 54 15 3.52903
8 64 4 31 34.4457 54 21 1.21931
8 65 4 31 46.1548 54 215 0.909981
8 66 1 28 19.1908 54 371 2.18854
8 66 2 29 33.2481 54 324 1.26323
8 66 3 30 27.5855 54 186 1.52254
8 67 4 31 24.0356 54 37 1.74741
8 68 1 28 9.13018 54 157 4.60013
8 68 4 31 35.0246 54 143 1.19916
8 69 4 31 31.1781 54 351 1.3471
8 70 4 31 17.907 54 16 2.34545
8 71 4 31 26.8964 54 25 1.56155
8 72 1 28 28.5597 54 137 1.4706
8 72 2 29 6.52226 54 241 6.43949
8 72 3 30 16.6262 54 150 2.52613
8 72 4 31 43.8964 54 183 0.956798
8 73 2 29 36.6296 54 1796 1.14661
8 73 3 30 53.5364 54 1849 0.784513
8 73 4 31 28.2734 54 24 1.4855
8 74 2 29 36.2013 54 168 1.16018
8 74 3 30 56.0976 54 1652 0.748695
8 74 4 31 25.4421 54 19 1.65081
8 75 2 29 41.1242 54 1943 1.0213
8 75 3 30 45.1982 54 5116 0.92924
8 75 4 31 10.4102 54 5 4.03449
8 76 1 28 91.3219 54 921 0.459911
8 76 2 29 42.9645 54 1096 0.977552
8 76 3 30 130.154 54 6260 0.322694
8 76 4 31 134.424 54 137 0.312445
8 77 1 28 19.2587 54 8 2.18084
8 77 3 30 36.3927 54 82.5 1.15408
8 77 4 31 70.3002 54 793 0.597438
8 78 2 29 16.4255 54 50 2.557
8 78 3 30 55.4863 54 2631 0.756944
8 79 1 28 31.715 54 9065 1.32429
8 79 2 29 30.1901 54 86 1.39118
8 79 3 30 50.0395 54 4541 0.839337
8 79 4 31 25.6208 54 26 1.63929
8 80 1 28 31.6442 54 346 1.32726
8 80 2 29 33.9115 54 629 1.23852
8 80 3 30 39.9628 54 3988 1.05098
8 80 4 31 82.9806 54 127 0.506142
8 81 1 28 16.2969 54 3535 2.57718
8 81 2 29 46.879 54 3240 0.895924
8 81 3 30 43.559 54 2855 0.964208
8 81 4 31 15.2021 54 19 2.76278
8 82 1 28 14.4641 54 2879 2.90374
8 82 2 29 41.2619 54 2631 1.01789
8 82 3 30 29.2087 54 3579 1.43793
8 82 4 31 9.75951 54 9 4.30349
8 83 1 28 12.0009 54 655 3.49974
8 83 2 29 52.1092 54 1114 0.805999
8 83 3 30 34.9187 54 1269 1.20279
8 83 4 31 1.57591e-06 54 15 2.66512e+07
8 84 1 28 17.8423 54 100 2.35396
8 84 2 29 29.8482 54 1250 1.40712
8 84 3 30 43.1807 54 900 0.972657
8 84 4 31 21.4259 54 111 1.96025
8 85 2 29 26.4095 54 3006 1.59034
8 85 3 30 34.6306 54 1366 1.2128
8 85 4 31 24.0126 54 71 1.74908
8 86 2 29 21.7352 54 1527 1.93235
8 86 3 30 64.8316 54 4683 0.647832
8 86 4 31 14.2146 54 11 2.9547
8 87 2 29 20.3882 54 3075 2.06002
8 87 3 30 35.2214 54 4635 1.19246
8 87 4 31 55.7069 54 26 0.753946
8 88 1 28 6.28125 54 60 6.68657
8 88 2 29 51.1662 54 1370 0.820854
8 88 3 30 24.3636 54 2638 1.72388
8 88 4 31 6.14741 54 60 6.83215
8 89 1 28 53.6939 54 297 0.782211
8 89 2 29 55.0171 54 3325.79 0.7634
8 89 3 30 62.5545 54 1912 0.671414
8 89 4 31 8.63494 54 8 4.86396
8 90 1 28 45.3903 54 257 0.925308
8 90 2 29 33.0318 54 764 1.2715
8 90 3 30 63.1763 54 4179 0.664806
8 91 2 29 46.0449 54 582 0.912153
8 91 3 30 68.3397 54 4010 0.614577
8 92 1 28 60.082 54 553 0.699044
8 92 2 29 31.782 54 1623 1.3215
8 92 3 30 138.807 54 5898 0.302578
8 92 4 31 73.3004 54 167 0.572984
8 93 1 28 136.649 54 656 0.307357
8 93 2 29 63.6756 54 668 0.659593
8 93 3 30 97.7266 54 2243 0.429771
8 93 4 31 20.8972 54 155 2.00984
8 94 1 28 55.3362 54 413 0.758997
8 94 3 31 27.0558 54 20 1.55235
8 95 1 28 27.7799 54 51 1.51189
8 95 2 29 17.2205 54 70 2.43896
8 95 3 30 30.3638 54 150 1.38323
8 95 4 31 2.73502 54 1 15.3564
8 96 1 28 15.4353 54 180 2.72104
8 96 2 29 16.7328 54 82 2.51004
8 96 4 31 10.2272 54 6 4.10671
8 97 2 29 26.6337 54 1686 1.57695
8 97 3 30 20.1382 54 385 2.08559
8 97 4 31 1.13192 54 1 37.105
8 98 1 28 48.8535 54 845 0.859714
8 98 2 29 52.1116 54 1135 0.805963
8 98 3 30 51.8392 54 2655 0.810198
8 98 4 31 30.7694 54 32 1.36499
8 99 1 28 85.0467 54 271 0.493846
8 99 2 29 32.7907 54 1757 1.28085
8 99 3 30 66.1613 54 3614 0.634812
8 99 4 31 3.0572 54 58 13.7381
8 100 1 28 24.5179 54 300 1.71303
8 100 2 29 44.7612 54 3307 0.938313
8 100 4 31 22.423 54 27 1.87308
8 101 2 29 51.2137 54 3248 0.820094
8 101 3 30 9.57479 54 55 4.38652
8 101 4 31 5.78877 54 2 7.25542
8 102 2 29 32.838 54 5388 1.27901
8 102 3 30 20.5171 54 1577 2.04707
8 102 4 31 27.9086 54 7 1.50491
8 103 2 29 18.5938 54 1750 2.25882
8 103 3 30 38.8323 54 3660 1.08157
8 103 4 31 24.5956 54 41 1.70763
8 104 2 29 32.0366 54 1670.94 1.311
8 104 3 30 18.3786 54 175 2.28526
8 104 4 31 2.06366 54 4 20.3522
8 105 2 29 49.4164 54 6393 0.84992
8 105 3 30 16.964 54 219.685 2.47584
8 106 2 29 31.2714 54 5246.55 1.34308
8 106 3 30 66.9126 54 788.062 0.627684
8 106 4 31 4.42808 54 5 9.48493
8 107 2 29 51.0738 54 6318.22 0.822339
8 107 3 30 45.1255 54 5854.41 0.930738
8 107 4 31 5.78737 54 4 7.25719
8 108 1 28 13.6756 54 50 3.07116
8 108 2 29 56.0176 54 6036.8 0.749764
8 108 3 30 64.2224 54 2544 0.653978
8 108 4 31 12.834 54 110 3.27255
8 109 1 28 45.5917 54 548 0.92122
8 109 2 29 55.9633 54 5739.48 0.750492
8 109 3 30 17.9719 54 69 2.33698
8 109 4 31 12.991 54 107 3.23301
8 110 2 29 31.0834 54 8470.21 1.3512
8 110 4 31 176.905 54 87 0.237416
8 111 2 29 25.3989 54 8208.14 1.65361
8 111 4 31 14.2546 54 49 2.94643
8 112 1 28 28.1888 54 765 1.48995
8 112 2 29 26.5806 54 5583.05 1.5801
8 112 3 30 3.51128 54 280.802 11.9615
8 112 4 31 23.4187 54 9 1.79344
8 113 2 29 116.089 54 8509.18 0.361792
8 113 3 30 43.321 54 443.825 0.969506
8 113 4 31 22.3172 54 14 1.88196
8 114 2 29 36.09 54 8426.35 1.16376
8 114 3 30 30.3767 54 335 1.38264
8 114 4 31 31.6744 54 30 1.32599
8 115 2 29 84.9289 54 8858.42 0.494531
8 115 3 30 43.1603 54 2637.78 0.973117
8 115 4 31 29.7367 54 65 1.41239
8 116 1 28 41.9271 54 58 1.00174
8 116 2 29 70.156 54 5049.14 0.598666
8 116 3 30 25.719 54 945.806 1.63303
8 116 4 31 23.4481 54 63 1.79119
8 117 2 29 43.0547 54 4125.88 0.975504
8 117 3 30 12.1523 54 67 3.45613
8 117 4 31 37.9933 54 69 1.10546
8 118 2 29 74.5201 54 4883.05 0.563606
8 118 3 30 134.256 54 3155.87 0.312834
8 118 4 31 97.7091 54 94 0.429847
8 119 2 29 88.6962 54 6853.64 0.473527
8 119 3 30 147.557 54 3676.13 0.284635
8 119 4 31 28.9696 54 229 1.44979
8 120 1 28 8.5833 54 54 4.89322
8 120 2 29 165.591 54 5362.6 0.253637
8 120 3 30 60.0475 54 752 0.699446
8 120 4 31 36.6127 54 65 1.14714
8 121 2 29 172.376 54 6169.53 0.243653
8 121 3 30 35.0411 54 3125.3 1.19859
8 121 4 31 0.000814894 54 509 51540.4
8 122 2 29 65.6974 54 4266.49 0.639295
8 122 3 30 37.8176 54 5594.71 1.11059
8 122 4 31 0.083661 54 1998 502.026
8 123 2 29 101.817 54 1392.32 0.412505
8 123 3 30 39.0094 54 5295.14 1.07666
8 123 4 31 107.658 54 3617 0.390123
8 124 1 28 32.144 54 75 1.30662
8 124 2 29 159.998 54 1048.08 0.262503
8 124 3 30 68.3535 54 5271.49 0.614453
8 124 4 31 0.00563927 54 2075 7447.77
8 125 4 31 165.389 54 1166 0.253946
8 126 3 31 141.018 54 2107 0.297834
8 127 1 29 37.4689 54 1271.68 1.12093
8 127 3 31 367.389 54 2298 0.11432
8 128 2 29 67.2253 54 4164.44 0.624764
8 128 3 30 30.7245 54 1317 1.36699
8 128 4 31 118.457 54 649 0.354559
8 129 2 29 81.719 54 3050.49 0.513957
8 129 3 30 31.2785 54 635.023 1.34278
8 129 4 31 0.0271114 54 1197 1549.16
8 130 2 29 45.7784 54 4267.5 0.917464
8 130 3 30 15.2957 54 2716.11 2.74588
8 130 4 31 0.0184586 54 1108 2275.36
8 131 1 29 85.4589 54 3217.4 0.491464
8 131 2 30 109.616 54 1275 0.383157
8 131 3 31 0.0343767 54 3233 1221.76
8 132 2 29 49.9526 54 1848.44 0.840797
8 132 3 30 52.8343 54 463 0.794938
8 132 4 31 0.00725209 54 673 5791.44
8 133 2 29 9.51239 54 2144.41 4.4153
8 133 3 30 50.0313 54 671 0.839474
8 133 4 31 120.19 54 359 0.349447
8 134 2 29 94.3833 54 2022.88 0.444994
8 134 3 30 95.6049 54 2165.67 0.439308
8 134 4 31 0.0692554 54 2521 606.451
8 135 1 29 64.5861 54 2197.53 0.650294
8 135 2 30 194.495 54 3693.73 0.215944
8 135 3 31 262.598 54 1422 0.15994
8 136 2 29 23.2414 54 1783.28 1.80712
8 136 3 30 154.858 54 5401.5 0.271216
8 136 4 31 74.8929 54 1021 0.560801
8 137 2 29 33.0683 54 309 1.2701
8 137 3 30 23.9199 54 52 1.75586
8 137 4 31 0.011051 54 900 3800.56
8 138 2 29 126.38 54 3620.86 0.332332
8 138 4 31 194.587 54 2822 0.215841
8 139 1 29 77.9744 54 5414.93 0.538638
8 139 2 30 137.707 54 2610.71 0.304995
8 139 3 31 140.549 54 3927 0.298828
8 140 1 29 141.068 54 7444.51 0.297729
8 140 2 30 72.2938 54 1096.2 0.580963
8 140 3 31 0.00108574 54 647 38683.3
8 141 2 29 25.3643 54 1865.35 1.65587
8 141 3 30 15.3139 54 129.083 2.74261
8 141 4 31 175.116 54 710 0.239842
8 142 2 29 118.496 54 6310.57 0.354443
8 142 3 30 45.0417 54 2010.38 0.932468
8 142 4 31 74.1229 54 1524 0.566627
8 143 1 29 87.3898 54 6610.51 0.480605
8 143 2 30 132.533 54 4502 0.316903
8 143 3 31 150.662 54 955 0.27877
8 144 2 29 91.8709 54 4550 0.457163
8 144 3 30 54.8078 54 3884 0.766315
8 144 4 31 185.736 54 777 0.226128
8 145 2 29 115.692 54 2809.96 0.363033
8 145 3 30 43.1441 54 1107.47 0.973483
8 145 4 31 147.557 54 499 0.284636
8 146 1 29 73.9526 54 8413.96 0.567931
8 146 2 30 77.9955 54 3773.08 0.538493
8 146 3 31 44.9315 54 872 0.934755
8 147 1 29 59.6063 54 3661.7 0.704624
8 147 2 30 105.172 54 3284.95 0.399346
8 147 3 31 22.3438 54 1447 1.87972
8 148 2 29 187.088 54 6341.68 0.224494
8 148 3 30 64.3951 54 3233.36 0.652224
8 148 4 31 49.613 54 746 0.846552
8 149 2 29 129.495 54 5725.53 0.324336
8 149 3 30 38.6104 54 489.906 1.08779
8 149 4 31 58.2654 54 378 0.72084
8 150 2 29 103.137 54 8816.42 0.407224
8 150 3 30 38.4567 54 2988.54 1.09214
8 150 4 31 114.033 54 2057 0.368314
8 151 2 29 90.941 54 7706.29 0.461838
8 151 3 30 533.852 54 9967.38 0.0786735
8 151 4 31 0.244574 54 3591 171.727
8 152 2 29 216.513 54 9598.51 0.193984
8 152 3 30 295.348 54 5869.61 0.142205
8 152 4 31 136.659 54 2042 0.307334
8 153 2 29 206.684 54 15411 0.203208
8 153 3 30 103.133 54 9741.19 0.407242
8 153 4 31 89.3807 54 855 0.4699
8 154 1 29 179.398 54 8803.33 0.234117
8 154 2 30 8.29678 54 8242.96 5.06221
8 154 3 31 204.16 54 2502 0.205721
8 155 2 30 58.3835 54 8077.36 0.719382
8 155 3 31 235.081 54 2370 0.178662
8 156 2 29 123.416 54 10095.4 0.340312
8 156 3 30 71.7439 54 6163 0.585416
8 156 4 31 164.746 54 2465 0.254938
8 157 2 29 261.416 54 12535.8 0.160663
8 157 3 30 47.0333 54 465 0.892984
8 157 4 31 82.6081 54 2603 0.508425
8 158 2 29 113.479 54 22550.9 0.370114
8 158 3 30 16.1836 54 397.087 2.59522
8 158 4 31 0.0115484 54 2155 3636.86
8 159 1 29 18.0541 54 308.068 2.32635
8 159 2 30 27.0141 54 2315.69 1.55474
8 159 3 31 211.236 54 1349 0.19883
8 160 2 29 37.0669 54 13473.2 1.13309
8 160 3 30 28.9533 54 7541.16 1.45061
8 160 4 31 25.4511 54 780 1.65023
8 161 2 29 80.5629 54 13969.8 0.521332
8 161 3 30 79.032 54 9822.73 0.53143
8 161 4 31 65.9602 54 317 0.636748
8 162 1 29 94.4728 54 18282.1 0.444572
8 162 2 30 104.86 54 11579.5 0.400535
8 162 3 31 59.9258 54 420 0.700867
8 163 1 29 45.6899 54 3267.9 0.919241
8 163 2 30 84.264 54 15021 0.498433
8 163 3 31 149.699 54 453 0.280563
8 164 2 29 206.454 54 14673.8 0.203435
8 164 3 30 216.704 54 7390.17 0.193813
8 164 4 31 0.087821 54 2244 478.246
8 165 2 29 68.3575 54 15849.6 0.614417
8 165 3 30 124.909 54 1634.68 0.336244
8 165 4 31 0.000514648 54 681 81609.1
8 166 2 29 175.098 54 11372.6 0.239865
8 166 3 30 140.756 54 5219.65 0.298388
8 166 4 31 268.143 54 1424 0.156633
8 167 2 29 61.3592 54 2653.12 0.684493
8 167 3 30 28.7701 54 12221.4 1.45985
8 167 4 31 95.5729 54 1076 0.439455
8 168 2 29 58.1648 54 17007.1 0.722086
8 168 3 30 179.564 54 10654.8 0.2339
8 168 4 31 200.668 54 1082 0.209301
8 169 2 29 121.815 54 20371.6 0.344786
8 169 3 30 136.119 54 9879.64 0.308554
8 169 4 31 123.205 54 291 0.340895
8 170 2 29 180.291 54 20714.6 0.232957
8 170 3 30 164.297 54 10414.4 0.255634
8 170 4 31 0.00431757 54 1074 9727.69
8 171 2 29 116.896 54 6015.41 0.359294
8 171 3 30 88.9223 54 17709 0.472323
8 171 4 31 0.0626159 54 3535 670.756
8 172 2 29 154.818 54 16758.6 0.271286
8 172 3 30 81.5359 54 18353.5 0.51511
8 172 4 31 78.5494 54 1205 0.534695
8 173 2 29 177.564 54 21563.7 0.236535
8 173 3 30 22.0575 54 14876.8 1.90412
8 173 4 31 55.6097 54 496 0.755264
8 174 2 29 177.039 54 19494.1 0.237236
8 174 3 30 44.2369 54 15075.7 0.949434
8 174 4 31 189.509 54 2648 0.221626
8 175 1 29 91.1082 54 8391.33 0.46099
8 175 2 30 199.642 54 20375 0.210376
8 175 3 31 68.9338 54 999 0.60928
8 176 2 29 88.9348 54 22358.5 0.472256
8 176 3 30 58.1601 54 20914.7 0.722145
8 176 4 31 0.0644206 54 2715 651.965
8 177 2 29 64.8396 54 19338.8 0.647752
8 177 3 30 82.5743 54 11623.9 0.508633
8 177 4 31 49.1505 54 1175 0.854518
8 178 1 29 207.641 54 23115.1 0.202273
8 178 2 30 65.1269 54 12713 0.644895
8 178 3 31 163.461 54 1780 0.256942
8 179 1 29 115.666 54 4536.64 0.363113
8 179 2 30 49.7015 54 11720.5 0.845046
8 179 3 31 0.0133979 54 1905 3134.81
8 180 2 29 366.562 54 23938.1 0.114578
8 180 3 30 64.1901 54 7359.08 0.654307
8 180 4 31 1.89051e-05 54 1392 2.22162e+06
8 181 2 29 177.465 54 23157.7 0.236667
8 181 3 30 125.072 54 4587 0.335808
8 181 4 31 5.62875e-05 54 406 746170
8 182 1 29 242.794 54 20944 0.172986
8 182 2 30 38.9565 54 8286.79 1.07813
8 182 3 31 108.293 54 1159 0.387837
8 183 1 29 124.162 54 9289.17 0.338268
8 183 2 30 78.8459 54 9372.63 0.532685
8 183 3 31 49.2782 54 1528 0.852304
8 184 2 29 131.586 54 15218.2 0.319183
8 184 3 30 60.2321 54 6362.4 0.697303
8 184 4 31 0.00860897 54 1029 4878.63
8 185 2 29 137.238 54 20837.9 0.306038
8 185 3 30 66.4384 54 5508.26 0.632164
8 185 4 31 266.802 54 1170 0.15742
8 186 2 29 221.609 54 19978.4 0.189523
8 186 3 30 43.5051 54 8434.86 0.965403
8 186 4 31 39.3325 54 1132 1.06782
8 187 1 29 65.7682 54 6973.46 0.638606
8 187 2 30 16.8293 54 13774.6 2.49565
8 187 3 31 0.0965841 54 1665 434.854
8 188 1 29 169.172 54 25815.1 0.248267
8 188 2 30 200.734 54 9103.48 0.209232
8 188 3 31 0.146267 54 1957 287.146
