229347 229347 0.000144316 0.0015636 0.0151836 0.0195399 0.0137618 0.0104506 0.009505 0.00934097 0.00940052 0.00948317 0.00951756 0.00949618 0.00943856 0.0093692 0.00931013 0.00928587  5.0412e+07 3.09911e+07 6.51756e+06 2.47764e+06 1.10276e+06 522930 176790 144240 115250 71721.6 30275.5 22628.6 16820 10241 4527.81 1043.52
6.4872e+06 6.4872e+06 0.00248007 0.0264903 0.22616 0.280609 0.208577 0.163356 0.149927 0.147564 0.148378 0.149489 0.149882 0.149465 0.148535 0.147456 0.146552 0.146183  9.54059e+06 2.90374e+07 1.7124e+07 3.85657e+06 1.80818e+06 1.04758e+06 574418 211003 169553 136244 85892.4 37485.7 27381.6 20094 12182.6 6923.92
1.96843e+06 1.96843e+06 0.00205421 0.0219958 0.191929 0.239504 0.176428 0.13747 0.125983 0.123972 0.12468 0.125647 0.126003 0.125666 0.124888 0.123979 0.123216 0.122904  2.57713e+06 1.78483e+06 5.46099e+06 2.69612e+06 626569 362078 241498 141009 53775.3 42041.3 33241.7 20728.1 9009.25 6398.75 4614.42 4371.69
530582 530582 0.000830821 0.00896392 0.0837429 0.106569 0.0763077 0.05849 0.0533415 0.052444 0.0527643 0.0532074 0.0533842 0.0532555 0.0529298 0.052542 0.0522134 0.0520787  9.08296e+06 1.35896e+06 973004 2.5887e+06 1.32517e+06 368312 232020 157209 90346.5 33450.1 25264.2 19265.9 11598.1 4886.16 3385.68 4665.92
317312 317312 0.000342294 0.00370415 0.0355704 0.0456283 0.0322909 0.024588 0.0223813 0.0219981 0.0221367 0.0223288 0.0224078 0.0223563 0.0222203 0.0220572 0.0219184 0.0218615  5.09949e+07 1.30555e+07 3.41959e+06 812553 1.54081e+06 880206 299912 227106 176354 110367 48161.9 36449.7 27427.6 16884.7 7553.55 12379.5
5.92635e+06 5.92635e+06 0.00310903 0.0330887 0.273722 0.336878 0.253637 0.2001 0.184021 0.18116 0.1821 0.183393 0.183821 0.183281 0.182131 0.180811 0.17971 0.179262  8.87208e+07 3.28201e+07 1.00862e+07 2.94786e+06 715907 1.38602e+06 851499 322685 250199 198496 127008 57411.8 42233 31034.7 18994 22553.1
2.36446e+06 2.36446e+06 0.00235252 0.0251317 0.214912 0.266385 0.197775 0.154901 0.142222 0.140037 0.140857 0.141948 0.142345 0.141963 0.141087 0.140065 0.139207 0.138857  3.00509e+06 1.5431e+07 6.19483e+06 1.56527e+06 471395 141759 305707 196840 77155.6 58649.8 45747.8 28821.5 12878.2 9194.73 6618.42 8784.2
561833 561833 0.000393875 0.00426139 0.0408356 0.052362 0.0370919 0.028255 0.0257195 0.0252773 0.0254346 0.0256537 0.0257434 0.0256838 0.0255273 0.0253398 0.0251805 0.0251151  4.96833e+07 1.5837e+06 8.36423e+06 2.78735e+06 719334 264200 87653.5 192827 122352 46566.9 34190 25713.6 15636.4 6771.25 4716.21 7749.04
164962 164962 0.000135858 0.00147232 0.0143282 0.0184596 0.0129908 0.0098586 0.00896392 0.00880791 0.0088633 0.00894077 0.00897291 0.00895257 0.00889813 0.00883267 0.00877694 0.00875405  2.10307e+07 2.06832e+07 665432 4.37042e+06 1.88627e+06 824390 388416 107312 197824 126429 54439.9 40693.2 30544.8 18792.6 8417.07 15404.3
8.45132e+06 8.45132e+06 0.00499858 0.0525865 0.394616 0.473274 0.369979 0.298607 0.276507 0.272541 0.273798 0.275492 0.275944 0.275034 0.273287 0.271329 0.269717 0.269065  3.35389e+07 1.38026e+07 1.25692e+07 497415 3.4488e+06 1.73744e+06 926349 468189 124744 217764 139709 62301.8 45541.2 33471 20454.8 26030.4
1.41522e+06 1.41522e+06 0.00260383 0.0277695 0.234008 0.28879 0.215658 0.169514 0.155822 0.153473 0.15437 0.155553 0.155976 0.155552 0.154592 0.153474 0.152537 0.152155  5.61632e+06 5.96229e+06 2.53483e+06 1.44931e+06 62137.4 542078 329639 197326 101555 26170.9 43903.7 27593.1 12197 8666.57 6243.92 8605.83
765406 765406 0.00118956 0.0128093 0.11753 0.148877 0.107434 0.0826905 0.0754904 0.0742227 0.0746575 0.0752643 0.0754996 0.0753093 0.0748457 0.0742976 0.0738346 0.0736451  4.72897e+07 2.95862e+06 3.21837e+06 1.09773e+06 634692 33677.1 326871 203303 119998 59957.7 14919.1 24124 14631.1 6267.02 4343.77 7299.74
178800 178800 0.000234149 0.00253631 0.024571 0.0316234 0.0223002 0.0169403 0.015406 0.0151373 0.0152309 0.0153626 0.0154168 0.0153813 0.0152875 0.015175 0.0150794 0.0150401  1.99787e+07 1.58367e+07 1.43391e+06 1.54287e+06 966136 742127 54016.9 417311 231687 158396 83699.9 20101.5 30512.3 18578.4 8266.89 15355.7
5.85363e+06 5.85363e+06 0.00429502 0.0453929 0.353813 0.428822 0.330522 0.264369 0.244086 0.240419 0.241544 0.243098 0.243545 0.242765 0.241225 0.239486 0.238048 0.237466  5.3935e+07 1.30828e+07 9.48557e+06 1.2176e+06 1.21296e+06 997675 802835 71119 477460 258499 186577 98686.5 23019.7 33581.5 20261.3 25915.2
1.4641e+06 1.4641e+06 0.00272831 0.0290848 0.244147 0.301216 0.225342 0.17724 0.162913 0.160422 0.161325 0.162534 0.162958 0.162505 0.161496 0.160328 0.159349 0.15895  1.11479e+07 9.62385e+06 2.45194e+06 1.24012e+06 183963 204949 211630 174462 16647.1 103966 54502.4 39391 20340.4 4599.95 6543.66 8924.15
700910 700910 0.00070781 0.00764566 0.0721808 0.0922269 0.0657641 0.0502629 0.0457848 0.0449934 0.0452605 0.0456379 0.0457885 0.0456773 0.0453969 0.0450634 0.0447809 0.044665  1.71739e+08 5.87212e+06 5.18952e+06 1.05124e+06 537313 99082.1 123000 129890 105528 9771.04 58897.8 29752.5 20746.9 10380.1 2289.73 7551.42
199262 199262 0.000159837 0.00173197 0.0168347 0.0216821 0.0152667 0.0115887 0.0105374 0.0103539 0.0104187 0.0105096 0.0105472 0.0105232 0.0104592 0.0103822 0.0103167 0.0102899  6.37114e+07 4.16141e+07 3.19793e+06 1.7705e+06 732708 474712 152884 139083 170976 130172 14392.6 76250.7 36974.7 26856.6 13666.1 12751.8
1.62029e+07 1.62029e+07 0.00794847 0.081871 0.521402 0.597336 0.493461 0.414042 0.388811 0.384847 0.386876 0.389121 0.389603 0.388271 0.385859 0.383204 0.381039 0.380167  3.96863e+07 3.0103e+07 1.99938e+07 2.56176e+06 1.27577e+06 697935 510739 202459 154286 201913 147335 17563.7 85174.7 40227.3 29327.5 28745
3.53446e+06 3.53446e+06 0.00475723 0.0499914 0.37218 0.443026 0.346634 0.280719 0.260619 0.257348 0.258865 0.260691 0.261264 0.260492 0.258887 0.257057 0.255539 0.254922  8.89365e+07 7.54015e+06 5.11124e+06 1.4233e+06 209440 142323 103858 86270.3 38260.2 25667.4 34329.4 23885.3 2871.01 13260.8 6115.14 8818.82
884966 884966 0.0007486 0.00808342 0.0760713 0.0970836 0.0693137 0.0530166 0.0483032 0.0474704 0.0477529 0.0481513 0.0483102 0.0481931 0.0478976 0.047546 0.0472482 0.0471261  1.5528e+07 4.66824e+07 3.92382e+06 1.58207e+06 407535 84371.8 68702 52489.1 43217.7 18590.4 12010.2 15443.5 10349.4 1204.05 5421.78 5987.15
397131 397131 0.000216219 0.00234243 0.0227228 0.0292585 0.0206212 0.0156591 0.0142386 0.0139893 0.0140757 0.0141974 0.0142475 0.0142147 0.014128 0.014024 0.0139356 0.0138993  1.4612e+07 9.08251e+06 1.25007e+07 1.74102e+06 1.03773e+06 475793 219312 110918 90519.2 74734.9 37499.1 21757.1 28852.9 18818.2 2424.58 21383.8
1.01682e+07 1.01682e+07 0.0070261 0.0729532 0.493266 0.575632 0.466926 0.386073 0.360336 0.355813 0.357376 0.359341 0.359735 0.358458 0.356178 0.353674 0.351634 0.350813  8.03376e+07 9.52678e+06 6.8662e+06 6.86136e+06 1.50782e+06 1.02542e+06 531759 291743 139491 109845 91115.5 47066.8 25460.7 33502 21327.9 27085.6
1.33902e+06 1.33902e+06 0.00229009 0.0244937 0.211558 0.263438 0.194911 0.152199 0.139532 0.137285 0.138035 0.139076 0.139448 0.139063 0.138198 0.137192 0.136348 0.136004  1.07999e+08 1.43054e+07 1.71598e+06 699482 527676 215544 176703 97633.1 57735.9 26438.8 19971.3 16302.9 8373.9 4286.63 5585.36 7949.5
1.46861e+06 1.46861e+06 0.000832564 0.00898701 0.0843039 0.107536 0.0768934 0.0588557 0.0536319 0.0527057 0.0530141 0.0534513 0.053624 0.0534918 0.0531628 0.0527723 0.0524418 0.0523064  1.81964e+08 5.69346e+07 7.77704e+06 792435 333368 303984 136036 113388 61640.4 35367.1 15637.3 11387.1 8971.47 4465.85 2230.12 6905.92
1.49919e+06 1.49919e+06 0.000592733 0.0064064 0.060815 0.0778075 0.0553485 0.0422522 0.0384799 0.0378174 0.0380462 0.0383674 0.0384967 0.0384047 0.0381696 0.0378892 0.0376513 0.0375538  1.4171e+07 4.26089e+07 1.51087e+07 2.76095e+06 593039 407875 313724 205099 160415 85450.8 55026.1 23470.4 16689.4 13009.8 6562.37 13257.7
1.68657e+07 1.68657e+07 0.00708069 0.0736066 0.501904 0.588661 0.476674 0.393023 0.366144 0.361131 0.362455 0.364281 0.364574 0.363215 0.360866 0.358308 0.356233 0.355399  7.97478e+06 7.91375e+06 1.96521e+07 7.92435e+06 1.93496e+06 581248 470276 339299 259462 191583 99071.6 65489.7 27170.2 18606.2 14279.9 21635.1
2.24705e+06 2.24705e+06 0.00539374 0.0566575 0.419727 0.502675 0.395113 0.319615 0.295952 0.291541 0.292718 0.294397 0.294792 0.29377 0.291882 0.289787 0.28807 0.287377  5.65261e+07 1.51633e+06 1.37915e+06 1.65099e+06 637052 257935 101429 91120.5 63249.7 51177.8 35872.9 17777.8 11648.1 4672.45 3117.71 5963.41
1.94332e+06 1.94332e+06 0.00297711 0.0317105 0.264175 0.325755 0.244565 0.192596 0.176996 0.174207 0.175111 0.176364 0.176785 0.176271 0.175167 0.173896 0.172836 0.172405  1.46519e+08 2.96738e+07 788462 421326 473671 259895 125716 51448.4 45567.9 30550.1 23732.6 15960.8 7608.9 4821.9 1885.07 3590.84
1.07831e+06 1.07831e+06 0.00075421 0.00814523 0.0767522 0.0980343 0.0699668 0.0534981 0.0487372 0.0478946 0.0481766 0.048576 0.0487346 0.0486152 0.0483163 0.0479613 0.0476606 0.0475374  5.53831e+07 3.65513e+07 7.68533e+06 639012 341313 416733 332391 180550 87636.7 76545.2 48886.9 43169.5 28083.6 13311.4 8668.32 9705.63
1.52794e+07 1.52794e+07 0.00765363 0.0793632 0.530526 0.620476 0.506291 0.419054 0.390611 0.385097 0.386272 0.388015 0.388191 0.386667 0.384135 0.381409 0.37921 0.378329  4.36303e+07 2.64025e+07 1.74793e+07 4.08867e+06 676045 348496 441507 388816 217839 108125 92944.6 56694.1 51224.9 32082.3 14930.7 20546.9
1.83873e+06 1.83873e+06 0.00247954 0.0264754 0.225385 0.279198 0.207704 0.162804 0.149472 0.147143 0.147974 0.149098 0.149499 0.14909 0.148166 0.147092 0.146191 0.145824  3.95458e+07 7.69893e+06 4.50107e+06 1.3947e+06 327711 109394 59135.8 79161.6 72748.6 40784.4 19780.2 16600.6 9681.42 8700.1 5298.98 5772.67
978304 978304 0.000909949 0.00981816 0.0917402 0.116903 0.083732 0.0641465 0.0584641 0.0574534 0.0577861 0.0582592 0.058445 0.0582996 0.0579405 0.057515 0.0571551 0.0570077  8.55264e+07 2.08387e+07 4.16809e+06 2.00181e+06 632678 182194 67221.6 37065.8 48871.4 43588.3 23593.7 11029.9 8933.4 5048.7 4425.73 5525.69
520444 520444 0.000371568 0.00402137 0.0386492 0.0496247 0.0351136 0.0267252 0.0243179 0.0238957 0.0240423 0.0242484 0.0243326 0.0242758 0.0241276 0.0239502 0.0237994 0.0237376  5.62194e+07 2.68003e+07 6.5883e+06 1.47039e+06 1.01059e+06 480254 229633 145110 58712.7 67861.9 65717.7 35547.4 17373.1 13678.1 7523.94 15279.8
1.49553e+07 1.49553e+07 0.00816344 0.0842273 0.542506 0.626668 0.517007 0.431971 0.404337 0.399342 0.400867 0.402814 0.403072 0.401546 0.398967 0.396178 0.393924 0.39302  2.45102e+07 2.9408e+07 1.51306e+07 4.15727e+06 1.0891e+06 884821 481550 282930 197384 72243.3 79327 77633.5 41002.7 19960.7 15294.1 25190.8
1.40211e+06 1.40211e+06 0.00198985 0.0212947 0.184983 0.230038 0.169638 0.132406 0.121475 0.11962 0.120361 0.121333 0.1217 0.12139 0.120648 0.119774 0.119038 0.118737  1.07483e+06 4.48694e+06 4.93264e+06 1.19934e+06 321380 134446 135700 80998.3 53024.6 37674.4 12664.7 13309.1 12837.2 6626.84 3163.64 6331.3
789331 789331 0.00108733 0.0117178 0.10829 0.137511 0.0989434 0.0760099 0.0693399 0.0681575 0.0685524 0.0691096 0.0693265 0.0691521 0.068726 0.0682221 0.0677963 0.067622  9.91425e+07 566658 2.44256e+06 2.31109e+06 578125 185830 85082.8 87449.5 51451.9 32732.8 22482.5 7291.93 7399.75 6919.03 3484.8 4894.84
475444 475444 0.000671411 0.00725328 0.06855 0.0875913 0.0624258 0.0477053 0.043459 0.0427126 0.0429696 0.0433304 0.0434749 0.0433702 0.0431045 0.0427879 0.0425196 0.0424096  1.33016e+07 2.60654e+07 256583 1.42903e+06 1.25341e+06 561879 245100 124999 113297 69295.5 51045.1 36790.7 11711.8 11089.4 10622.9 12656.1
6.47894e+06 6.47894e+06 0.00464278 0.048559 0.348857 0.407045 0.321321 0.263281 0.246212 0.244181 0.246267 0.248406 0.249203 0.248622 0.247184 0.245489 0.244062 0.243479  1.95571e+07 8.77802e+06 1.39549e+07 187506 1.21119e+06 1.04705e+06 607629 300402 156857 131891 79845.7 60615.1 43171.7 13392.3 12217.5 25501.7
1.21353e+06 1.21353e+06 0.0029032 0.0309195 0.257388 0.31691 0.237894 0.187459 0.172381 0.169741 0.170676 0.171933 0.172367 0.171879 0.17081 0.169574 0.168541 0.16812  3.23913e+07 3.97808e+06 1.60552e+06 1.46828e+06 19957.1 183650 174702 119777 62702.5 32646.5 26028.5 15333.7 11578.4 8060.28 2425.13 6716.1
911210 911210 0.00129972 0.0139876 0.12769 0.161555 0.11684 0.0900258 0.0821992 0.0808116 0.0812754 0.0819278 0.0821783 0.0819682 0.0814624 0.0808659 0.0803625 0.0801566  1.43482e+08 1.70583e+07 2.14009e+06 673421 619473 10558.1 108740 105892 71544.8 36331 18250.7 14017.3 7965.69 5827.21 3956.65 4396.98
447214 447214 0.000394381 0.00426756 0.0409522 0.0525542 0.0372102 0.0283318 0.025783 0.0253361 0.0254917 0.0257101 0.0257992 0.0257389 0.0255818 0.0253938 0.025234 0.0251684  2.19148e+07 3.42723e+07 4.40673e+06 1.1948e+06 567134 476185 19070.1 187029 127974 98975.8 53731.3 27987.9 19833.8 11439.5 8425.48 12161.9
1.12106e+07 1.12106e+07 0.00621336 0.064859 0.457141 0.539266 0.43121 0.353132 0.32853 0.32415 0.325589 0.327458 0.327882 0.326747 0.324667 0.322366 0.320484 0.319725  3.25138e+07 1.62903e+07 1.67076e+07 2.35108e+06 1.04996e+06 586661 511065 25242.5 234936 140477 116133 63805.8 32726.6 22099.4 12595 22592.2
2.11511e+06 2.11511e+06 0.00378122 0.0401073 0.322223 0.394098 0.300315 0.238403 0.219508 0.21603 0.217018 0.218436 0.218861 0.21817 0.216784 0.215212 0.213911 0.213383  4.78449e+06 6.87976e+06 3.14162e+06 1.60813e+06 210233 159155 109672 100980 5270.38 47887.6 26090.1 21900.4 11833.9 5919.93 3873.52 6102.79
803689 803689 0.00126821 0.0136521 0.124914 0.158172 0.114288 0.088005 0.0803347 0.0789715 0.0794228 0.0800601 0.080305 0.0800997 0.0796052 0.079022 0.0785298 0.0783285  1.68455e+07 2.51745e+06 3.66451e+06 1.19937e+06 607882 103583 89342.9 63216.8 57283.4 2893.37 25309.2 13260.9 10725.7 5611.17 2736.99 4522.37
220919 220919 0.000325284 0.00352127 0.0339166 0.0435703 0.0307994 0.0234298 0.0213165 0.0209464 0.0210758 0.0212573 0.0213317 0.0212823 0.0211525 0.020997 0.0208648 0.0208105  2.98406e+07 1.04755e+07 1.43255e+06 1.918e+06 708820 406481 99880 135215 98660.8 78440.7 4744.81 40306.1 18776.1 16181.2 8620.77 11097.1
7.68256e+06 7.68256e+06 0.00641409 0.066917 0.469418 0.553852 0.443856 0.363725 0.338304 0.333658 0.335014 0.336843 0.337216 0.336013 0.333856 0.331485 0.32955 0.328771  2.49032e+07 2.18167e+07 8.41891e+06 1.30111e+06 1.74805e+06 716957 429821 116788 171803 123369 94823.5 5959.31 47735.2 20979.9 18239.7 22142.2
1.51335e+06 1.51335e+06 0.00258129 0.0275181 0.231147 0.28466 0.212754 0.167411 0.153981 0.151714 0.152639 0.153834 0.154269 0.15386 0.152917 0.151815 0.150889 0.150511  5.86876e+06 4.788e+06 4.1689e+06 962040 151543 269763 132990 83694.7 23278.1 34525.1 24104.6 17835 1096.9 8547.05 3612.43 6942.29
919675 919675 0.00128317 0.0138125 0.126331 0.159967 0.115609 0.0890293 0.08127 0.0798895 0.080344 0.0809869 0.0812334 0.0810249 0.0805243 0.0799343 0.0794364 0.0792328  1.40404e+08 3.09121e+06 2.58189e+06 1.7901e+06 415712 81238.3 161305 81443.4 50577.3 13664.1 19574.5 13175.6 9408.54 560.755 4262.33 5160.08
218630 218630 0.000201369 0.00218023 0.0210395 0.0270038 0.019065 0.0145036 0.0132013 0.0129778 0.0130625 0.0131782 0.0132265 0.0131971 0.0131173 0.0130211 0.0129392 0.0129055  2.30246e+07 4.32758e+07 1.4863e+06 1.98775e+06 1.04286e+06 467182 120642 229857 104125 63774.7 19215.8 29377.9 19526.6 13515.1 837.774 13583.7
1.41675e+07 1.41675e+07 0.00673922 0.0697467 0.460955 0.529862 0.431443 0.359623 0.337577 0.334585 0.336868 0.339248 0.339955 0.338954 0.336917 0.334612 0.332706 0.331935  1.61353e+07 1.46829e+07 2.34336e+07 1.17702e+06 1.78566e+06 1.05555e+06 584785 163453 295488 128300 77166.3 23314.7 35060.7 22623.2 15316.8 16154.7
1.48702e+06 1.48702e+06 0.00248373 0.0264585 0.220969 0.270879 0.202716 0.159886 0.147301 0.145288 0.146275 0.147485 0.147945 0.147578 0.146687 0.145637 0.144752 0.14439  9.22001e+07 2.87682e+06 2.48641e+06 1.88858e+06 106408 224919 176383 111731 32247.2 56020.5 23383.3 13578.4 4001.54 5889.2 3718.32 5091.12
1.13587e+06 1.13587e+06 0.00113302 0.0121964 0.111616 0.141054 0.101846 0.0784749 0.0716941 0.0705244 0.0709616 0.0715547 0.071789 0.0716146 0.0711774 0.0706581 0.0702185 0.0700384  9.69415e+07 4.85515e+07 1.54834e+06 1.05132e+06 795068 55791.7 132277 106628 66805 18756 31500.8 12683.6 7110.64 2031.07 2916.18 4278.49
1.37689e+06 1.37689e+06 0.000764363 0.00825112 0.077442 0.0987079 0.070546 0.0540097 0.0492359 0.0484017 0.0486962 0.0491054 0.0492691 0.0491504 0.0488496 0.0484914 0.0481878 0.0480634  1.64558e+07 2.28939e+07 1.21058e+07 1.17026e+06 661211 777912 97215.4 220530 148473 102867 29616.1 49232.4 19126.6 10656 3090.63 10900.8
8.19642e+06 8.19642e+06 0.00513613 0.0533865 0.36571 0.419316 0.335808 0.278616 0.262085 0.260634 0.263206 0.265668 0.266623 0.266072 0.264586 0.262811 0.26131 0.260695  3.9019e+07 9.22803e+06 1.11523e+07 5.97105e+06 929765 581757 843787 128826 271500 182857 127840 36256.9 58046.7 21841.8 11984.5 15552.6
1.07149e+06 1.07149e+06 0.00262933 0.0279822 0.231742 0.283392 0.212775 0.168159 0.155023 0.152928 0.153964 0.155231 0.155707 0.155318 0.15438 0.153277 0.152347 0.151967  3.64819e+06 6.92412e+06 1.72473e+06 1.02195e+06 453748 112054 91148.6 156624 26130.8 52870.6 35189.4 24159.5 6663.11 10335.9 3795.29 4709.71
738042 738042 0.000990064 0.0106661 0.0983276 0.124497 0.0896105 0.0689295 0.0629445 0.0619151 0.0623044 0.0628314 0.0630419 0.0628914 0.0625083 0.0620521 0.0616655 0.061507  1.92793e+08 1.92065e+06 3.71769e+06 713313 418408 233341 64948.8 54386.9 92460.4 15004.6 29344.5 18836.8 12483.9 3336.89 5049.56 4075.87
371445 371445 0.000313531 0.00339174 0.0324778 0.0415744 0.0294464 0.022446 0.0204447 0.0201028 0.0202347 0.0204137 0.0204881 0.0204424 0.0203189 0.0201701 0.0200434 0.0199913  5.04591e+07 5.24992e+07 2.02745e+06 1.68966e+06 606053 424215 226521 109802 77068.9 140826 24654.4 46257 29473.3 19592.6 5113.57 13932.9
1.44681e+07 1.44681e+07 0.00508675 0.0532152 0.382509 0.449072 0.355247 0.2905 0.270976 0.268183 0.270062 0.27212 0.272807 0.272059 0.270425 0.268545 0.266977 0.26634  8.20629e+07 2.91616e+07 2.81118e+07 1.54107e+06 1.4078e+06 698218 507008 248979 124864 87906.5 167699 30157.7 53567.7 33730.9 22105.4 21106.1
2.07103e+06 2.07103e+06 0.0020577 0.0219936 0.189061 0.233987 0.173182 0.135594 0.124588 0.122778 0.123586 0.12461 0.125003 0.124694 0.123938 0.123045 0.122291 0.121983  5.46013e+06 1.43982e+07 5.05385e+06 2.91876e+06 148660 216615 141850 106542 49193 24105.8 16855.4 32327.8 5733.59 9832.88 6079.31 7676.1
1.0192e+06 1.0192e+06 0.000731448 0.00789516 0.0740557 0.0943098 0.0674047 0.0516215 0.0470703 0.0462812 0.0465694 0.0469655 0.0471251 0.0470136 0.046727 0.0463849 0.0460946 0.0459756  1.19333e+08 2.87765e+06 7.81379e+06 2.3043e+06 1.35444e+06 83527.1 134172 89772.2 66568.7 29892.5 14165.4 9558.05 17703.6 3043.92 5093.17 6989.18
415459 415459 0.000343723 0.0037196 0.0357178 0.0458176 0.0324254 0.0246903 0.0224743 0.0220894 0.0222285 0.0224213 0.0225005 0.0224489 0.0223123 0.0221485 0.0220091 0.0219519  3.23185e+07 3.10859e+07 1.29673e+06 3.30984e+06 1.49789e+06 1.06415e+06 145521 210330 145542 97571.6 38251.3 18937.1 12747.3 24483.1 4293.47 16732.5
5.63998e+06 5.63998e+06 0.00266399 0.0283433 0.234184 0.286162 0.215053 0.17008 0.156854 0.154761 0.155818 0.157101 0.157582 0.157188 0.156239 0.155123 0.154182 0.153798  2.55912e+07 1.66212e+07 1.59173e+07 917923 2.65793e+06 1.31823e+06 1.13435e+06 168780 270296 187340 120016 43950.4 21152.8 14093.3 27088.5 23174.3
1.64324e+06 1.64324e+06 0.00244913 0.026124 0.220546 0.271829 0.202722 0.159368 0.146581 0.144451 0.145359 0.146518 0.146947 0.146565 0.14567 0.14462 0.143738 0.143377  3.43669e+06 4.50028e+06 2.989e+06 2.32875e+06 142060 536855 280171 271047 40222.7 66772.4 45505 28000.5 9743.68 4549.67 2985.16 10589
614898 614898 0.000987486 0.0106421 0.0984009 0.124798 0.0897381 0.068965 0.0629506 0.0619074 0.0622876 0.0628085 0.0630151 0.0628622 0.0624778 0.0620209 0.061634 0.0614755  4.92505e+07 1.8104e+06 2.43007e+06 1.30043e+06 1.02153e+06 76888.6 323388 172836 165069 23804.7 38183.3 25093.7 14904.9 5026.78 2289.77 6692.76
236689 236689 0.000282044 0.00304973 0.0290903 0.0371377 0.026335 0.0201038 0.0183282 0.0180317 0.0181563 0.0183208 0.01839 0.0183505 0.0182404 0.0181073 0.0179937 0.0179471  2.62268e+07 2.25708e+07 1.28205e+06 1.90848e+06 705732 789050 91438.8 387780 172656 184788 28830.4 49636.5 31805.9 18168.9 5874.3 10678.7
6.56973e+06 6.56973e+06 0.0036837 0.0389419 0.304691 0.366866 0.281591 0.225572 0.20885 0.20622 0.207574 0.209184 0.20975 0.209185 0.207914 0.206439 0.205205 0.204702  2.08124e+07 1.5715e+07 1.46837e+07 1.12581e+06 1.57213e+06 593768 863520 110092 471208 184139 212064 32297.1 56966 35452.1 19730.6 17664
1.47507e+06 1.47507e+06 0.00234161 0.0249714 0.210485 0.258794 0.192989 0.151867 0.139804 0.137862 0.138792 0.139943 0.140382 0.140035 0.139188 0.13819 0.137348 0.137004  5.61969e+07 3.872e+06 2.82026e+06 1.93646e+06 171706 265881 115856 198311 25359.5 108194 38864.2 45281.8 6664.77 11637.6 7091.42 7329.05
907108 907108 0.00104501 0.0112426 0.102413 0.128911 0.0931815 0.071942 0.0658175 0.064803 0.0652434 0.0658138 0.0660452 0.0658945 0.0654977 0.0650225 0.0646189 0.0644534  8.21193e+07 2.96005e+07 2.08951e+06 1.22177e+06 841025 92036.2 158985 71083.6 120287 14962.9 61724.5 21390.8 24064.2 3433.21 5848.59 7110.97
734290 734290 0.000499956 0.00540454 0.0513934 0.0657219 0.0467027 0.0356485 0.0324741 0.031924 0.0321247 0.0324015 0.0325145 0.032439 0.0322415 0.0320051 0.0318042 0.0317217  2.69136e+07 2.67038e+07 7.66337e+06 1.47896e+06 746482 724047 167446 197873 71893.8 154453 20231.6 81006.2 25215.7 30238.3 4254.98 16441.1
3.37511e+06 3.37511e+06 0.00131319 0.0140987 0.126098 0.157753 0.11487 0.0891112 0.0816702 0.0804591 0.0810165 0.0817232 0.0820075 0.081819 0.0813271 0.0807392 0.0802403 0.0800357  1.19463e+08 1.60962e+07 1.58836e+07 4.05247e+06 1.29312e+06 681953 791037 229817 229444 78853.2 186910 24370.4 93876.7 27541.2 33453.6 22681.5
1.90124e+06 1.90124e+06 0.00198447 0.0212426 0.184928 0.230228 0.169662 0.132344 0.121387 0.119517 0.120247 0.121211 0.121573 0.12126 0.120516 0.119642 0.118907 0.118606  4.97909e+06 2.08962e+07 2.96483e+06 2.8654e+06 741980 298172 166663 209125 64844.8 59669.7 19790.8 47573.4 6006.07 22555.3 6389.43 12951.3
896898 896898 0.000547576 0.005918 0.0561589 0.0717847 0.0510588 0.0389906 0.0355208 0.0349177 0.0351353 0.0354363 0.0355586 0.0354754 0.0352591 0.0350005 0.0347809 0.0346908  6.17617e+07 2.62521e+06 1.13826e+07 1.39689e+06 1.39246e+06 431755 189623 107870 133382 40185.5 35743.3 11437.4 26548.1 3249.08 11904.5 10007
359800 359800 0.000356185 0.00385392 0.0369606 0.0473867 0.0335525 0.0255578 0.0232673 0.0228703 0.023015 0.0232149 0.0232971 0.0232437 0.0231023 0.0229328 0.0227886 0.0227294  3.59843e+07 1.86756e+07 1.03637e+06 3.47354e+06 894191 859927 256732 208446 104316 141494 50889.9 39916.9 11998.5 29593.9 3698.55 23932.1
3.78132e+06 3.78132e+06 0.00214993 0.0229351 0.193989 0.238287 0.177343 0.139535 0.128529 0.126824 0.127742 0.128846 0.129279 0.128977 0.128206 0.12729 0.126515 0.126197  1.37077e+08 2.15857e+07 1.08146e+07 723918 2.18678e+06 767600 828212 246476 239623 113698 159648 59838.8 43701.4 12662.6 31581.9 29148.3
3.5716e+06 3.5716e+06 0.00410674 0.0433651 0.335871 0.404619 0.312123 0.250351 0.231637 0.228494 0.229798 0.231433 0.231961 0.23128 0.229847 0.228208 0.226844 0.22629  3.67983e+07 2.37286e+07 4.25192e+06 1.70247e+06 118944 413938 166034 196190 58355.2 58297.4 26466.9 37003.5 13741.5 9592.7 2709.6 12937.5
1.10399e+06 1.10399e+06 0.000604244 0.00652871 0.0618006 0.0789548 0.0562211 0.0429543 0.0391339 0.0384671 0.0387041 0.0390334 0.0391666 0.0390741 0.0388355 0.0385507 0.0383089 0.0382098  5.87424e+07 1.93385e+07 1.24977e+07 1.46898e+06 561207 52927.5 215315 89683.6 104812 30236 29105.8 12712.4 17127.4 6158.1 4191.65 6695.55
774826 774826 0.000516376 0.00558093 0.0529764 0.067695 0.0481377 0.036762 0.0334951 0.0329305 0.0331389 0.033425 0.0335419 0.0334643 0.0332608 0.033017 0.0328099 0.0327249  3.40842e+07 2.16424e+07 5.84397e+06 3.72203e+06 818474 447184 65424.2 166598 95208.7 113469 33642.1 38650.7 15938.1 22199.8 8290.14 14196
5.83768e+06 5.83768e+06 0.00275718 0.0293622 0.244386 0.300232 0.225229 0.177628 0.163506 0.161131 0.162107 0.163361 0.163811 0.16337 0.162366 0.161197 0.160216 0.159816  1.18039e+08 2.09458e+07 1.22692e+07 3.55821e+06 2.26758e+06 786360 475637 80986.4 171482 101656 127564 37683.1 44070.4 17622 24363.2 24588.1
1.435e+06 1.435e+06 0.00158646 0.0170005 0.149525 0.186096 0.136422 0.106262 0.0975122 0.0960942 0.0967585 0.0975938 0.0979259 0.0976974 0.09711 0.0964099 0.0958166 0.0955734  6.67273e+06 2.04265e+07 3.89208e+06 1.77916e+06 558198 423069 183603 114981 20236.7 39730.2 23089 29117 8390.24 9659.57 3757.13 10362.6
785654 785654 0.000495339 0.00535408 0.0508699 0.0650156 0.046213 0.0352848 0.0321475 0.0316057 0.0318063 0.0320816 0.0321943 0.0321201 0.0319249 0.0316909 0.0314921 0.0314105  1.37435e+07 3.51878e+06 1.11554e+07 1.88211e+06 886639 329024 271638 120100 74257.8 12721.8 24176.5 13568.7 16533.5 4620.11 5190.42 7435.3
394049 394049 0.000403399 0.00436464 0.0418407 0.0536707 0.0380161 0.0289545 0.0263538 0.025899 0.0260589 0.0262825 0.0263737 0.0263122 0.0261517 0.0259595 0.0257962 0.0257292  6.11144e+07 7.72541e+06 1.54036e+06 3.51615e+06 1.17788e+06 646607 257780 187572 114190 76408.1 15395 24262.1 14266 17871.7 5053.38 14206
3.89639e+06 3.89639e+06 0.00296622 0.0314986 0.256024 0.311441 0.235558 0.187019 0.172679 0.170414 0.171565 0.172953 0.173464 0.173021 0.171974 0.170748 0.169717 0.169296  8.81722e+07 2.92912e+07 5.32247e+06 1.20129e+06 2.22334e+06 1.09297e+06 642171 289230 189643 130402 86857.1 18188.8 26206.4 15125.1 19010.3 20549
1.84718e+06 1.84718e+06 0.00227615 0.0243114 0.207635 0.256892 0.190729 0.149496 0.137349 0.135304 0.136143 0.137229 0.137633 0.137277 0.136436 0.135451 0.134622 0.134283  4.62296e+06 1.55319e+07 5.24376e+06 776874 188164 387291 236960 145312 68557.1 42529.3 29820.4 19277.9 3966.27 5462.76 3090.76 8051.21
794379 794379 0.000606078 0.00654968 0.0620938 0.0794009 0.05651 0.0431531 0.0393041 0.0386285 0.0388629 0.0391913 0.0393237 0.0392299 0.0389899 0.0387036 0.0384607 0.0383611  3.63095e+07 2.43612e+06 8.41483e+06 2.35137e+06 354308 104689 238149 148852 90045.5 41280.2 24746.6 16735.5 10444.7 2082.84 2798.65 5594.05
188478 188478 0.000201783 0.00218441 0.0210532 0.0270021 0.0190721 0.0145152 0.0132149 0.0129928 0.0130785 0.013195 0.0132437 0.0132145 0.0131347 0.0130384 0.0129564 0.0129227  3.53463e+07 1.96457e+07 881591 3.11671e+06 1.13445e+06 350819 124337 179552 164073 98758.2 47730.3 26627.4 19550.1 12243 2554.29 9764.83
5.95281e+06 5.95281e+06 0.00355889 0.0373782 0.278072 0.325532 0.253232 0.206196 0.192776 0.191443 0.193373 0.195294 0.196086 0.195723 0.194633 0.193308 0.192177 0.191713  1.45587e+08 2.24969e+07 1.21938e+07 614299 2.30749e+06 937981 393663 156887 181443 188008 111472 55334.2 29164.6 21492.4 13254.5 13245
2.8553e+06 2.8553e+06 0.00359757 0.0381412 0.305425 0.371907 0.283418 0.225423 0.20791 0.204867 0.205978 0.207441 0.207919 0.207309 0.206016 0.204535 0.203301 0.202799  6.29832e+06 2.5017e+07 3.94906e+06 1.32154e+06 68721.3 348437 163873 81272.9 34126.1 35743.3 38192.2 22010.3 10786.7 5474.21 3997.31 4852.72
832656 832656 0.000480037 0.005189 0.0493291 0.0630511 0.044804 0.034204 0.0311608 0.0306352 0.03083 0.0310974 0.031207 0.0311353 0.0309462 0.0307195 0.0305268 0.0304477  6.03259e+07 3.31328e+06 1.33083e+07 1.49391e+06 489805 33234 192892 93508.1 45763 18630.3 18808.4 19342.6 10746 5100.02 2523.98 4002.39
118649 118649 0.000100098 0.00108455 0.0105359 0.0135523 0.00954145 0.00724638 0.00659208 0.0064795 0.00652171 0.0065797 0.00660398 0.0065894 0.00654955 0.00650148 0.0064605 0.00644366  4.63342e+07 2.09725e+07 1.29809e+06 4.38753e+06 1.07455e+06 568570 48692.1 253108 101398 64171.8 27847.4 23099.8 26582.3 14686.4 7115.71 9023.07
4.06662e+06 4.06662e+06 0.00213997 0.022863 0.195773 0.242074 0.179464 0.140648 0.129276 0.127408 0.128242 0.129296 0.129698 0.129374 0.128588 0.127661 0.12688 0.126561  3.2364e+07 2.67489e+07 1.18828e+07 941949 2.89833e+06 997794 625919 65224.2 317320 115112 78445.4 34308.9 25981.8 30175.7 16407.8 18010
1.74516e+06 1.74516e+06 0.00201182 0.0215347 0.187406 0.233365 0.172015 0.134176 0.123054 0.121146 0.121876 0.122846 0.123209 0.122889 0.122134 0.121248 0.120502 0.120197  1.48378e+07 6.15641e+06 5.20894e+06 1.86124e+06 164499 565359 228277 154888 17142.1 81104 27676.9 18876.3 8070.23 5831.45 6702.47 7532.03
591383 591383 0.000584923 0.0063183 0.0596765 0.076122 0.05424 0.0414762 0.0378077 0.037176 0.0374126 0.0377357 0.0378674 0.0377797 0.0375502 0.0372753 0.0370417 0.0369459  1.29245e+08 7.8232e+06 3.35331e+06 2.45212e+06 904162 95739.6 359590 147733 98757 10618.1 48552.9 15983.6 10525.9 4362.31 3075.35 7365
1.1604e+06 1.1604e+06 0.000996727 0.0107391 0.0990881 0.125537 0.0903383 0.0694726 0.0634359 0.0623958 0.0627849 0.0633133 0.0635234 0.0633705 0.0629837 0.0625236 0.0621338 0.0619741  7.38791e+07 3.78032e+07 2.60403e+06 1.81407e+06 1.18671e+06 621308 95866.5 248670 142311 107865 13150.3 56921.4 17231.4 11917.5 4989.79 11515.7
4.74541e+06 4.74541e+06 0.00168655 0.0180851 0.159912 0.199916 0.14638 0.113772 0.104253 0.102638 0.103281 0.104128 0.104453 0.104192 0.103555 0.102803 0.102169 0.101909  1.01367e+07 3.69923e+07 2.05778e+07 1.53616e+06 1.38935e+06 1.0383e+06 595435 114983 239535 152268 119899 15473.3 63077.5 18195.1 12646.5 17298.1
2.26434e+06 2.26434e+06 0.00198222 0.0212039 0.183534 0.227757 0.168145 0.131408 0.120653 0.118865 0.119631 0.120615 0.120992 0.12069 0.119956 0.119089 0.118359 0.11806  1.60925e+06 1.82697e+06 6.83939e+06 3.53908e+06 285084 311410 261791 152097 31018.5 59410.8 38007.4 29643.6 3776.73 14945.4 4180.54 6813.12
1.07496e+06 1.07496e+06 0.00127326 0.0136903 0.12401 0.156153 0.11321 0.0874707 0.0799984 0.0787241 0.0792209 0.0798841 0.0801452 0.0799505 0.0794632 0.0788847 0.0783951 0.0781946  1.52887e+08 848299 993461 3.17466e+06 1.6821e+06 163015 195461 167613 96082.2 19052.5 35287.4 21784.3 16408.5 2026.67 7824.94 5644.28
668875 668875 0.000853216 0.00920947 0.0863468 0.110147 0.0787829 0.0603094 0.0549593 0.0540101 0.0543246 0.054771 0.0549467 0.0548104 0.0544729 0.0540726 0.0537339 0.0535952  4.05903e+07 3.51464e+07 485970 616108 1.38007e+06 921911 133723 178640 150490 93327.7 22046.5 33578.5 22714.8 17464 2271.41 14424.1
7.6592e+06 7.6592e+06 0.00410993 0.0433535 0.333038 0.399475 0.308878 0.248407 0.230196 0.227274 0.228687 0.230384 0.230952 0.2303 0.22889 0.227266 0.225912 0.225362  3.75082e+07 2.33019e+07 1.65895e+07 404126 491163 1.13646e+06 881781 151516 199754 170906 103948 26063.6 35827.7 24396.2 18610.8 17760.7
2.2312e+06 2.2312e+06 0.00314076 0.0333086 0.26777 0.324612 0.246529 0.196247 0.181355 0.179016 0.180231 0.181684 0.182217 0.18175 0.180652 0.179367 0.178288 0.177847  5.16984e+06 7.29835e+06 4.48258e+06 1.9722e+06 55533.2 80181.7 218822 186918 33759.5 43176.4 36602 21488.3 5337 6985.45 4700.63 6946.58
1.09469e+06 1.09469e+06 0.00108984 0.0117473 0.108756 0.138249 0.0994167 0.0763274 0.0696064 0.0684066 0.0687952 0.0693496 0.0695643 0.0693875 0.0689589 0.0684526 0.068025 0.0678501  2.79197e+08 2.71943e+06 3.88495e+06 1.71269e+06 730518 26632.1 44108.9 124617 105453 18521.7 22882.3 18697 10591.1 2548.69 3253.84 5320.37
1.2182e+06 1.2182e+06 0.000966701 0.0104227 0.0967466 0.122929 0.0882708 0.0677566 0.0618115 0.0607692 0.061133 0.0616392 0.0618388 0.0616869 0.0613084 0.0608592 0.0604791 0.0603234  9.93532e+07 6.42245e+07 1.24068e+06 1.65296e+06 803861 445428 45860.1 59030 131399 118387 25248.7 30119.8 24450.6 13769.3 3534.23 11211
1.08363e+07 1.08363e+07 0.00339597 0.0358826 0.27991 0.335129 0.257079 0.206392 0.191504 0.189402 0.190868 0.192503 0.193122 0.192663 0.191525 0.190181 0.189048 0.188585  4.07138e+07 4.58469e+07 2.89343e+07 901457 1.23838e+06 725776 436680 60889.2 66369.5 141622 132079 29482.6 33699 26885.8 14788.4 15835.4
2.36634e+06 2.36634e+06 0.00182719 0.0195723 0.171443 0.213666 0.157023 0.122326 0.112171 0.110455 0.111149 0.112059 0.112407 0.112125 0.11144 0.110633 0.109952 0.109674  8.71899e+06 7.11809e+06 8.08316e+06 3.45736e+06 125225 216025 153702 96667.2 14523.6 14611.4 30408.7 28272.4 6242.31 6905.14 5415.63 6070.93
1.02117e+06 1.02117e+06 0.000788979 0.00851485 0.0797495 0.101567 0.0726482 0.0556489 0.0507388 0.0498818 0.0501864 0.0506086 0.0507775 0.0506555 0.0503457 0.0499768 0.049664 0.0495359  1.67975e+08 4.59773e+06 3.8838e+06 3.86899e+06 1.71078e+06 73707.7 138550 100273 62160.6 9078.35 8831.8 17738.3 15928.6 3409.66 3680.07 6006.15
1.17765e+06 1.17765e+06 0.00102556 0.0110536 0.102297 0.129882 0.0933839 0.0717324 0.0654517 0.0643497 0.0647328 0.065266 0.0654753 0.0653133 0.0649121 0.0644366 0.0640343 0.0638696  3.02241e+07 4.61594e+07 2.11046e+06 1.50935e+06 1.49473e+06 755109 83190.8 136342 106911 69389.5 12595.4 10779.9 20313.5 18694.7 4271.91 11735.2
5.2003e+06 5.2003e+06 0.00184049 0.0196977 0.171293 0.212664 0.156663 0.122338 0.112334 0.110697 0.111438 0.112375 0.11274 0.112466 0.111786 0.11098 0.110298 0.110019  1.07589e+08 1.81401e+07 2.29362e+07 1.37202e+06 998256 1.10898e+06 625599 104008 158233 126618 80503 15235.4 12057.1 21884.9 20016.1 17200.7
2.15709e+06 2.15709e+06 0.00217987 0.0232879 0.199296 0.246496 0.182808 0.143258 0.131646 0.129718 0.130551 0.131614 0.132016 0.131682 0.130881 0.129937 0.129142 0.128817  7.77417e+06 1.85592e+07 3.31965e+06 3.65165e+06 242112 207586 257394 152822 28073.9 40982.6 32336.2 19920.2 3693.99 2811.64 4985.36 8393.21
1.19113e+06 1.19113e+06 0.000783205 0.0084528 0.079191 0.100863 0.072136 0.0552535 0.0503783 0.0495279 0.0498308 0.0502502 0.0504181 0.050297 0.0499895 0.0496231 0.0493126 0.0491853  7.35514e+07 4.09679e+06 1.00599e+07 1.49628e+06 1.67276e+06 134947 127817 161974 94919.6 16951.9 23922.9 18210.2 10831.8 1947.07 1445.86 6745.99
1.11797e+06 1.11797e+06 0.00114896 0.0123801 0.114243 0.145091 0.104483 0.0802847 0.0732385 0.0719827 0.0723912 0.0729724 0.0731964 0.0730092 0.0725578 0.0720252 0.0715755 0.0713916  2.78815e+07 2.18593e+07 1.25372e+06 3.34763e+06 781629 846772 117763 98245.5 122751 76950.5 20019.1 26241.5 20287.4 12016.2 2254.7 8986.16
5.86098e+06 5.86098e+06 0.00421219 0.0440139 0.314346 0.363611 0.286846 0.235869 0.221328 0.220064 0.222346 0.224552 0.22545 0.225032 0.22379 0.222283 0.220998 0.220471  7.17613e+07 1.61612e+07 1.13177e+07 716118 2.04176e+06 655479 755833 133316 103051 128157 81948.2 23478.2 29279.8 22240 12911.6 11961.9
1.30968e+06 1.30968e+06 0.00229763 0.024559 0.211026 0.262049 0.194206 0.151897 0.139376 0.137196 0.137984 0.139047 0.139433 0.139058 0.138198 0.137195 0.136354 0.13601  9.35478e+06 1.23623e+07 2.81482e+06 1.09534e+06 69368.1 263153 112079 143083 27535.3 20396 24976.8 15769.3 4542.11 5471.53 4077.15 4487.69
1.26394e+06 1.26394e+06 0.00104826 0.0112982 0.104542 0.132766 0.095471 0.0733263 0.0668926 0.0657562 0.0661416 0.0666829 0.0668946 0.0667277 0.0663173 0.0658312 0.0654203 0.065252  2.47147e+08 4.93073e+06 6.71018e+06 1.28244e+06 511818 39350.6 164168 71226.2 89553.1 16730.4 11969.2 14132.4 8612.45 2404.2 2825.31 4339.01
2.47913e+06 2.47913e+06 0.001977 0.0211997 0.187287 0.23506 0.172404 0.13384 0.122437 0.120377 0.12101 0.121918 0.122244 0.121906 0.121144 0.120257 0.119513 0.11921  9.74259e+07 5.77861e+07 1.70686e+06 2.16487e+06 716979 388531 47689.6 163246 83429.2 100585 22739.6 14824.2 17245.6 10654.8 3240.74 9347.28
1.18869e+07 1.18869e+07 0.00401749 0.0424077 0.327638 0.393683 0.303769 0.243951 0.225946 0.22304 0.224418 0.226085 0.226644 0.226006 0.22462 0.223025 0.221694 0.221153  8.90282e+07 4.34228e+07 2.61626e+07 988813 1.22985e+06 607146 384616 57950.4 174266 93906.1 112694 26278.5 16255 18473.2 11282.9 13395
3.87222e+06 3.87222e+06 0.0032458 0.0344649 0.279728 0.341383 0.258667 0.205175 0.189157 0.186439 0.187526 0.188924 0.189407 0.188877 0.18771 0.186362 0.185235 0.184776  6.20201e+06 1.53176e+07 7.64768e+06 3.07179e+06 129486 202792 125632 85168.9 13565.4 38300.3 20582.1 24221 5552.75 3314.98 3689.23 4872.51
1.62954e+06 1.62954e+06 0.00120115 0.0129252 0.117907 0.148891 0.107655 0.0830122 0.0758537 0.0746164 0.0750751 0.0756983 0.075943 0.0757568 0.0752936 0.0747441 0.0742794 0.074089  1.7557e+07 3.26369e+06 8.17933e+06 2.99897e+06 1.18665e+06 64298.4 114505 73043.6 48895.6 7558.33 20588.3 10656 12094.2 2685.79 1563.8 3961.3
655977 655977 0.000790165 0.00852254 0.0794099 0.10084 0.0722548 0.055443 0.0505986 0.04977 0.0500889 0.0505192 0.0506933 0.0505749 0.0502677 0.0499005 0.0495889 0.049461  3.40594e+07 1.07223e+07 2.09027e+06 2.3438e+06 1.11154e+06 616044 78988 110491 88199 60419.5 10722.6 26147.3 14193.9 15845.1 3657.68 7281.99
4.24633e+06 4.24633e+06 0.00352814 0.0373313 0.29434 0.355077 0.271728 0.217287 0.201075 0.198527 0.199844 0.201413 0.20197 0.201434 0.200213 0.198791 0.1976 0.197114  5.97966e+07 1.7225e+07 6.97102e+06 1.54595e+06 1.41391e+06 880091 582291 101136 126358 106006 72199.8 13168 30008.2 16171.5 17695.1 12137.5
1.52363e+06 1.52363e+06 0.00280743 0.029823 0.243217 0.295718 0.223258 0.177173 0.163616 0.16152 0.162664 0.164022 0.164536 0.164132 0.163148 0.161988 0.16101 0.16061  6.76398e+06 1.03711e+07 3.15818e+06 908050 215158 236648 180702 129653 24329.8 28807.9 24031 15922.5 2845.52 6247.47 3307.47 6018.18
988893 988893 0.00121881 0.0131189 0.119944 0.151698 0.109612 0.0844484 0.0771242 0.0758411 0.0762919 0.0769157 0.0771584 0.0769656 0.0764929 0.0759336 0.075461 0.0752675  9.14679e+06 3.55929e+06 5.54311e+06 1.25378e+06 352012 106324 133131 105066 74696.6 13641.5 15614.7 12562.4 8034.44 1391.52 2980.34 4361.65
566893 566893 0.000953067 0.0102748 0.0953063 0.121025 0.0869179 0.0667381 0.0608946 0.0598758 0.0602396 0.0607419 0.0609409 0.0607926 0.0604204 0.0599781 0.0596036 0.0594502  5.97201e+07 6.6338e+06 1.30475e+06 1.7028e+06 671647 329024 150263 107921 99634.8 79826.6 18636.3 19488.4 16160.1 10302.3 1867.79 9378.05
2.49922e+06 2.49922e+06 0.00245528 0.0262123 0.22287 0.275797 0.205236 0.16097 0.147864 0.145608 0.146459 0.147587 0.147994 0.147594 0.146683 0.145621 0.14473 0.144366  2.75958e+07 2.78165e+07 4.57188e+06 819067 1.04239e+06 643180 360453 187973 115818 111786 90925.1 22162.7 21872.6 17841.7 11196.4 12107.9
1.92517e+06 1.92517e+06 0.00284164 0.0302537 0.251203 0.308581 0.23175 0.18282 0.16825 0.165765 0.166738 0.168007 0.168457 0.167996 0.16696 0.165757 0.164748 0.164338  4.69446e+07 4.92601e+06 5.11185e+06 724489 136667 204958 158194 90980.5 48936.4 28247.8 27021.2 21522.3 5155.02 4915.66 3933.07 5056
1.24557e+06 1.24557e+06 0.00138036 0.0148425 0.134453 0.169585 0.123008 0.0949816 0.0868019 0.0853688 0.0858726 0.0865679 0.0868358 0.086616 0.0860833 0.0854546 0.0849238 0.0847067  6.34495e+07 2.47195e+07 2.64773e+06 2.12939e+06 301936 71531.2 120381 95285.9 54067.6 28232.4 15731.5 14501.1 11143.7 2586.13 2405.4 4314.43
1.1025e+06 1.1025e+06 0.000938869 0.0101236 0.09406 0.119528 0.0857891 0.0658394 0.0600613 0.0590503 0.0594063 0.0599003 0.0600958 0.0599491 0.0595817 0.0591453 0.0587758 0.0586244  3.3638e+07 2.21285e+07 6.40237e+06 1.04483e+06 917474 243632 68230 87453.8 108962 62392.1 35572.9 17400.8 16572.5 12910.5 3133.72 7903.36
5.29333e+06 5.29333e+06 0.00301612 0.0320513 0.261982 0.31989 0.241602 0.191423 0.17651 0.17405 0.175135 0.176495 0.17698 0.176506 0.175425 0.174167 0.173113 0.172683  2.98844e+07 1.70594e+07 1.20996e+07 3.16942e+06 793674 793183 261423 80343.3 89540.9 128662 71387 40759.8 18879.3 17713.6 13598.3 11571.8
1.87134e+06 1.87134e+06 0.00314299 0.0334337 0.275443 0.338399 0.25513 0.201489 0.185366 0.18251 0.183474 0.184788 0.185227 0.184688 0.183533 0.182205 0.181098 0.180648  2.63522e+07 5.2436e+06 3.06344e+06 1.65622e+06 439919 158540 178941 62817 19738.4 20612.9 30513.5 16296.9 9091.63 4051.59 3732.44 5232.88
1.63002e+06 1.63002e+06 0.0021363 0.0228604 0.198381 0.247105 0.182415 0.142325 0.130486 0.128417 0.129153 0.130153 0.13052 0.13017 0.129366 0.128426 0.127636 0.127313  1.17985e+08 1.38742e+07 2.81272e+06 1.25027e+06 676464 227818 92380 106850 36954.9 11257.7 11336.5 16159.2 8322.72 4497.42 1954.69 4241.83
1.13855e+06 1.13855e+06 0.00131973 0.0142031 0.12966 0.164102 0.118694 0.0914495 0.0834948 0.0820808 0.0825471 0.0832057 0.0834574 0.0832423 0.0827276 0.0821214 0.0816101 0.0814009  2.71284e+07 2.762e+07 3.56934e+06 702892 476183 407816 135038 105790 111933 42623.8 14077 12356 20101 10118 5498.03 7474.81
5.08279e+06 5.08279e+06 0.00313188 0.0330965 0.258647 0.308822 0.236462 0.18995 0.176451 0.174694 0.176187 0.177796 0.178434 0.178049 0.177018 0.175784 0.174738 0.17431  4.68683e+07 2.05943e+07 1.30637e+07 1.74393e+06 417379 386579 405336 138211 131365 132010 50099.6 16592.6 13630 22241.3 10937.1 13863.8
2.23419e+06 2.23419e+06 0.00332551 0.0353692 0.290825 0.35787 0.27021 0.213343 0.19612 0.192964 0.19388 0.195196 0.195612 0.195014 0.193781 0.192373 0.191203 0.190728  2.73778e+06 8.60774e+06 4.16239e+06 1.62702e+06 211512 69451.7 77574 90424.6 31270 30971.3 30055.3 11078.6 3577.74 2828.19 4569.54 5003.29
1.38639e+06 1.38639e+06 0.0018481 0.019823 0.175602 0.220297 0.161327 0.125196 0.114548 0.112651 0.113274 0.114149 0.114471 0.114164 0.113456 0.112628 0.111931 0.111647  1.67357e+07 1.44145e+06 4.61561e+06 1.69045e+06 663761 109777 40533.4 46317 53109.8 17784.5 16971.1 15849.4 5631.95 1761.39 1357.83 4508.73
786694 786694 0.00129594 0.0139494 0.127528 0.161477 0.116725 0.0898983 0.0820666 0.0806729 0.0811308 0.0817787 0.0820267 0.0818156 0.0813098 0.0807139 0.0802112 0.0800056  3.22125e+07 1.66232e+07 614200 1.61743e+06 1.03406e+06 316460 76141 33010.3 46239.7 62981.5 20600.4 22891.8 20488.3 7255.48 2301.34 7465.82
5.02449e+06 5.02449e+06 0.00349468 0.0370699 0.298203 0.363477 0.276487 0.219707 0.202613 0.199664 0.200767 0.20221 0.202687 0.202098 0.20084 0.199395 0.198191 0.197702  2.52017e+07 1.96977e+07 1.12586e+07 445414 1.13155e+06 1.11161e+06 304334 83539.3 37335.2 52839.6 73884.9 23795.5 26574.7 22910.3 7979.07 10588.4
1.20741e+06 1.20741e+06 0.00195829 0.0209988 0.185504 0.23275 0.170693 0.132518 0.121235 0.119201 0.119834 0.120738 0.121066 0.120733 0.119979 0.119102 0.118365 0.118065  8.15109e+06 4.40894e+06 3.53109e+06 1.52032e+06 69436.8 211891 266312 71258.7 19988.7 8791.95 12144.8 16713.9 5216.28 5711.42 4803.31 3826.13
759698 759698 0.00123597 0.0133084 0.122044 0.154659 0.111649 0.0859263 0.0784249 0.0770915 0.0775316 0.078154 0.0783934 0.078193 0.07771 0.0771404 0.0766597 0.076463  1.48834e+07 4.29981e+06 2.41217e+06 1.72782e+06 780680 42173 139130 176970 46526 12660.7 5378.09 7163.87 9517.72 2879.13 3075.49 4561.13
370933 370933 0.000668233 0.00721933 0.0682606 0.0872399 0.0621642 0.047498 0.0432662 0.042521 0.042776 0.0431348 0.0432785 0.0431742 0.0429095 0.0425944 0.0423272 0.0422177  1.3941e+07 1.38603e+07 1.36451e+06 818450 805897 568401 46607 116793 205931 44900.5 13901.3 6002.67 8114.69 10988.9 3285.84 8798.44
3.09344e+06 3.09344e+06 0.00249336 0.0265828 0.223499 0.275027 0.205413 0.161669 0.148774 0.146646 0.147582 0.148765 0.149203 0.148818 0.14791 0.146846 0.145951 0.145586  1.43967e+07 8.33852e+06 9.80811e+06 881010 575725 685993 601725 61228.3 132742 255531 52210.9 16261 6855.89 9016.19 12034.8 13111.1
786252 786252 0.00194644 0.0208683 0.184095 0.23076 0.1693 0.131505 0.120347 0.118351 0.118994 0.119902 0.120233 0.119906 0.11916 0.11829 0.117559 0.11726  2.22841e+06 2.60982e+06 1.54946e+06 1.51724e+06 145864 113893 153971 148377 15885.5 32514.9 62978.2 12283.2 3728.91 1528.89 1966.86 5407.66
593723 593723 0.00140275 0.0150728 0.135725 0.170675 0.124055 0.095969 0.0877876 0.0863811 0.0869145 0.0876319 0.0879112 0.0876938 0.0871578 0.0865233 0.085987 0.0857674  8.41003e+07 1.17545e+06 1.42724e+06 755457 774653 88175.9 74520.8 102029 96646.5 10040.3 19850.2 37079.3 6981.9 2054.48 821.806 3884.48
579540 579540 0.00108914 0.0117346 0.108236 0.137297 0.0988551 0.0759921 0.0693496 0.0681813 0.0685841 0.069146 0.0693656 0.0691928 0.0687675 0.0682638 0.067838 0.0676636  4.80453e+07 2.25282e+07 790684 555454 344142 517267 73297.3 57188 85233.5 98363.4 11734.6 20581.3 41006.8 7367.34 2201.52 5029.8
4.05292e+06 4.05292e+06 0.00332385 0.0344511 0.23232 0.25839 0.205837 0.172751 0.164511 0.165179 0.16797 0.170348 0.171486 0.171449 0.170666 0.169601 0.168653 0.168257  4.48695e+07 2.32323e+07 1.13026e+07 642670 424332 314521 558071 90099.7 64839 94352.4 113890 14074.8 22987.3 45288.8 7946.32 7715.91
1.72996e+06 1.72996e+06 0.00310183 0.0329823 0.270849 0.331966 0.250463 0.19803 0.182309 0.179581 0.180586 0.181917 0.182374 0.181859 0.180732 0.179429 0.17834 0.177897  4.56648e+06 7.77486e+06 3.97552e+06 946784 59616.2 51535.2 50292.7 102792 17663.9 12230.5 17514.4 21164.1 2574.48 4057.7 7880.89 2674.19
887130 887130 0.00113291 0.012186 0.110798 0.139506 0.100941 0.0779366 0.0712745 0.0701507 0.0706102 0.0712161 0.0714594 0.0712922 0.0708609 0.0703462 0.0699096 0.0697307  1.05351e+08 2.40389e+06 4.1661e+06 1.60849e+06 381228 30505 29753.3 29801.3 60067 10013.5 6688.61 9225.5 10752.2 1267.02 1947.7 4978.05
550533 550533 0.00077384 0.00835553 0.0785908 0.100309 0.0716396 0.054801 0.0499296 0.0490675 0.0493572 0.0497669 0.0499296 0.0498076 0.0495018 0.0491382 0.0488303 0.0487042  3.73548e+07 2.79072e+07 904562 1.40845e+06 647740 273457 60282.6 41821.3 41768.6 87965.9 15270.6 9402.02 12846.2 15291.6 1863.74 9769.93
3.39292e+06 3.39292e+06 0.00200077 0.0213815 0.183578 0.226859 0.167926 0.131574 0.120971 0.119266 0.120086 0.121103 0.121499 0.121207 0.120477 0.119611 0.118879 0.118579  1.84367e+07 1.76262e+07 1.37116e+07 621409 978738 557507 307827 86510.9 55935.5 53772 110729 19273.8 11322 14820.8 17363.8 13062.8
1.25151e+06 1.25151e+06 0.00201663 0.0215547 0.185318 0.229233 0.169618 0.132818 0.122056 0.1203 0.121107 0.122122 0.122514 0.122216 0.121477 0.120603 0.119865 0.119563  1.13412e+07 3.2274e+06 3.20541e+06 2.10704e+06 108389 199096 131387 79422.9 23250 14431.2 13545.5 27135 4579.96 2600.04 3329.83 6740.53
731818 731818 0.00125136 0.0134682 0.123039 0.155621 0.112493 0.0866769 0.0791544 0.0778309 0.0782879 0.0789238 0.0791701 0.0789706 0.0784847 0.0779106 0.0774257 0.0772273  5.49621e+07 5.97703e+06 1.75147e+06 1.46204e+06 976940 60814.6 123178 83082.6 49599.6 14124.7 8479.99 7681.94 14862.7 2432.05 1347.1 5114.91
462904 462904 0.000918896 0.00991203 0.092401 0.117605 0.0843056 0.0646343 0.0589317 0.0579248 0.0582665 0.0587471 0.0589366 0.0587912 0.0584299 0.0580013 0.0576386 0.0574901  2.73043e+07 1.34609e+07 1.69882e+06 522844 487014 410850 49059.5 86423.3 67475 50733.4 16656.9 9276.89 8447.09 16159.4 2656.21 6867.26
3.56117e+06 3.56117e+06 0.00531926 0.0541253 0.319275 0.342406 0.28346 0.245272 0.236599 0.238756 0.24323 0.24682 0.248536 0.248549 0.247493 0.24603 0.244721 0.244173  2.48196e+07 1.23376e+07 6.52783e+06 945978 332817 362059 354509 58621.6 93822.9 74822.7 58736.1 19602.8 10493.8 9219.28 17182.3 10012
1.74496e+06 1.74496e+06 0.00724034 0.0750141 0.498955 0.579009 0.471915 0.391664 0.366005 0.361563 0.363236 0.365284 0.365719 0.364449 0.362155 0.35963 0.357569 0.35674  1.57756e+07 4.30726e+06 2.0103e+06 377225 47728.6 26873 41517.2 49369.8 9577.52 14676 11804.3 9254.1 3024.22 1564.42 1350.53 3925.97
1.1694e+06 1.1694e+06 0.00293633 0.0312935 0.261916 0.323592 0.2425 0.190618 0.174941 0.172056 0.1729 0.17412 0.17453 0.174019 0.172928 0.171673 0.170626 0.1702  5.68861e+07 8.25302e+06 2.16383e+06 448440 72301.5 14640.1 10568.5 17388.7 20509.7 3843.53 5645.09 4348.38 3274.59 1034.1 521.108 1721.58
637300 637300 0.0010995 0.0118369 0.108438 0.137045 0.0988963 0.0761783 0.0695831 0.0684435 0.0688692 0.0694475 0.0696772 0.0695095 0.0690859 0.0685822 0.0681556 0.0679808  3.81877e+07 1.65459e+07 2.58303e+06 594170 192445 94815.1 36339.5 20606.4 28826.3 37883.1 8850.82 11966 9545.4 7427.38 2371.9 5061.67
3.53358e+06 3.53358e+06 0.00290749 0.0309285 0.254987 0.312316 0.235138 0.185864 0.171206 0.168747 0.169771 0.17108 0.171548 0.171084 0.170034 0.168812 0.167788 0.16737  2.61821e+07 1.98665e+07 8.60494e+06 1.4838e+06 398537 183829 120860 51082.6 27556.5 36513.4 47598.3 11297.9 14596.6 11240.5 8594.77 8490.2
1.28521e+06 1.28521e+06 0.0023163 0.0247385 0.211131 0.261266 0.194043 0.152066 0.139652 0.137529 0.138359 0.139451 0.139856 0.13949 0.138635 0.137633 0.136791 0.136447  1.1357e+07 4.62606e+06 3.56818e+06 1.21677e+06 226093 77706 43137.8 30936.3 13223.9 6877.02 8841.12 11252.6 2597.13 3245.34 2450.91 3664.32
804341 804341 0.00132352 0.0142308 0.128893 0.162416 0.117776 0.0909638 0.0831495 0.0817938 0.0822918 0.0829698 0.0832345 0.0830287 0.0825208 0.0819194 0.0814109 0.0812027  3.77286e+07 5.98464e+06 2.50588e+06 1.5971e+06 554158 125719 47736.3 27047.2 19121.3 7939.24 3989.02 4945.58 6076.31 1359.26 1657 3062.01
315355 315355 0.000597573 0.00645952 0.0613846 0.0785896 0.0558836 0.0426399 0.0388183 0.0381414 0.0383679 0.0386897 0.0388189 0.0387255 0.0384881 0.0382051 0.0379652 0.0378669  3.48114e+07 1.13734e+07 1.6858e+06 788182 616687 286862 106468 40468.5 27475 22680.2 9965.44 4851.04 5919.28 7323.46 1641.77 5635.92
3.96698e+06 3.96698e+06 0.00487497 0.0510319 0.368798 0.432952 0.341643 0.279138 0.260408 0.257814 0.259715 0.261769 0.26248 0.26179 0.260233 0.258428 0.256919 0.256304  1.21055e+07 1.55008e+07 6.00617e+06 983987 552332 507795 281805 128536 47780.2 33174.2 27755.7 12093.6 5689.02 6682.46 8102.8 7975.13
1.59425e+06 1.59425e+06 0.00490846 0.0516997 0.391642 0.471481 0.36742 0.295685 0.273356 0.269214 0.27036 0.271989 0.272413 0.271502 0.269768 0.267828 0.266233 0.265588  8.28208e+06 2.11138e+06 2.67796e+06 597877 97631.4 78650.6 88776.9 55916.8 27154.1 9772.18 6698.67 5479.4 2314.33 1053.68 1211.18 2870.31
828351 828351 0.00238764 0.0255138 0.218642 0.271464 0.201427 0.157581 0.144539 0.142229 0.143015 0.144097 0.144485 0.144089 0.143196 0.142157 0.141285 0.14093  7.33196e+07 4.35047e+06 1.10525e+06 870735 185067 41919 39812.5 46588.2 28916.4 13572.3 4693.71 3089.39 2432.24 993.93 441.091 1674.22
657390 657390 0.0014394 0.0154817 0.14055 0.177654 0.128802 0.0993476 0.0907148 0.0891663 0.0896603 0.0903658 0.0906325 0.0903954 0.0898352 0.0891771 0.0886225 0.0883958  5.48545e+07 1.7638e+07 1.27975e+06 305195 284864 149728 47458 43437.6 50603.5 37334.6 20376 6845.03 4624.63 3683.75 1499.82 3172.7
3.7589e+06 3.7589e+06 0.00376716 0.0391373 0.268129 0.302137 0.240294 0.200395 0.189851 0.189933 0.192671 0.195085 0.196187 0.196021 0.195056 0.193804 0.19271 0.192255  4.06095e+07 2.46774e+07 8.37961e+06 715748 207037 227559 163646 59933.8 52142.5 58552.2 44170.6 24390.7 7946.99 5211.61 4076.14 5091
1.40814e+06 1.40814e+06 0.00242515 0.0257942 0.212747 0.258807 0.194341 0.153895 0.142087 0.140325 0.1414 0.142653 0.14315 0.142829 0.141987 0.140982 0.140131 0.139782  4.0326e+07 7.55e+06 4.19656e+06 734526 61287.5 26949.4 36098.3 30740.6 12093.5 10262.8 11230.5 8436.9 4560.09 1440.72 926.694 1604.11
1.15674e+06 1.15674e+06 0.00128333 0.0138087 0.125863 0.159065 0.115079 0.0887041 0.081 0.0796374 0.080102 0.0807517 0.0810035 0.0807996 0.0803031 0.0797162 0.0792205 0.0790177  2.97268e+07 2.12249e+07 4.04749e+06 1.71623e+06 293734 30822.9 15350.6 21239.2 17938.4 6877.2 5648.65 5966.78 4329.32 2268.49 699.267 1204.42
485764 485764 0.000501435 0.00542339 0.0518098 0.0664292 0.0471297 0.035915 0.0326842 0.0321124 0.0323045 0.0325774 0.0326877 0.0326099 0.0324102 0.0321719 0.0319697 0.0318867  2.47847e+07 1.05806e+07 5.50003e+06 1.30283e+06 661871 220903 47235.6 23329.5 25784.1 26983.7 10815.9 8543.92 8705.59 6463.54 3369.54 2812.01
4.67055e+06 4.67055e+06 0.00472135 0.0492858 0.348916 0.404512 0.320644 0.263812 0.247233 0.245468 0.247721 0.249965 0.250824 0.250276 0.248853 0.247162 0.245733 0.245149  2.12468e+07 1.17352e+07 6.42635e+06 2.92102e+06 959798 556006 251384 63694.6 31167.4 31276.2 33452.5 13440 10179.8 9993.71 7296.54 6920.6
1.63469e+06 1.63469e+06 0.0055256 0.0578839 0.419791 0.498033 0.393914 0.320559 0.297698 0.2937 0.295134 0.296974 0.297463 0.296492 0.294626 0.292537 0.290818 0.290123  5.68476e+06 3.6715e+06 2.05422e+06 662663 253436 134277 95136.3 50889.8 13491.6 6486.59 6193.78 6524.89 2559.33 1877.72 1799.17 2527.72
870505 870505 0.00251259 0.0268497 0.230053 0.286141 0.212462 0.166128 0.152278 0.149761 0.150525 0.151619 0.151998 0.151564 0.150614 0.149517 0.148599 0.148225  4.34943e+07 2.98196e+06 1.89596e+06 590600 174549 96887 62308.5 46267.1 24480.5 6279.02 2900.87 2658.76 2694.9 1022.48 731.133 1651.95
298788 298788 0.000859418 0.00927535 0.0868776 0.11077 0.0792547 0.0606814 0.0552964 0.0543394 0.0546558 0.0551056 0.0552831 0.0551465 0.0548072 0.0544048 0.0540642 0.0539247  1.29242e+07 1.10272e+07 978963 477766 251794 192014 92131.5 72052.3 55995.5 38535.2 10575.4 4852.04 4227.57 4415.23 1690.95 3896.23
2.77634e+06 2.77634e+06 0.00448482 0.0467553 0.327999 0.377362 0.299451 0.247288 0.232418 0.23122 0.233657 0.235984 0.23693 0.236495 0.235197 0.233622 0.23228 0.231729  2.38794e+07 7.33892e+06 5.47977e+06 627115 313244 243861 238592 111012 90167.7 68244.9 48336 13160.1 5862.71 4882.31 5022.62 6275.82
1.17715e+06 1.17715e+06 0.0055905 0.0586815 0.432055 0.517128 0.407512 0.329921 0.305383 0.300682 0.301787 0.303445 0.303807 0.302729 0.300774 0.298613 0.296847 0.296134  2.61431e+06 4.13318e+06 1.31081e+06 516017 59976.5 40647.4 43432.4 48367.7 22425.5 18244.3 13421.7 9401 2482.14 1073.7 872.273 1989.66
894121 894121 0.00331946 0.0353104 0.290712 0.357941 0.27012 0.213119 0.195783 0.192556 0.193442 0.194744 0.195157 0.194559 0.193329 0.191924 0.190757 0.190283  5.40012e+06 1.3722e+06 2.14535e+06 393602 145264 24183 19625 21806.8 23914.8 10699.9 8352.03 5892.53 3969.18 1013.45 427.214 1115.81
197844 197844 0.000789166 0.0085212 0.0801604 0.102345 0.0730916 0.0558972 0.0509126 0.0500233 0.0503135 0.0507285 0.050893 0.0507679 0.0504558 0.0500852 0.0497714 0.0496429  1.02074e+07 6.22025e+06 546636 614132 195065 122960 38537.7 21927.7 30033 37550.9 16394.5 13202.2 9369.34 6503.69 1636.97 2481.16
2.76627e+06 2.76627e+06 0.00573553 0.0597876 0.4176 0.487265 0.389538 0.320488 0.299389 0.296293 0.298246 0.300394 0.301064 0.300193 0.298377 0.296307 0.294591 0.293895  9.04688e+06 6.93367e+06 4.26877e+06 366320 420372 198713 150723 52449.8 27603.3 37645.1 46372.2 19616 15397.3 10613.7 7243.54 4520.81
679871 679871 0.00374342 0.0397303 0.320767 0.393147 0.299061 0.236985 0.217943 0.21435 0.215272 0.216655 0.217066 0.216375 0.214997 0.213436 0.212144 0.21162  2.01643e+06 1.81393e+06 1.23929e+06 396675 34212.5 53820 36219.5 31044.8 10998.2 5507.09 7365.09 8818.56 3593.93 2742.78 1846.29 2016.44
621923 621923 0.00332828 0.0353944 0.290742 0.357575 0.270033 0.213185 0.195895 0.192692 0.193595 0.19491 0.19533 0.194737 0.193508 0.192105 0.190938 0.190463  2.07413e+07 1.06115e+06 967642 479440 152716 17084.5 30490.9 21013.7 17701 6065.33 2923.17 3759.4 4337.11 1711.27 1273.41 1759.27
286055 286055 0.00111473 0.0120133 0.111024 0.141045 0.101494 0.0779469 0.0710809 0.0698509 0.0702458 0.0708113 0.0710304 0.07085 0.0704126 0.069896 0.0694598 0.0692812  1.81531e+07 7.25926e+06 596289 395212 324446 171510 25709.4 31944.6 28982.4 27339.6 9620.36 4345.02 5668.74 6553 2549 4518.3
1.56033e+06 1.56033e+06 0.00235886 0.0251799 0.213952 0.264285 0.196609 0.154296 0.141814 0.139715 0.140581 0.1417 0.142115 0.141745 0.140878 0.139862 0.139007 0.138658  1.34731e+07 1.01962e+07 4.53531e+06 501418 322275 338004 198357 33853.5 37284.1 36193.5 34026.3 11739.2 5109.91 6447.92 7281.13 7726.4
917258 917258 0.00309817 0.0329411 0.270366 0.331257 0.249957 0.197651 0.18196 0.179236 0.180243 0.181577 0.182037 0.181525 0.180401 0.179101 0.178015 0.177573  1.25803e+06 2.43358e+06 1.91454e+06 742270 94026.1 69144.8 84068.9 51144.7 8997.25 9339.51 9100.89 8358.49 2789.39 1174.13 1451.04 3321.17
650882 650882 0.00221013 0.0236662 0.206473 0.258233 0.190364 0.148187 0.135634 0.133341 0.134021 0.135008 0.135356 0.134975 0.13413 0.13315 0.132329 0.131994  3.76461e+07 662237 1.30379e+06 773504 298199 48019.7 39854.5 49734.3 29837.6 5092.29 5099.64 4786.46 4240.04 1370.73 562.741 2241.69
495670 495670 0.00177737 0.0190746 0.169779 0.21333 0.155928 0.120855 0.110522 0.108673 0.10927 0.110114 0.110427 0.110131 0.109447 0.108648 0.107975 0.1077  2.08096e+07 1.11171e+07 306038 446891 343240 183888 49043.5 38268.6 61832.8 37206.2 6610.41 5995.88 5931.35 5272.51 1675.75 3392.11
2.88538e+06 2.88538e+06 0.00492696 0.0506358 0.320046 0.352273 0.287029 0.243972 0.232997 0.233838 0.237488 0.240562 0.241967 0.241805 0.240662 0.239165 0.237852 0.237306  1.05405e+07 9.59116e+06 6.27491e+06 225587 293053 293026 190588 60189.1 43741.3 73241.2 43011.3 7645.08 6569.05 6433.84 5611.21 5305.06
1.0669e+06 1.0669e+06 0.0052468 0.0551499 0.410783 0.492378 0.386108 0.311864 0.288558 0.284185 0.285346 0.287016 0.28743 0.286452 0.284621 0.28258 0.280905 0.280229  2.21933e+06 1.9046e+06 1.60183e+06 490268 18704.3 30301.5 42142.6 32450.3 11135.3 7779.54 13088.2 7468.61 1297.57 1073.91 1037.4 1734.36
873724 873724 0.00471596 0.0497007 0.378398 0.45553 0.354097 0.28463 0.263027 0.259043 0.260205 0.261837 0.262293 0.261445 0.259791 0.257929 0.256393 0.255771  3.0166e+07 1.16522e+06 991944 496852 143142 7713.95 14874.1 21491.2 16306.1 5405.11 3626.59 5855.54 3214.88 540.285 435.814 1102.68
326828 326828 0.00114721 0.0123562 0.11362 0.144005 0.103812 0.0798438 0.0728574 0.0716185 0.0720351 0.0726217 0.0728504 0.0726681 0.0722213 0.0716927 0.0712459 0.0710631  1.72148e+07 1.01349e+07 928409 267958 164407 137440 17055.8 23103.4 33176.1 25900.7 9617.19 6195.7 10464.7 5648.86 944.774 2643.08
3.81188e+06 3.81188e+06 0.00501964 0.0525429 0.379374 0.446016 0.352275 0.287691 0.26816 0.265305 0.267134 0.269163 0.269842 0.269102 0.267485 0.265623 0.264071 0.26344  2.61907e+07 1.44846e+07 6.15291e+06 827712 217603 160114 175814 24538.5 29781.2 42275.6 32860.3 12109 7494.35 12360.4 6522.88 4085.07
811406 811406 0.00175922 0.0188668 0.166969 0.209065 0.153073 0.118861 0.108803 0.107041 0.107669 0.108527 0.108851 0.108571 0.107903 0.107118 0.106457 0.106187  3.07066e+07 4.70193e+06 2.96238e+06 681641 105038 34955.3 30949.2 38425.9 5505.28 6340 8805.8 6682.31 2394.7 1432.43 2315.31 1952.97
805456 805456 0.00117327 0.0126256 0.115205 0.145437 0.105126 0.0810502 0.0740486 0.072836 0.0732857 0.0738977 0.0741396 0.0739598 0.0735087 0.072973 0.0725194 0.0723337  3.77448e+07 1.61976e+07 2.57318e+06 1.45585e+06 349920 63551 22874.4 20522.1 25067 3488.06 3882.91 5203.84 3813.72 1324.99 773.298 2261.65
