1 2 1 1 12.6416 54 3970 3.32236
1 3 1 1 24.3596 54 859 1.72417
1 5 1 1 6.25316 54 194 6.71661
1 6 1 1 10.3985 54 5686 4.03904
1 7 1 1 50.4039 54 751 0.833268
1 10 1 1 49.7154 54 9560 0.844809
1 11 1 1 4.0003 54 828 10.4992
1 14 1 1 31.1365 54 5977 1.3489
1 15 1 1 3.83096 54 266 10.9633
1 18 1 1 39.7451 54 2823 1.05673
1 19 1 1 34.3873 54 666 1.22138
1 22 1 1 16.9535 54 3124 2.47736
1 23 1 1 6.06114 54 50 6.92939
1 26 1 1 44.7949 54 1955 0.937607
1 27 1 1 7.03639 54 145 5.96897
1 30 1 1 23.6756 54 2521 1.77398
1 31 1 1 14.1294 54 311 2.97253
1 34 1 1 16.2122 54 2694 2.59064
1 35 1 1 18.1551 54 170 2.31339
1 38 1 1 59.5125 54 1064 0.705734
1 39 1 1 11.377 54 60 3.69167
1 42 1 1 27.053 54 2576 1.55251
1 43 1 1 6.50536 54 5 6.45622
1 44 3 3 3.23398 54 1 12.9871
1 46 1 1 9.87247 54 3633 4.25426
1 47 1 1 6.10155 54 5 6.88349
1 50 1 1 57.2467 54 6266 0.733667
1 51 1 1 15.9826 54 68 2.62786
1 53 1 1 10.8583 54 276 3.86802
1 54 1 1 85.874 54 2185 0.489089
1 58 1 1 21.1342 54 7160 1.9873
1 62 1 1 18.3067 54 2846 2.29424
1 66 1 1 25.2055 54 1159 1.6663
1 70 1 1 25.3602 54 194 1.65614
1 71 1 1 6.28614 54 15 6.68137
1 74 1 1 10.387 54 1758 4.04351
1 76 1 1 31.477 54 139 1.33431
1 78 1 1 16.8288 54 5394 2.49572
1 78 3 3 2.40106 54 1 17.4922
1 79 1 1 12.0891 54 284 3.47421
1 82 1 1 43.2557 54 4172 0.970971
1 83 1 1 33.2496 54 734 1.26317
1 83 2 2 51.1154 54 100 0.821671
1 84 1 1 1.00049 54 3 41.9795
1 85 3 3 0.0972071 54 2 432.067
1 86 1 1 25.599 54 1680 1.64069
1 86 2 2 23.9751 54 158 1.75182
1 86 3 3 0.368777 54 1 113.89
1 87 1 1 8.43071 54 40 4.98179
1 90 1 1 12.2176 54 2030 3.43766
1 90 2 2 9.66897 54 100 4.34379
1 91 1 1 35.4927 54 569 1.18334
1 94 1 1 26.683 54 2326 1.57404
1 94 3 3 3.81034 54 1 11.0226
1 95 1 1 17.95 54 20 2.33983
1 98 1 1 38.382 54 5174 1.09426
1 99 1 1 105.298 54 3563 0.398869
1 102 1 1 49.5339 54 17275 0.847904
1 103 1 1 78.8492 54 3730 0.532663
1 106 1 1 52.9792 54 5314 0.792765
1 107 1 1 45.317 54 32 0.926805
1 110 1 1 67.2273 54 4552 0.624746
1 111 1 1 60.8551 54 692 0.690164
1 113 1 1 8.29627 54 4 5.06252
1 114 1 1 35.759 54 21772 1.17453
1 114 2 2 73.4209 54 418 0.572044
1 114 3 3 2.78678 54 7 15.0712
1 115 1 1 48.8673 54 3886 0.859471
1 118 1 1 45.7817 54 26023 0.917398
1 118 2 2 33.3917 54 207 1.2578
1 119 1 1 132.36 54 1429 0.317316
1 120 3 3 0.94759 54 3 44.323
1 122 1 1 43.5939 54 4936 0.963438
1 123 1 1 86.675 54 4866 0.484569
1 124 1 1 84.7002 54 1139 0.495866
1 124 3 3 0.143296 54 5 293.1
1 125 3 3 36.1487 54 115 1.16187
1 126 1 1 56.1599 54 6555 0.747864
1 126 2 2 27.7954 54 614 1.51104
1 127 1 1 21.1619 54 1194 1.9847
1 128 1 1 14.2569 54 1407 2.94594
1 129 1 1 9.06483 54 100 4.63329
1 129 3 3 0.221385 54 2 189.715
1 130 1 1 45.153 54 8511 0.930171
1 130 2 2 91.0999 54 606 0.461032
1 131 1 1 14.8793 54 3350 2.82271
1 132 1 1 5.09973 54 1359 8.23573
1 133 1 1 14.2263 54 65 2.95227
1 134 1 1 69.415 54 8222 0.605057
1 134 2 2 58.3232 54 1170 0.720125
1 135 1 1 315.636 54 5277 0.133065
1 136 1 1 82.2082 54 1455 0.510898
1 137 1 1 2.19958 54 30 19.0945
1 138 1 1 238.846 54 4376 0.175846
1 138 2 2 86.2527 54 1146 0.486941
1 139 1 1 20.923 54 2091 2.00736
1 140 1 1 3.27138 54 137 12.8386
1 141 1 1 9.90454 54 84 4.24048
1 142 1 1 73.4633 54 2700 0.571714
1 142 2 2 62.1882 54 508 0.675369
1 143 1 1 78.9056 54 3778 0.532281
1 144 1 1 3.71769 54 85 11.2973
1 146 1 1 34.3255 54 3632 1.22358
1 146 2 2 28.8138 54 300 1.45764
1 147 1 1 125.731 54 2217 0.334046
1 147 2 2 31.0484 54 224 1.35273
1 148 1 1 18.6772 54 1017 2.24873
1 149 1 1 21.9815 54 41 1.9107
1 150 1 1 70.6364 54 7919 0.594594
1 150 2 2 46.9903 54 3414 0.893802
1 151 1 1 142.34 54 6313 0.295068
1 152 1 1 24.5784 54 3476 1.70882
1 153 1 1 20.2215 54 173 2.077
1 154 1 1 28.2505 54 17818 1.4867
1 155 1 1 156.229 54 14497 0.268837
1 156 1 1 19.6343 54 3079 2.13912
1 157 1 1 24.1434 54 912 1.7396
1 158 1 1 27.3584 54 12114 1.53518
1 159 1 1 38.0251 54 9998 1.10453
1 160 1 1 8.31878 54 4899 5.04882
1 161 1 1 7.46056 54 67 5.6296
1 162 1 1 23.0997 54 14243 1.81821
1 163 1 1 58.6284 54 16847 0.716376
1 164 1 1 13.3731 54 3786 3.14064
1 165 1 1 21.9218 54 659 1.9159
1 166 1 1 40.657 54 21464 1.03303
1 167 1 1 52.8758 54 12396 0.794314
1 167 3 3 6.7998 54 3 6.17665
1 168 1 1 30.102 54 8206 1.39526
1 169 1 1 12.3633 54 16 3.39716
1 170 1 1 58.0557 54 14156 0.723443
1 171 1 1 138.171 54 10871 0.303972
1 172 1 1 28.0806 54 3499 1.49569
1 173 3 3 2.2597 54 1 18.5865
1 174 1 1 63.9933 54 2813 0.656319
1 175 1 1 5.06903 54 25 8.2856
1 176 1 1 24.5489 54 45 1.71087
1 176 3 3 4.75789 54 2 8.82745
1 178 1 1 27.8502 54 6216 1.50807
1 179 1 1 52.9618 54 6464 0.793024
1 180 1 1 54.9801 54 874 0.763913
1 182 1 1 71.5576 54 13509 0.58694
1 183 1 1 29.2201 54 3065 1.43737
1 184 1 1 23.1915 54 760 1.81101
1 185 1 1 13.4217 54 89 3.12926
1 186 1 1 43.4497 54 7777 0.966635
1 187 1 1 22.7064 54 3087 1.8497
1 188 1 1 114.762 54 2704 0.365975
2 2 1 4 18.9174 54 2480 2.22018
2 3 1 4 58.2985 54 5296 0.720431
2 4 1 4 18.3428 54 499 2.28972
2 6 1 4 11.8773 54 4563 3.53615
2 7 1 4 44.9137 54 5642 0.935126
2 8 1 4 37.8641 54 1425 1.10923
2 10 1 4 24.9267 54 5149 1.68494
2 11 1 4 40.745 54 4944 1.0308
2 12 1 4 17.4499 54 1010 2.40689
2 12 3 6 0.908858 54 1 46.2119
2 14 1 4 25.0726 54 3782 1.67513
2 15 1 4 27.1065 54 2376 1.54944
2 16 1 4 33.0659 54 450 1.27019
2 16 3 6 14.9819 54 13 2.80338
2 17 2 6 14.9061 54 12 2.81764
2 18 1 4 25.1495 54 192 1.67002
2 19 1 4 32.6338 54 4612 1.28701
2 20 1 4 9.03616 54 326 4.64799
2 20 3 6 0.747214 54 2 56.2088
2 22 1 4 19.29 54 1749 2.17729
2 23 1 4 28.9869 54 3446 1.44893
2 24 1 4 61.6019 54 1207 0.681797
2 24 3 6 8.26607 54 7 5.08101
2 25 3 6 3.02392 54 1 13.8893
2 26 1 4 32.9862 54 3571 1.27326
2 27 1 4 44.1937 54 5790 0.950362
2 27 3 6 1.85686 54 6 22.6189
2 28 1 4 20.1039 54 1494 2.08914
2 29 2 6 16.2568 54 5 2.58353
2 30 1 4 36.4771 54 1000 1.15141
2 31 1 4 44.4166 54 2944 0.945592
2 32 1 4 13.2463 54 580 3.17069
2 34 1 4 14.0884 54 2396 2.98118
2 35 1 4 39.2624 54 4728 1.06973
2 36 1 4 20.0068 54 948 2.09928
2 38 1 4 58.2995 54 2378 0.720418
2 39 1 4 54.0527 54 4288 0.777019
2 40 1 4 32.4782 54 1850 1.29318
2 42 1 4 24.2202 54 2909 1.73409
2 43 1 4 35.8231 54 12716 1.17243
2 44 1 4 24.1216 54 1285 1.74118
2 46 1 4 22.1907 54 8558 1.89268
2 47 1 4 32.1147 54 13450 1.30781
2 48 1 4 37.6128 54 2416 1.11664
2 50 1 4 46.4765 54 7592 0.903682
2 51 1 4 40.7586 54 20669 1.03046
2 52 1 4 18.8836 54 2348 2.22415
2 52 3 6 8.81562 54 11 4.76427
2 54 1 4 38.151 54 4523 1.10089
2 55 1 4 27.1046 54 11310 1.54955
2 56 1 4 23.4229 54 1729 1.79311
2 56 3 6 33.995 54 21 1.23548
2 58 1 4 27.9178 54 5222 1.50441
2 59 1 4 45.9328 54 10215 0.914379
2 60 1 4 18.9959 54 2244 2.21101
2 60 3 6 2.50233 54 2 16.7844
2 62 1 4 29.7587 54 6600 1.41135
2 63 1 4 23.5834 54 9644 1.78091
2 63 3 6 4.486 54 4 9.36246
2 64 1 4 25.0445 54 2075 1.67702
2 66 1 4 32.8941 54 2300 1.27683
2 67 1 4 26.4056 54 7980 1.59057
2 67 3 6 1.86308 54 2 22.5433
2 68 1 4 22.633 54 962 1.8557
2 68 3 6 0.000194636 54 22 215787
2 70 1 4 28.1448 54 3297 1.49229
2 71 1 4 60.0109 54 8678 0.699873
2 72 1 4 20.0847 54 3388 2.09114
2 74 1 4 68.8332 54 5464 0.610171
2 75 1 4 42.5214 54 5910 0.987737
2 76 1 4 39.0231 54 1646 1.07629
2 78 1 4 22.1316 54 7811 1.89773
2 79 1 4 33.6287 54 14481 1.24893
2 79 3 6 12.4576 54 7 3.37144
2 80 1 4 17.2316 54 3615 2.43738
2 80 3 6 2.47795 54 7 16.9495
2 82 1 4 29.2917 54 5030 1.43385
2 83 1 4 33.4817 54 20094 1.25442
2 83 2 5 49.5096 54 974 0.84832
2 84 1 4 26.4485 54 5041 1.58799
2 84 3 6 21.4511 54 18 1.95794
2 86 1 4 38.4421 54 9675 1.09255
2 86 2 5 22.5825 54 118 1.85985
2 87 1 4 36.4938 54 15213 1.15088
2 87 2 5 25.6387 54 1107 1.63815
2 88 1 4 18.2993 54 3968 2.29517
2 88 3 6 23.0532 54 27 1.82188
2 90 1 4 46.6614 54 8618 0.900101
2 90 2 5 40.263 54 239 1.04314
2 91 1 4 40.1586 54 13488 1.04585
2 91 2 5 74.3504 54 1047 0.564893
2 92 1 4 81.0824 54 6403 0.517992
2 92 2 5 21.5873 54 120 1.94558
2 94 1 4 69.5571 54 8642 0.603821
2 95 1 4 50.1982 54 30146 0.836683
2 96 1 4 18.271 54 6166 2.29872
2 96 3 6 9.86542 54 3 4.2573
2 98 1 4 31.6597 54 1864 1.32661
2 99 1 4 50.3557 54 32928 0.834067
2 99 3 6 0.847697 54 2 49.546
2 100 1 4 65.8669 54 4554 0.637649
2 100 3 6 18.3835 54 5 2.28465
2 102 1 4 56.9768 54 7520 0.737142
2 103 1 4 48.7863 54 29963 0.860897
2 103 3 6 34.4085 54 25 1.22063
2 104 1 4 20.7241 54 13466 2.02663
2 104 3 6 34.4894 54 60 1.21776
2 106 1 4 75.6974 54 10129 0.55484
2 107 1 4 56.9834 54 28715 0.737056
2 107 3 6 11.5339 54 8 3.64144
2 108 1 4 161.832 54 10069 0.259528
2 108 3 6 0.0977121 54 5 429.834
2 110 1 4 42.4344 54 6215 0.989762
2 110 3 6 1.5967 54 1 26.3042
2 111 1 4 119.402 54 25165 0.351753
2 111 3 6 0.097713 54 2 429.83
2 112 1 4 107.232 54 4621 0.391673
2 112 3 6 11.4193 54 6 3.678
2 114 1 4 53.2004 54 17686 0.789468
2 114 2 5 41.3574 54 2112 1.01554
2 115 1 4 67.3763 54 15945 0.623364
2 115 3 6 4.7818 54 2 8.7833
2 116 1 4 19.0672 54 7007 2.20273
2 116 3 6 2.94202 54 1 14.2759
2 118 1 4 134.435 54 19854 0.312419
2 118 2 5 149.731 54 2679 0.280503
2 119 1 4 58.8729 54 41459 0.713401
2 119 2 5 62.1276 54 5527 0.676028
2 119 3 6 26.1474 54 24 1.60628
2 120 1 4 24.1198 54 17917 1.7413
2 120 2 5 60.0345 54 105 0.699597
2 120 3 6 25.9097 54 41 1.62101
2 122 1 4 83.0318 54 15179 0.50583
2 122 2 5 40.5164 54 2582 1.03662
2 123 1 4 117.139 54 52821 0.358549
2 123 2 5 44.3582 54 6051 0.946838
2 123 3 6 2.12889 54 1 19.7286
2 124 1 4 58.6767 54 11162 0.715787
2 124 3 6 1.29906 54 1 32.331
2 126 1 4 75.5104 54 21947 0.556215
2 126 2 5 63.0996 54 2165 0.665615
2 127 1 4 53.4883 54 44291 0.785219
2 127 2 5 72.9334 54 7199 0.575868
2 128 1 4 25.1716 54 23050 1.66855
2 128 2 5 26.4653 54 421 1.58698
2 130 1 4 84.8646 54 7949 0.494906
2 130 2 5 40.1614 54 742 1.04578
2 131 1 4 103.665 54 35127 0.405153
2 131 2 5 93.9576 54 812 0.44701
2 131 3 6 6.735 54 11 6.23608
2 132 1 4 55.3502 54 20085 0.758805
2 132 3 6 12.5702 54 7 3.34123
2 134 1 4 96.8453 54 12097 0.433681
2 134 2 5 82.312 54 3287 0.510254
2 135 1 4 72.5163 54 42867 0.57918
2 135 2 5 55.1274 54 5968 0.761872
2 136 1 4 26.4713 54 28832 1.58662
2 136 2 5 34.1067 54 224 1.23143
2 138 1 4 83.8698 54 1117 0.500776
2 138 2 5 70.9168 54 5721 0.592243
2 139 1 4 93.242 54 35555 0.450441
2 139 2 5 75.3035 54 7736 0.557743
2 139 3 6 3.30655 54 3 12.7021
2 140 1 4 20.6889 54 13854 2.03008
2 140 3 6 12.2298 54 12 3.43424
2 142 1 4 88.9906 54 3483 0.47196
2 142 2 5 28.1658 54 1783 1.49117
2 143 1 4 122.083 54 30624 0.344027
2 143 2 5 36.8096 54 1533 1.14101
2 144 1 4 47.3931 54 11235 0.886205
2 146 1 4 57.0893 54 3611 0.735689
2 146 2 5 33.2442 54 9855 1.26338
2 147 1 4 62.4334 54 31822 0.672717
2 147 2 5 45.5641 54 5176 0.921777
2 148 1 4 30.0017 54 11552 1.39992
2 150 1 4 95.4001 54 1384 0.440251
2 150 2 5 36.9818 54 1940 1.13569
2 151 1 4 33.0849 54 28929 1.26946
2 151 2 5 92.0049 54 2378 0.456497
2 152 1 4 31.2181 54 11518 1.34537
2 154 1 4 33.2884 54 7225 1.2617
2 154 2 5 35.2125 54 101 1.19276
2 155 1 4 74.0107 54 32680 0.567485
2 155 2 5 13.6327 54 399 3.08083
2 156 1 4 35.8021 54 23992 1.17311
2 157 2 6 4.11713 54 2 10.2013
2 158 1 4 42.5916 54 781 0.98611
2 159 1 4 65.6965 54 25078 0.639304
2 159 2 5 86.8132 54 524 0.483797
2 159 3 6 18.7563 54 4 2.23924
2 160 1 4 24.6712 54 19973 1.70239
2 162 1 4 26.4337 54 712 1.58888
2 163 1 4 40.3597 54 29289 1.04064
2 163 3 6 3.58721 54 2 11.7083
2 164 1 4 36.3956 54 16654 1.15399
2 164 3 6 8.19525 54 3 5.12492
2 166 1 4 87.8295 54 3589 0.478199
2 167 1 4 62.3667 54 31787 0.673436
2 167 3 6 39.8702 54 25 1.05342
2 168 1 4 43.9155 54 11536 0.956381
2 168 3 6 7.68012 54 2 5.46867
2 169 2 6 2.95517 54 5 14.2124
2 170 1 4 98.8563 54 2375 0.424859
2 170 2 5 51.5913 54 951 0.814091
2 171 1 4 186.071 54 25077 0.22572
2 171 2 5 102.334 54 1933 0.41042
2 171 3 6 20.2757 54 17 2.07145
2 172 1 4 85.4708 54 4010 0.491396
2 172 3 6 58.1285 54 57 0.722537
2 173 2 6 7.55434 54 2 5.55972
2 174 1 4 22.4386 54 9212 1.87177
2 174 2 5 14.6618 54 105 2.86458
2 174 3 6 2.45816 54 4 17.0859
2 175 1 4 121.696 54 27674 0.345123
2 175 3 6 26.2981 54 62 1.59707
2 176 1 4 98.7291 54 4015 0.425407
2 176 3 6 0.00512442 54 172 8196.04
2 177 2 6 33.3005 54 18 1.26124
2 178 1 4 54.5254 54 7007 0.770283
2 179 1 4 104.041 54 30797 0.403688
2 179 3 6 18.6581 54 34 2.25103
2 180 1 4 48.5344 54 11795 0.865366
2 180 3 6 51.3002 54 108 0.81871
2 182 1 4 69.1675 54 3167 0.607222
2 182 3 6 0.349133 54 1 120.298
2 183 1 4 79.7179 54 30403 0.526858
2 183 3 6 10.0116 54 11 4.19515
2 184 1 4 17.0031 54 5468 2.47014
2 184 3 6 4.16478 54 76 10.0846
2 186 1 4 70.7861 54 6616 0.593337
2 187 1 4 50.1041 54 33982 0.838254
2 187 3 6 16.1789 54 8 2.59598
2 188 1 4 25.2568 54 10140 1.66292
2 188 3 6 21.1263 54 12 1.98804
3 1 1 7 33.2699 54 4462 1.2624
3 2 1 7 103.363 54 12381 0.406335
3 3 1 7 94.2581 54 7817 0.445585
3 4 1 7 30.7874 54 2502 1.3642
3 4 2 9 3.48343 54 2 12.0571
3 5 1 7 33.159 54 1239 1.26662
3 6 1 7 65.6999 54 3891 0.639271
3 7 1 7 77.7878 54 4667 0.53993
3 7 2 9 8.26817 54 9 5.07972
3 8 1 7 34.3571 54 1744 1.22245
3 8 3 9 12.7151 54 4 3.30316
3 9 1 7 42.0649 54 1802 0.998458
3 9 2 9 5.38571 54 7 7.79841
3 10 1 7 72.5218 54 4405 0.579137
3 10 3 9 3.95397 54 5 10.6222
3 11 1 7 46.5909 54 2573 0.901463
3 12 1 7 10.9441 54 6734 3.83769
3 12 2 9 10.2856 54 72 4.08337
3 13 1 7 24.7001 54 1308 1.7004
3 14 1 7 53.3836 54 3073 0.786759
3 15 1 7 36.6131 54 930 1.14713
3 16 1 7 22.037 54 1072 1.90589
3 17 1 7 32.6253 54 944 1.28734
3 18 1 7 44.7525 54 1000 0.938495
3 19 1 7 15.1726 54 514 2.76815
3 20 1 7 10.2527 54 67 4.0965
3 20 3 9 9.83041 54 4 4.27246
3 21 1 7 24.3481 54 66 1.72498
3 22 1 7 27.2527 54 548 1.54113
3 23 1 7 19.1539 54 110 2.19276
3 24 1 7 39.3369 54 150 1.0677
3 25 1 7 1.99757 54 10 21.0255
3 26 1 7 13.0387 54 263 3.22119
3 27 1 7 15.6245 54 53 2.68809
3 27 2 9 0.41551 54 1 101.081
3 28 1 7 10.3004 54 255 4.07751
3 28 2 9 1.73749 54 5 24.1728
3 29 1 7 21.8962 54 3576 1.91814
3 30 1 7 56.0921 54 2229 0.748769
3 31 1 7 39.6029 54 1069 1.06053
3 32 1 7 28.0468 54 111 1.4975
3 33 1 7 50.0096 54 411 0.839839
3 34 1 7 22.9932 54 100 1.82663
3 35 1 7 7.63579 54 5 5.50041
3 36 1 7 16.8614 54 113 2.49089
3 37 1 7 26.3856 54 272 1.59178
3 38 1 7 31.0687 54 888 1.35184
3 39 1 7 26.6717 54 145 1.5747
3 40 1 7 24.948 54 160 1.6835
3 41 1 7 40.4399 54 183 1.03858
3 42 1 7 17.4782 54 562 2.403
3 43 1 7 44.7747 54 35 0.93803
3 44 1 7 29.9953 54 331 1.40022
3 45 1 7 34.7528 54 405 1.20854
3 46 1 7 21.0368 54 600 1.99651
3 47 1 7 26.619 54 70 1.57782
3 48 1 7 24.1644 54 191 1.73809
3 48 3 9 0.336025 54 1 124.991
3 49 1 7 57.0048 54 497 0.736781
3 50 1 7 22.6243 54 132 1.85641
3 50 3 9 0.582635 54 3 72.0863
3 51 1 7 11.7986 54 5 3.55975
3 52 1 7 34.0123 54 132 1.23485
3 53 1 7 31.7441 54 205 1.32308
3 54 1 7 43.4613 54 1094 0.966376
3 54 3 9 8.1421 54 2 5.15837
3 55 1 7 28.5696 54 275 1.47009
3 55 3 9 3.29789 54 1 12.7354
3 56 1 7 9.89023 54 100 4.24662
3 57 1 7 13.3627 54 188 3.14308
3 58 1 7 84.1881 54 407 0.498883
3 60 1 7 101.206 54 225 0.414996
3 61 1 7 30.857 54 518 1.36112
3 62 1 7 8.41876 54 128 4.98886
3 63 1 7 19.476 54 48 2.1565
3 64 1 7 47.1032 54 150 0.891659
3 65 1 7 35.1898 54 223 1.19353
3 66 1 7 35.8633 54 659 1.17111
3 67 1 7 11.568 54 86 3.63072
3 68 1 7 27.9978 54 154 1.50012
3 69 1 7 19.3464 54 738 2.17095
3 70 1 7 57.8479 54 1502 0.726042
3 71 1 7 11.9438 54 25 3.51646
3 71 3 9 2.82344 54 2 14.8755
3 72 1 7 53.2327 54 364 0.788989
3 72 3 9 10.0912 54 6 4.16205
3 73 1 7 72.3603 54 293 0.580429
3 74 1 7 76.0033 54 422 0.552607
3 74 3 9 13.121 54 4 3.20096
3 75 1 7 40.6352 54 435 1.03359
3 76 1 7 12.2946 54 160 3.41613
3 77 1 7 15.0341 54 139 2.79365
3 78 1 7 30.1957 54 192 1.39093
3 78 2 8 21.181 54 72 1.98291
3 78 3 9 2.2992 54 2 18.2672
3 79 1 7 23.2999 54 15 1.80258
3 79 3 9 2.8949 54 1 14.5083
3 80 1 7 51.1448 54 298 0.821198
3 80 3 9 4.28972 54 1 9.79084
3 81 1 7 12.5573 54 92 3.34467
3 81 3 9 22.4997 54 4 1.86669
3 82 1 7 52.6358 54 898 0.797937
3 82 3 9 20.0147 54 11 2.09846
3 83 1 7 8.98901 54 5 4.67237
3 83 3 9 0.872256 54 3 48.151
3 84 1 7 65.6869 54 175 0.639397
3 84 3 9 2.77378 54 1 15.1418
3 85 1 7 78.9053 54 428 0.532284
3 86 1 7 76.9297 54 720 0.545953
3 86 3 9 28.2342 54 10 1.48756
3 87 1 7 8.30949 54 7 5.05446
3 87 3 9 3.74222 54 1 11.2233
3 88 1 7 45.9233 54 90 0.914569
3 88 3 9 15.5717 54 7 2.6972
3 89 1 7 29.5655 54 659 1.42058
3 90 1 7 32.7123 54 1182 1.28392
3 91 1 7 29.8583 54 25 1.40665
3 92 1 7 91.9441 54 304 0.456799
3 92 3 9 11.461 54 5 3.6646
3 93 1 7 14.0555 54 829 2.98815
3 93 3 9 3.07952 54 1 13.6385
3 94 1 7 35.3431 54 948 1.18835
3 94 2 8 17.4304 54 240 2.40958
3 95 1 7 13.5086 54 15 3.10912
3 95 3 9 0.591917 54 1 70.9559
3 96 1 7 29.4213 54 212 1.42754
3 96 3 9 2.17495 54 1 19.3108
3 97 1 7 34.7084 54 584 1.21008
3 98 1 7 15.0594 54 280 2.78896
3 98 2 8 18.9516 54 145 2.21617
3 98 3 9 12.5125 54 4 3.35664
3 99 2 8 75.6083 54 1868 0.555494
3 99 3 9 13.3769 54 10 3.13975
3 100 1 7 50.4141 54 97 0.8331
3 100 2 8 24.1727 54 3345 1.7375
3 100 3 9 6.32782 54 10 6.63735
3 101 1 7 54.5221 54 413 0.77033
3 102 1 7 17.0302 54 103 2.46621
3 103 1 7 9.21641 54 57 4.55709
3 103 3 9 9.35306 54 2 4.49051
3 104 1 7 21.3254 54 41 1.96949
3 104 3 9 7.1816 54 10 5.84828
3 105 1 7 15.4142 54 30 2.72476
3 106 1 7 14.6727 54 181 2.86246
3 108 1 7 13.5374 54 60 3.10252
3 109 1 7 43.2996 54 56 0.969986
3 110 1 7 5.17708 54 9 8.11267
3 112 1 7 14.843 54 99 2.82961
3 113 1 7 9.42993 54 99 4.45391
3 114 1 7 53.0937 54 202 0.791054
3 116 1 7 29.5429 54 48 1.42166
3 116 3 9 4.03899 54 1 10.3986
3 118 1 7 93.8057 54 5977 0.447734
3 119 1 7 11.1302 54 15 3.77351
3 120 1 7 9.08473 54 6 4.62314
3 121 1 7 27.7956 54 4625 1.51103
3 121 3 9 0.0616798 54 1 680.936
3 122 1 7 46.1198 54 4949 0.910672
3 124 1 7 21.7916 54 627 1.92735
3 124 3 9 3.97379e-07 54 4 1.05693e+08
3 125 1 7 34.4377 54 1285 1.2196
3 125 3 9 0.0448932 54 3 935.554
3 126 1 7 60.4946 54 1296 0.694277
3 126 2 8 85.896 54 780 0.488964
3 128 1 7 51.8948 54 378 0.80933
3 128 3 9 6.37653 54 3 6.58666
3 129 1 7 32.2825 54 3022 1.30101
3 130 1 7 11.9546 54 393 3.51329
3 131 2 8 3.52254 54 282 11.9232
3 132 1 7 21.7567 54 414 1.93044
3 133 1 7 105.075 54 3098 0.399716
3 134 1 7 16.9469 54 525 2.47833
3 135 1 7 7.8851 54 361 5.3265
3 136 1 7 11.0018 54 313 3.81757
3 137 1 7 34.2233 54 1603 1.22723
3 137 3 9 14.2856 54 20 2.94003
3 138 1 7 124.261 54 1447 0.337997
3 138 3 9 10.7813 54 4 3.89562
3 139 1 7 26.5162 54 76 1.58394
3 140 1 7 17.6138 54 175 2.38449
3 140 2 8 3.64649 54 139 11.5179
3 140 3 9 14.3028 54 7 2.93649
3 141 1 7 79.2527 54 640 0.52995
3 142 1 7 68.4865 54 272 0.61326
3 143 1 7 12.2155 54 282 3.43825
3 144 1 7 18.2954 54 547 2.29566
3 145 1 7 90.0189 54 2342 0.466569
3 146 1 7 109.071 54 630 0.38507
3 147 1 7 15.8363 54 50 2.65213
3 148 1 7 23.9233 54 948 1.75561
3 149 1 7 53.8651 54 7373 0.779726
3 150 1 7 65.3731 54 5092 0.642466
3 151 1 7 57.3241 54 1842 0.732676
3 152 1 7 31.4396 54 166 1.3359
3 153 1 7 46.5399 54 7284 0.902452
3 154 1 7 35.5429 54 2667 1.18167
3 155 1 7 25.7111 54 682 1.63354
3 156 1 7 5.47485 54 243 7.67145
3 157 1 7 56.6883 54 14501 0.740894
3 157 3 9 8.17219 54 7 5.13938
3 158 1 7 16.4849 54 6628 2.54778
3 158 2 8 9.33631 54 8 4.49856
3 159 1 7 12.359 54 1061 3.39833
3 160 3 9 11.4534 54 53 3.66705
3 161 1 7 33.3615 54 10178 1.25894
3 162 1 7 35.9127 54 2135 1.1695
3 162 2 8 13.2728 54 17 3.16436
3 163 1 7 14.6589 54 966 2.86516
3 164 1 7 25.6867 54 1132 1.63509
3 164 2 8 1.99121 54 28 21.0927
3 165 1 7 7.48468 54 10834 5.61146
3 166 1 7 105.639 54 2765 0.397582
3 166 2 8 22.9011 54 35 1.83397
3 166 3 9 16.2773 54 4 2.58028
3 168 1 7 25.3328 54 502 1.65793
3 169 1 7 12.5126 54 4864 3.35662
3 169 2 8 25.8831 54 58 1.62268
3 169 3 9 20.7937 54 10 2.01984
3 170 1 7 50.7133 54 5051 0.828184
3 170 2 8 14.081 54 245 2.98275
3 171 3 9 39.2637 54 28 1.06969
3 172 1 7 36.3777 54 620 1.15455
3 172 3 9 21.9122 54 15 1.91674
3 173 1 7 10.2783 54 9440 4.0863
3 173 3 9 19.5262 54 123 2.15096
3 174 1 7 45.841 54 3587 0.91621
3 174 2 8 10.4575 54 199 4.01627
3 174 3 9 12.3161 54 144 3.41018
3 175 3 9 6.1652 54 7 6.81243
3 176 1 7 9.21396 54 610 4.5583
3 176 3 9 1.6875 54 1 24.8889
3 177 1 7 21.7536 54 5029 1.93072
3 177 3 9 37.021 54 63 1.13449
3 178 1 7 52.4019 54 711 0.801498
3 178 2 8 20.4458 54 169 2.05421
3 179 2 8 2.33605 54 104 17.9791
3 179 3 9 12.9126 54 9 3.25264
3 180 1 7 19.6224 54 473 2.14042
3 180 3 9 54.0936 54 37 0.776433
3 181 1 7 27.2878 54 2341 1.53915
3 181 2 8 33.858 54 38 1.24047
3 181 3 9 23.6303 54 54 1.77738
3 182 1 7 16.3854 54 1273 2.56326
3 182 2 8 16.1426 54 97 2.60182
3 182 3 9 18.2145 54 9 2.30585
3 183 2 8 6.4911 54 40 6.47039
3 183 3 9 1.63994 54 7 25.6107
3 184 1 7 22.4255 54 914 1.87287
3 184 2 8 27.7025 54 20 1.51611
3 185 3 9 15.0433 54 8 2.79195
3 186 2 8 14.4182 54 30 2.91298
3 187 3 9 4.28251 54 2 9.80734
3 188 3 9 17.816 54 6 2.35743
4 1 1 22 24.475 54 579 1.71603
4 1 2 23 96.9921 54 195 0.433025
4 2 1 22 21.5978 54 540 1.94464
4 2 2 23 39.8664 54 145 1.05352
4 3 1 22 15.1427 54 514 2.77361
4 3 2 23 65.783 54 56 0.638463
4 4 2 23 41.9857 54 83 1.00034
4 5 2 23 171.961 54 267 0.244242
4 6 2 23 48.5498 54 283 0.86509
4 7 1 22 53.8784 54 3002 0.779533
4 7 2 23 12.01 54 90 3.49708
4 8 1 22 2.11397 54 234 19.8679
4 8 2 23 154.077 54 936 0.27259
4 9 2 23 56.1705 54 433 0.747723
4 10 1 22 4.90764 54 68 8.55809
4 10 2 23 73.3003 54 253 0.572985
4 11 1 22 33.3821 54 618 1.25816
4 11 2 23 2.56561e-05 54 73 1.63704e+06
4 12 2 23 16.6176 54 370 2.52744
4 13 2 23 97.694 54 410 0.429914
4 14 1 22 17.966 54 81 2.33775
4 14 2 23 20.7496 54 271 2.02414
4 15 1 22 59.7904 54 728 0.702453
4 15 2 23 34.1065 54 165 1.23144
4 16 2 23 93.1441 54 463 0.450914
4 17 1 22 16.0431 54 40 2.61795
4 17 2 23 108.465 54 637 0.387222
4 18 2 23 114.371 54 920 0.367226
4 19 1 22 44.7609 54 172 0.938318
4 19 2 23 49.2635 54 54 0.852558
4 20 2 23 51.7099 54 20 0.812224
4 21 2 23 65.5286 54 44 0.640942
4 22 1 22 25.6996 54 20 1.63426
4 22 2 23 99.2888 54 365 0.423008
4 23 1 22 15.1693 54 29 2.76874
4 23 2 23 15.8757 54 29 2.64556
4 24 2 23 37.7406 54 65 1.11286
4 25 2 23 80.9832 54 416 0.518626
4 26 1 22 48.3743 54 1785 0.868229
4 26 2 23 137.083 54 870 0.306385
4 27 1 22 17.6187 54 29 2.38383
4 27 2 23 36.3994 54 227 1.15386
4 28 1 22 5.90458 54 15 7.11312
4 28 2 23 40.4235 54 31 1.039
4 29 1 22 14.776 54 338 2.84245
4 29 2 23 13.155 54 105 3.19269
4 30 1 22 40.7402 54 1011 1.03092
4 30 2 23 96.4117 54 520 0.435632
4 31 2 23 41.6835 54 44 1.00759
4 32 1 22 7.15035 54 230 5.87384
4 32 2 23 64.9459 54 130 0.646692
4 33 2 23 149.893 54 325 0.2802
4 34 2 23 154.116 54 236 0.272521
4 35 2 23 31.6392 54 30 1.32747
4 36 2 23 24.0588 54 90 1.74572
4 37 1 22 16.3189 54 5 2.57371
4 37 2 23 22.184 54 355 1.89326
4 38 2 23 120.513 54 440 0.34851
4 39 1 22 46.4092 54 70 0.904993
4 39 2 23 34.6784 54 145 1.21113
4 40 2 23 26.7224 54 113 1.57172
4 41 1 22 23.8598 54 45 1.76029
4 41 2 23 69.8593 54 320 0.601208
4 42 1 22 5.99248 54 6 7.00879
4 42 2 23 43.9169 54 165 0.956352
4 43 1 22 36.1712 54 54 1.16115
4 43 2 23 21.2046 54 5 1.9807
4 44 2 23 18.9869 54 27 2.21206
4 45 1 22 33.3031 54 221 1.26114
4 45 2 23 103.933 54 90 0.404106
4 46 1 22 4.20588 54 94 9.98602
4 46 2 23 42.2705 54 227 0.9936
4 47 1 22 6.72051 54 16 6.24952
4 47 2 23 36.5147 54 114 1.15022
4 48 2 23 60.9079 54 87 0.689566
4 49 1 22 44.7884 54 343 0.937742
4 49 2 23 44.9237 54 113 0.934919
4 50 1 22 37.9074 54 148 1.10796
4 50 2 23 11.9406 54 222 3.51741
4 51 2 23 58.2133 54 81 0.721485
4 52 1 22 5.22968 54 25 8.03108
4 52 2 23 33.9456 54 52 1.23727
4 53 1 22 9.26224 54 96 4.53454
4 53 2 23 53.0694 54 67 0.791416
4 54 1 22 38.342 54 1023 1.0954
4 54 2 23 0.00159411 54 288 26347
4 55 1 22 17.2436 54 631 2.43569
4 55 2 23 39.5654 54 76 1.06153
4 56 1 22 76.2178 54 203 0.551052
4 56 2 23 91.8725 54 50 0.457156
4 57 1 22 8.70422 54 35 4.82524
4 57 2 23 50.1093 54 448 0.838167
4 58 2 23 90.8136 54 358 0.462486
4 59 1 22 7.60327 54 13 5.52394
4 59 2 23 92.7214 54 132 0.45297
4 60 1 22 5.47805 54 11 7.66696
4 60 2 23 15.5844 54 15 2.695
4 61 1 22 78.2679 54 108 0.536619
4 61 2 23 58.3573 54 18 0.719704
4 62 1 22 5.03844 54 25 8.33592
4 62 2 23 51.4667 54 95 0.816061
4 63 1 22 31.6987 54 70 1.32498
4 63 2 23 23.1755 54 21 1.81226
4 64 2 23 11.5924 54 34 3.62307
4 65 1 22 9.78285 54 115 4.29323
4 65 2 23 108.642 54 44 0.386592
4 66 1 22 23.3341 54 57 1.79994
4 66 2 23 57.1246 54 580 0.735235
4 67 2 23 55.8149 54 52 0.752488
4 68 1 22 1.97097 54 9 21.3093
4 68 2 23 47.5936 54 85 0.882472
4 69 1 22 13.6804 54 47 3.07008
4 69 2 23 56.245 54 252 0.746733
4 70 1 22 23.5946 54 102 1.78007
4 70 2 23 38.6033 54 388 1.08799
4 71 2 23 25.5075 54 31 1.64657
4 72 1 22 8.0635 54 79 5.20866
4 72 2 23 30.3753 54 69 1.3827
4 73 1 22 0.874938 54 24 48.0034
4 73 2 23 49.3686 54 27 0.850743
4 74 1 22 36.9852 54 248 1.13559
4 74 2 23 17.8187 54 33 2.35708
4 75 1 22 4.07101 54 75 10.3168
4 75 2 23 4.78722 54 11 8.77337
4 76 1 22 14.2424 54 23 2.94894
4 76 2 23 63.5249 54 111 0.661158
4 77 1 22 15.8317 54 104 2.65291
4 77 2 23 236.061 54 765 0.17792
4 78 1 22 71.1379 54 83 0.590402
4 78 2 23 38.6526 54 346 1.0866
4 79 2 23 43.949 54 36 0.955653
4 80 1 22 56.4155 54 70 0.744476
4 80 2 23 43.8121 54 43 0.958639
4 81 2 23 0.000331032 54 159 126876
4 82 1 22 23.7386 54 1034 1.76927
4 82 2 23 68.5546 54 161 0.61265
4 83 2 23 0.556724 54 31 75.4413
4 84 1 22 14.4685 54 25 2.90286
4 84 2 23 81.7997 54 123 0.513449
4 85 1 22 6.09065 54 20 6.89581
4 85 2 23 59.095 54 2165 0.71072
4 86 1 22 12.1485 54 68 3.45721
4 86 2 23 56.8634 54 272 0.738612
4 87 2 23 0.422885 54 17 99.3177
4 88 1 22 20.5349 54 171 2.0453
4 88 2 23 90.8234 54 72 0.462436
4 89 1 22 38.5994 54 110 1.0881
4 89 2 23 187.504 54 437 0.223995
4 90 1 22 22.5897 54 120 1.85926
4 90 2 23 50.4271 54 175 0.832885
4 91 2 23 30.7468 54 18 1.36599
4 92 1 22 15.6807 54 45 2.67845
4 92 2 23 86.2619 54 810 0.486889
4 93 1 22 5.15266 54 6 8.15113
4 93 2 23 71.4203 54 3510 0.588068
4 94 1 22 85.8451 54 215 0.489254
4 94 2 23 20.3297 54 125 2.06594
4 95 2 23 15.0148 54 12 2.79723
4 96 1 22 34.5792 54 218 1.2146
4 96 2 23 1.81711e-05 54 32 2.31136e+06
4 97 1 22 22.1916 54 25 1.89261
4 97 2 23 51.9862 54 178 0.807907
4 98 1 22 13.298 54 145 3.15837
4 98 2 23 27.2298 54 176 1.54243
4 99 2 23 22.9411 54 8 1.83077
4 100 1 22 22.9922 54 229 1.8267
4 100 2 23 45.6749 54 44 0.919542
4 101 1 22 3.4622 54 47 12.131
4 101 2 23 96.8466 54 295 0.433676
4 102 1 22 28.0634 54 45 1.49661
4 102 2 23 68.9797 54 233 0.608874
4 103 2 23 24.2062 54 19 1.73509
4 104 1 22 56.9509 54 275 0.737477
4 104 2 23 66.4199 54 40 0.632341
4 105 1 22 25.3617 54 1018 1.65604
4 105 2 23 86.1239 54 103 0.487669
4 106 1 22 8.22671 54 14 5.10532
4 106 2 23 41.5468 54 204 1.01091
4 107 2 23 14.6861 54 4 2.85986
4 108 1 22 16.1597 54 491 2.59906
4 108 2 23 52.6527 54 29 0.797679
4 109 1 22 66.6648 54 6476 0.630017
4 109 2 23 94.7182 54 378 0.44342
4 110 1 22 6.25324 54 105 6.71652
4 110 2 23 26.9998 54 400 1.55557
4 111 1 23 4.66012 54 1 9.01265
4 112 1 22 21.5846 54 277 1.94584
4 112 2 23 16.9272 54 18 2.48122
4 113 1 22 25.1496 54 3674 1.67
4 113 2 23 44.1301 54 190 0.951731
4 114 2 23 49.5508 54 73 0.847615
4 115 2 23 12.9842 54 5 3.2347
4 116 1 22 17.2084 54 358 2.44066
4 116 2 23 5.01645e-05 54 56 837245
4 117 2 23 215.211 54 1052 0.195158
4 118 1 22 24.5575 54 3470 1.71027
4 118 2 23 65.7187 54 560 0.639088
4 119 2 23 3.894 54 2 10.7858
4 120 1 22 22.6154 54 1194 1.85714
4 120 2 23 89.8717 54 58 0.467333
4 121 1 22 22.2342 54 1283 1.88898
4 121 2 23 234.982 54 146 0.178737
4 122 1 22 14.0225 54 3907 2.99518
4 122 2 23 29.061 54 33 1.44523
4 123 2 23 0.492323 54 17 85.3098
4 124 1 22 36.0551 54 415 1.16488
4 124 2 23 64.6521 54 113 0.649631
4 125 1 22 75.4332 54 1400 0.556784
4 125 2 23 119.778 54 3577 0.35065
4 126 1 22 32.3084 54 2466 1.29997
4 126 2 23 36.0485 54 67 1.1651
4 127 1 23 2.95243 54 14 14.2256
4 128 1 22 9.86933 54 234 4.25561
4 128 2 23 40.6986 54 36 1.03198
4 129 1 22 15.8799 54 176 2.64486
4 129 2 23 1.07378 54 27 39.114
4 130 1 22 15.6313 54 104 2.68691
4 130 2 23 74.9561 54 257 0.560328
4 131 2 23 10.3468 54 9 4.05922
4 132 1 22 5.42328 54 250 7.7444
4 132 2 23 57.9204 54 44 0.725133
4 133 2 23 82.766 54 436 0.507455
4 134 1 22 18.3469 54 149 2.28922
4 134 2 23 2.15162 54 18 19.5202
4 136 1 22 27.4592 54 275 1.52954
4 137 2 23 80.9698 54 98 0.518712
4 138 2 23 10.3883 54 89 4.04301
4 139 2 23 1.95748e-07 54 7 2.14562e+08
4 140 1 22 10.6947 54 183 3.92717
4 140 2 23 89.9394 54 22 0.466981
4 141 1 22 33.3868 54 720 1.25798
4 142 1 22 57.8013 54 329 0.726627
4 144 1 22 83.9628 54 399 0.500222
4 145 1 22 49.7835 54 541 0.843652
4 146 1 22 8.86175 54 84 4.73947
4 148 1 22 5.59872 54 150 7.50171
4 152 1 22 9.30827 54 17 4.51212
4 153 1 22 22.9488 54 400 1.83016
4 156 1 22 29.5117 54 330 1.42317
4 157 2 23 99.5342 54 187 0.421966
4 158 1 22 13.1714 54 208 3.18873
4 158 2 23 87.1206 54 22 0.482091
4 159 1 22 24.1718 54 189 1.73756
4 159 2 23 6.46873 54 5 6.49277
4 160 1 22 13.8942 54 629 3.02285
4 160 2 23 31.5541 54 10 1.33105
4 161 2 23 12.0928 54 118 3.47313
4 162 2 23 13.0893 54 70 3.20872
4 163 1 22 23.6485 54 175 1.77601
4 163 2 23 17.246 54 3 2.43534
4 164 2 23 87.1451 54 586 0.481955
4 165 2 23 57.1713 54 266 0.734634
4 166 2 23 26.6019 54 161 1.57883
4 167 2 23 6.38313 54 7 6.57985
4 168 2 23 3.14437 54 24 13.3572
4 169 2 23 77.7302 54 96 0.540331
4 170 2 23 97.6106 54 36 0.430281
4 171 2 23 18.9753 54 41 2.2134
4 172 2 23 22.1094 54 16 1.89964
4 173 1 22 6.75562 54 1394 6.21705
4 173 2 23 113.679 54 251 0.369462
4 174 2 23 88.5855 54 89 0.474118
4 175 2 23 7.61392 54 2 5.51621
4 176 1 22 9.35314 54 50 4.49047
4 176 2 23 43.6153 54 59 0.962965
4 177 1 22 10.3265 54 523 4.0672
4 177 2 23 17.7685 54 70 2.36373
4 178 1 22 30.5896 54 1018 1.37301
4 178 2 23 7.54818e-05 54 134 556425
4 179 2 23 40.2612 54 48 1.04319
4 180 1 22 33.5652 54 200 1.25129
4 180 2 23 1.18482 54 60 35.4483
4 181 1 22 25.5207 54 827 1.64572
4 181 2 23 51.2964 54 76 0.818771
4 182 2 23 84.1202 54 45 0.499285
4 183 2 23 208.21 54 1136 0.20172
4 184 1 22 28.1712 54 291 1.49088
4 184 2 23 0.000212506 54 190 197642
4 185 2 23 107.53 54 267 0.390587
4 186 2 23 0.000236177 54 79 177833
4 187 2 23 7.04774 54 20 5.95936
5 2 5 17 7.54995 54 7 5.56295
5 3 5 17 10.9056 54 3 3.85123
5 5 7 17 11.7323 54 5 3.57986
5 6 5 17 17.7749 54 11 2.36288
5 7 5 17 23.153 54 34 1.81402
5 8 7 17 12.7326 54 23 3.29863
5 9 7 17 0.000124807 54 104 336519
5 10 5 17 14.1105 54 39 2.9765
5 11 6 17 11.0516 54 11 3.80035
5 12 7 17 17.1621 54 108 2.44726
5 13 7 17 4.8752 54 19 8.61503
5 14 7 17 1.98101 54 117 21.2013
5 15 7 17 4.17912 54 5 10.05
5 16 7 17 21.0712 54 45 1.99324
5 17 7 17 28.5362 54 80 1.47182
5 20 7 17 8.56757 54 19 4.90221
5 21 7 17 2.31953 54 1 18.1071
5 23 7 17 4.61411 54 4 9.10251
5 27 7 17 2.88439 54 11 14.5612
5 28 7 17 2.98295 54 9 14.08
5 29 7 17 0.314247 54 1 133.653
5 33 1 10 10.7695 54 126 3.89989
5 33 3 12 25.7209 54 3957 1.63291
5 34 1 10 4.51755 54 7 9.29708
5 34 3 12 15.8309 54 3375 2.65304
5 35 1 10 2.73312 54 25 15.367
5 35 3 12 18.2478 54 3445 2.30165
5 36 1 10 8.84864 54 175 4.74649
5 36 3 12 26.1282 54 2391 1.60746
5 37 1 10 6.92958 54 154 6.06097
5 37 3 12 19.8868 54 2556 2.11196
5 38 1 10 7.82388 54 189 5.36818
5 38 3 12 21.1231 54 3614 1.98834
5 39 1 10 11.7388 54 100 3.57789
5 39 3 12 27.6376 54 2543 1.51967
5 40 1 10 7.71575 54 95 5.44341
5 40 3 12 42.8392 54 1540 0.98041
5 41 1 10 66.2744 54 235 0.633729
5 41 3 12 43.6075 54 1312 0.963137
5 42 1 10 20.5322 54 411 2.04556
5 42 3 12 116.361 54 2347 0.360946
5 43 1 10 25.1141 54 1102 1.67237
5 43 3 12 158.05 54 1728 0.265739
5 44 1 10 47.0629 54 947 0.892422
5 44 3 12 57.0297 54 3435 0.736458
5 44 6 17 8.59451 54 3 4.88684
5 45 1 10 16.1921 54 724 2.59386
5 45 3 12 39.3033 54 2759 1.06861
5 46 1 10 22.5167 54 362 1.86528
5 46 3 12 63.4478 54 3902 0.661961
5 47 1 10 23.5363 54 162 1.78448
5 47 3 12 109.887 54 2286 0.38221
5 48 1 10 31.815 54 617 1.32013
5 48 3 12 28.3666 54 1635 1.48061
5 49 1 10 48.9595 54 1413 0.857852
5 49 3 12 53.3581 54 2152 0.787134
5 50 1 10 59.5888 54 658 0.70483
5 50 3 12 81.017 54 1459 0.51841
5 51 1 10 26.774 54 1034 1.56869
5 51 3 12 46.9873 54 1032 0.893859
5 52 1 10 28.2872 54 1493 1.48477
5 52 3 12 58.5582 54 1075 0.717235
5 53 1 10 17.4837 54 1218 2.40224
5 53 3 12 33.503 54 1263 1.25362
5 53 4 13 33.2207 54 1426 1.26427
5 54 1 10 41.5309 54 839 1.01129
5 54 2 11 28.0263 54 2040 1.49859
5 54 3 12 56.3084 54 1046 0.745893
5 54 4 13 29.7665 54 738 1.41098
5 55 1 10 42.7708 54 834 0.981979
5 55 2 11 78.777 54 3208 0.533151
5 55 3 12 73.7769 54 377 0.569284
5 55 4 13 21.5658 54 2659 1.94753
5 56 1 10 35.202 54 862 1.19311
5 56 2 11 25.4437 54 4235 1.6507
5 56 3 12 25.9883 54 515 1.61611
5 56 4 13 19.5733 54 2555 2.14578
5 57 1 10 11.4982 54 4 3.65276
5 57 4 13 5.16067 54 3677 8.13848
5 58 1 10 26.6472 54 815 1.57615
5 58 3 12 13.7927 54 1890 3.04509
5 58 4 13 29.2022 54 9215 1.43825
5 59 1 10 69.5194 54 810 0.604148
5 59 3 12 25.7336 54 1561 1.63211
5 59 4 13 41.9569 54 16489 1.00103
5 60 1 10 80.6903 54 1260 0.520509
5 60 3 12 21.2576 54 2826 1.97576
5 60 4 13 31.6572 54 12907 1.32671
5 61 1 10 54.6912 54 877 0.767948
5 61 3 12 18.9798 54 5114 2.21288
5 61 4 13 22.5045 54 13467 1.86629
5 62 1 10 56.5909 54 1116 0.742169
5 62 2 11 195.749 54 3511 0.214561
5 62 3 12 62.6215 54 884 0.670696
5 62 4 13 19.1827 54 19680 2.18948
5 63 1 10 32.5555 54 1310 1.29011
5 63 2 11 129.184 54 4056 0.325117
5 63 3 12 34.4563 54 651 1.21894
5 63 4 13 63.2111 54 16499 0.66444
5 64 1 10 47.5146 54 1700 0.883939
5 64 2 11 75.877 54 3816 0.553527
5 64 3 12 37.3722 54 467 1.12383
5 64 4 13 44.8386 54 21384 0.936692
5 66 6 15 8.6121 54 161 4.87686
5 67 5 14 26.413 54 408 1.59013
5 67 6 15 9.7588 54 96 4.30381
5 70 5 14 7.64935 54 111 5.49067
5 71 6 15 21.7624 54 84 1.92994
5 73 4 13 13.4953 54 258 3.11219
5 74 4 13 8.36798 54 619 5.01913
5 75 4 13 3.09522 54 1291 13.5693
5 76 4 13 0.79536 54 1236 52.8063
5 78 5 14 76.8296 54 773 0.546664
5 78 6 15 122.274 54 1152 0.34349
5 79 4 13 9.44975 54 755 4.44456
5 80 4 13 3.0481 54 345 13.7791
5 82 3 12 5.94077 54 103 7.0698
5 85 1 10 82.3031 54 14963 0.510309
5 85 3 12 97.6695 54 11961 0.430022
5 86 1 10 52.7879 54 16437 0.795636
5 86 3 12 152.825 54 9969 0.274825
5 87 1 10 62.7397 54 16367 0.669433
5 87 3 12 54.374 54 10233 0.772427
5 88 1 10 97.6719 54 13579 0.430011
5 88 3 12 279.59 54 7450 0.15022
5 89 1 10 48.1455 54 16615 0.872356
5 89 3 12 65.8485 54 9794 0.637828
5 90 1 10 103.322 54 16805 0.406496
5 90 3 12 65.5204 54 8121 0.641022
5 91 1 10 131.452 54 13262 0.319509
5 91 3 12 114.109 54 7580 0.368068
5 92 1 10 46.9288 54 10947 0.894972
5 92 3 12 82.7946 54 7253 0.507279
5 94 5 14 10.7646 54 46.9155 3.90168
5 99 5 14 92.2724 54 905.681 0.455174
5 99 6 15 64.6023 54 500.874 0.650132
5 100 5 14 17.4597 54 441.75 2.40554
5 101 1 10 22.2675 54 1341 1.88616
5 101 3 12 55.4932 54 3829 0.756849
5 101 5 14 14.8965 54 61.4007 2.81946
5 101 6 15 37.2286 54 40.0001 1.12816
5 102 1 10 35.2011 54 1792 1.19314
5 102 3 12 117.678 54 4948 0.356907
5 103 1 10 11.6749 54 2598 3.59747
5 103 3 12 94.3806 54 4751 0.445007
5 104 1 10 14.8851 54 759 2.82162
5 104 3 12 40.8716 54 664 1.02761
5 105 1 10 4.96247 54 219 8.46352
5 105 3 12 41.9557 54 1266 1.00105
5 106 1 10 45.366 54 982 0.925804
5 106 3 12 113.394 54 3552 0.37039
5 107 1 10 29.0901 54 2359 1.44379
5 107 3 12 133.17 54 6106 0.315386
5 108 1 10 19.3057 54 39 2.17552
5 108 3 12 29.5007 54 2329 1.42369
5 109 1 10 79.2023 54 532 0.530288
5 109 3 12 57.0263 54 3491 0.736503
5 109 5 14 4.93362 54 87.9746 8.51302
5 109 6 15 14.3058 54 180 2.93588
5 110 1 10 52.0557 54 132 0.806828
5 110 3 12 37.9798 54 3037 1.10585
5 110 6 15 24.4954 54 336.926 1.71461
5 110 7 17 6.34302e-08 54 1 6.62145e+08
5 111 1 10 22.9586 54 53 1.82938
5 111 3 12 42.0635 54 137 0.998489
5 112 1 10 0.312099 54 64 134.573
5 112 3 12 2.58033 54 128 16.277
5 113 1 10 39.093 54 674 1.07436
5 113 3 12 93.897 54 2935 0.447299
5 114 1 10 21.7431 54 574 1.93165
5 114 3 12 154.987 54 3780 0.270991
5 114 5 14 17.4313 54 34 2.40946
5 115 1 10 28.7343 54 858 1.46167
5 115 3 12 42.3727 54 4460 0.991205
5 116 1 10 34.3935 54 468 1.22116
5 116 3 12 69.4884 54 3401 0.604417
5 117 1 10 36.3818 54 575 1.15442
5 117 3 12 34.809 54 4648 1.20659
5 118 1 10 43.8045 54 302 0.958805
5 118 3 12 64.4531 54 6853 0.651636
5 119 1 10 16.0891 54 505 2.61046
5 119 3 12 132.648 54 5094 0.316628
5 120 1 10 8.73808 54 438 4.80655
5 120 3 12 102.543 54 2824 0.409585
5 121 1 10 7.60786 54 340 5.52061
5 121 3 12 66.1101 54 3576 0.635304
5 122 1 10 10.5742 54 268 3.97194
5 122 3 12 68.6951 54 5519 0.611397
5 123 1 10 14.8476 54 256 2.82873
5 123 3 12 14.1813 54 2935 2.96166
5 124 1 10 31.7494 54 345 1.32286
5 124 3 12 37.188 54 273 1.1294
5 125 1 10 28.8929 54 203 1.45364
5 125 3 12 11.6404 54 1210 3.60811
5 126 1 10 53.7448 54 419 0.781471
5 126 3 12 39.1477 54 2806 1.07286
5 126 5 14 26.4746 54 163.608 1.58643
5 126 6 15 99.6436 54 937.36 0.421502
5 127 1 10 58.3503 54 182 0.719791
5 127 3 12 58.6763 54 2378 0.715792
5 127 6 15 78.8347 54 365 0.53276
5 128 1 10 25.488 54 85 1.64783
5 128 3 12 70.3514 54 5386 0.597003
5 129 1 10 0.49741 54 105 84.4374
5 129 3 12 86.2059 54 2872 0.487206
5 130 1 10 9.4485 54 5 4.44515
5 130 3 12 99.2001 54 905 0.423387
5 131 3 12 55.6404 54 1011 0.754847
5 131 5 14 39.4156 54 868.264 1.06557
5 132 1 10 9.17585 54 4 4.57723
5 132 3 12 21.0982 54 1148 1.99069
5 133 1 10 97.4788 54 1890 0.430863
5 133 3 12 42.8639 54 5602 0.979845
5 134 1 10 71.9847 54 896 0.583458
5 134 3 12 79.8201 54 6326 0.526183
5 134 5 14 20.5131 54 320.219 2.04748
5 135 1 10 41.8576 54 1290 1.0034
5 135 3 12 163.172 54 7658 0.257396
5 136 1 10 42.2776 54 1324 0.993433
5 136 3 12 47.8412 54 3929 0.877905
5 136 5 14 40.1936 54 49.5678 1.04494
5 136 8 17 6.51446 54 3 6.4472
5 137 1 10 43.3854 54 1465 0.968067
5 137 3 12 142.242 54 3520 0.295271
5 137 5 14 25.2764 54 68.2079 1.66163
5 137 8 17 2.76617 54 1 15.1834
5 138 1 10 77.0288 54 1128 0.545251
5 138 3 12 56.709 54 6594 0.740623
5 138 5 14 19.3169 54 539.127 2.17426
5 138 6 15 10.8949 54 73.0001 3.85502
5 139 1 10 30.3439 54 1301 1.38413
5 139 3 12 142.654 54 9029 0.294419
5 140 1 10 114.177 54 1736 0.36785
5 140 3 12 68.7867 54 6788 0.610583
5 141 1 10 74.6008 54 1326 0.562996
5 141 3 12 53.393 54 5030 0.78662
5 142 1 10 19.8985 54 1041 2.11071
5 142 3 12 141.891 54 6059 0.296002
5 142 6 15 22.3163 54 30 1.88203
5 143 1 10 74.9629 54 988 0.560277
5 143 3 12 63.6674 54 6914 0.659678
5 144 1 10 114.069 54 1290 0.368198
5 144 3 12 44.4232 54 4145 0.945453
5 144 8 17 0.201104 54 1 208.847
5 145 1 10 57.5432 54 1322 0.729886
5 145 3 12 56.8105 54 4153 0.739301
5 145 8 17 2.65057 54 1 15.8456
5 146 1 10 60.1965 54 890 0.697715
5 146 3 12 65.3173 54 6133 0.643015
5 147 1 10 28.1525 54 999 1.49188
5 147 3 12 75.5787 54 6221 0.555712
5 148 1 10 62.2776 54 1010 0.6744
5 148 3 12 59.2072 54 6611 0.709374
5 149 1 10 67.277 54 2559 0.624284
5 149 3 12 36.0377 54 4645 1.16545
5 150 1 10 160.67 54 1636 0.261405
5 150 3 12 83.2127 54 5894 0.50473
5 151 1 10 65.1554 54 1911 0.644613
5 151 3 12 72.9055 54 1709 0.576088
5 152 1 10 57.2601 54 4312 0.733495
5 152 3 12 31.3634 54 3296 1.33914
5 153 1 10 23.0994 54 2421 1.81823
5 153 2 11 53.3184 54 975 0.78772
5 153 3 12 28.9727 54 2524 1.44964
5 153 4 13 27.1387 54 5606 1.54761
5 153 5 15 130.58 54 62.4888 0.321642
5 153 6 16 2.11199 54 3 19.8865
5 154 1 10 84.478 54 2489 0.497171
5 154 2 11 62.5179 54 293 0.671808
5 154 3 12 21.0584 54 21104 1.99445
5 154 4 13 46.2338 54 1851 0.908427
5 154 5 14 36.9527 54 1053.48 1.13659
5 155 1 10 56.5779 54 3306 0.742339
5 155 3 12 46.7017 54 31032 0.899325
5 155 4 13 109.434 54 8295 0.383793
5 156 1 10 84.1571 54 3691 0.499067
5 156 2 11 92.4383 54 268 0.454357
5 156 3 12 63.6579 54 34152 0.659776
5 156 4 13 232.675 54 8919 0.180509
5 156 5 14 10.0868 54 85.652 4.16384
5 157 1 10 120.857 54 3345 0.347518
5 157 2 11 55.99 54 2866 0.750134
5 157 3 12 83.8969 54 22897 0.500615
5 157 4 13 54.7377 54 2502 0.767295
5 158 1 10 111.764 54 4866 0.375792
5 158 2 11 142.783 54 1545 0.294152
5 158 3 12 47.6169 54 37681 0.88204
5 158 4 13 72.4391 54 1621 0.579797
5 159 1 10 72.4447 54 3866 0.579753
5 159 2 11 80.0707 54 1582 0.524536
5 159 3 12 40.7237 54 32308 1.03134
5 159 4 13 25.231 54 919 1.66462
5 159 7 16 95.6021 54 2799 0.439321
5 160 1 10 56.5723 54 7075 0.742413
5 160 2 11 42.9356 54 5331 0.978209
5 160 3 12 76.497 54 20662 0.549041
5 160 4 13 33.0799 54 4080 1.26965
5 160 6 16 59.751 54 4812 0.702917
5 161 1 10 52.4993 54 5141 0.80001
5 161 2 11 48.8866 54 1917 0.859131
5 161 3 12 53.4109 54 12789 0.786356
5 161 4 13 176.314 54 5219 0.238212
5 161 7 16 51.1244 54 6269 0.821526
5 161 8 17 9.4497 54 31 4.44459
5 162 1 10 104.544 54 6541 0.401746
5 162 2 11 36.6388 54 558 1.14633
5 162 3 12 40.4973 54 18112 1.03711
5 162 4 13 29.9399 54 186 1.40281
5 162 5 14 55.5544 54 591.123 0.756015
5 162 7 16 182.04 54 9903 0.230719
5 162 8 17 2.4268 54 1 17.3067
5 163 1 10 44.1716 54 12605 0.950838
5 163 2 11 71.5436 54 957 0.587055
5 163 3 12 57.979 54 20045 0.7244
5 163 4 13 137.76 54 5901 0.304878
5 163 5 15 33.9149 54 154.059 1.23839
5 163 6 16 96.5944 54 10147 0.434808
5 164 1 10 33.3812 54 7879 1.25819
5 164 2 11 192.752 54 2298 0.217897
5 164 3 12 76.4388 54 35381 0.549459
5 164 4 13 138.746 54 1232 0.302712
5 164 5 14 15.0085 54 519.267 2.79841
5 164 7 16 215.412 54 10422 0.194975
5 165 1 10 19.5514 54 15651 2.14819
5 165 2 11 79.7999 54 2755 0.526317
5 165 3 12 47.3298 54 61525 0.88739
5 165 4 13 156.065 54 2961 0.269118
5 165 5 15 38.9535 54 39.9999 1.07821
5 165 6 16 179.007 54 9995 0.234628
5 166 1 10 36.7214 54 14364 1.14375
5 166 2 11 99.7493 54 1466 0.421055
5 166 3 12 55.5383 54 76078 0.756235
5 166 4 13 158.804 54 4054 0.264477
5 166 5 14 30.5562 54 1638.07 1.37452
5 166 6 15 65.8791 54 511 0.637531
5 166 7 16 131.174 54 11227 0.320185
5 166 8 17 14.4667 54 6 2.90322
5 167 1 10 31.9257 54 9812 1.31556
5 167 2 11 109.222 54 1039 0.384538
5 167 3 12 103.099 54 32022 0.407374
5 167 4 13 137.918 54 5964 0.304528
5 167 5 15 14.0196 54 139.238 2.9958
5 167 6 16 124.767 54 10684 0.336626
5 167 7 17 9.282 54 13 4.52489
5 168 1 10 20.5426 54 11604 2.04453
5 168 2 11 64.4748 54 1254 0.651417
5 168 3 12 98.0931 54 93684 0.428165
5 168 4 13 59.0617 54 116 0.711121
5 168 5 16 74.5929 54 11233 0.563056
5 168 6 17 3.26551 54 2 12.8617
5 169 1 10 83.8329 54 2634 0.500996
5 169 2 11 18.9601 54 440 2.21518
5 169 3 12 107.806 54 135502 0.389588
5 169 4 13 86.4728 54 7276 0.485702
5 169 5 14 31.4437 54 1000 1.33572
5 169 6 15 1.28509 54 84.169 32.6826
5 169 7 16 153.206 54 9564 0.274141
5 170 1 10 110.918 54 8805 0.378659
5 170 2 11 20.4107 54 386 2.05774
5 170 3 12 53.784 54 240907 0.780901
5 170 4 13 98.9325 54 5821 0.424532
5 170 5 14 73.1919 54 2000 0.573834
5 170 6 15 63.9843 54 1797.25 0.656411
5 170 7 16 151.641 54 24913 0.27697
5 171 1 10 100.923 54 13650 0.41616
5 171 2 11 27.0987 54 392 1.54989
5 171 3 12 196.52 54 44365 0.213719
5 171 4 13 115.435 54 4294 0.363842
5 171 6 16 133.426 54 22787 0.314782
5 171 7 17 7.64088 54 2 5.49675
5 172 1 10 49.6929 54 10851 0.845192
5 172 2 11 13.3445 54 331 3.14736
5 172 3 12 245.149 54 106916 0.171325
5 172 4 13 116.291 54 5155 0.361163
5 172 6 16 135.001 54 14841 0.31111
5 173 1 10 39.5675 54 6151 1.06148
5 173 2 11 82.9717 54 427 0.506197
5 173 3 12 46.8081 54 131732 0.897281
5 173 4 13 45.6866 54 182 0.919306
5 173 7 17 7.41832 54 6 5.66166
5 174 1 10 157.831 54 6401 0.266108
5 174 2 11 42.9126 54 1373 0.978733
5 174 3 12 44.9136 54 123184 0.93513
5 174 4 13 98.2661 54 283 0.427411
5 174 5 14 21.6483 54 1278 1.9401
5 174 8 17 29.9164 54 9 1.40391
5 175 1 10 91.682 54 9603 0.458105
5 175 2 11 68.725 54 3251 0.611131
5 175 3 12 194.388 54 33421 0.216062
5 175 4 13 102.849 54 877 0.408366
5 175 6 17 30.7331 54 27 1.36661
5 176 1 10 165.762 54 1080 0.253375
5 176 2 11 97.4805 54 837 0.430855
5 176 3 12 80.3231 54 58244 0.522888
5 176 4 13 14.3898 54 88 2.91873
5 176 5 14 76.9167 54 1000 0.546045
5 176 7 17 7.64579 54 6 5.49322
5 177 1 10 87.1439 54 9584 0.481962
5 177 2 11 43.995 54 365 0.954654
5 177 3 12 138.837 54 48012 0.302512
5 177 4 13 58.8254 54 2940 0.713977
5 177 6 16 136.629 54 25131 0.307402
5 178 1 10 157.764 54 9259 0.26622
5 178 2 11 23.9341 54 279 1.75482
5 178 3 12 166.755 54 43453 0.251866
5 178 4 13 15.4552 54 53 2.71754
5 178 5 14 56.9092 54 1387.52 0.738018
5 178 7 16 115.61 54 27087 0.363291
5 179 1 10 73.1217 54 9165 0.574385
5 179 2 11 49.6527 54 709 0.845875
5 179 3 12 267.937 54 35704 0.156753
5 179 5 14 7.72262 54 139.708 5.43857
5 179 6 15 78.7634 54 507.621 0.533242
5 179 7 16 139.496 54 23577 0.301083
5 179 8 17 2.46829e-05 54 19 1.70158e+06
5 180 1 10 100.665 54 9522 0.417226
5 180 2 11 156.271 54 532 0.268764
5 180 3 12 318.498 54 64491 0.131869
5 180 4 13 22.3693 54 441 1.87757
5 180 5 14 78.2847 54 1000 0.536503
5 180 7 16 123.233 54 22120 0.340819
5 180 8 17 13.8477 54 17 3.03299
5 181 1 10 217.538 54 8737 0.193069
5 181 2 11 38.813 54 148 1.08211
5 181 3 12 388.927 54 46894 0.107989
5 181 4 13 122.325 54 3589 0.343347
5 181 5 14 86.5498 54 1276.68 0.48527
5 181 6 15 15.8786 54 501.948 2.64507
5 181 7 16 87.465 54 22321 0.480192
5 181 8 17 23.0204 54 41 1.82447
5 182 1 10 187.716 54 8898 0.223743
5 182 2 11 38.8973 54 624 1.07977
5 182 3 12 529.337 54 49205 0.0793445
5 182 4 13 130.598 54 5669 0.321598
5 182 5 14 22.7699 54 611.789 1.84454
5 182 6 15 55.4553 54 1000 0.757367
5 182 7 16 103.938 54 23832 0.404086
5 182 8 17 7.05659 54 28 5.95188
5 183 1 10 115.44 54 14967 0.363825
5 183 2 11 167.913 54 577 0.250129
5 183 3 12 61.4477 54 60411 0.683508
5 183 4 13 107.007 54 2636 0.392498
5 183 5 14 18.8122 54 275.066 2.2326
5 183 6 15 38.3624 54 1960 1.09482
5 183 7 16 91.5559 54 22259 0.458736
5 183 8 17 45.6496 54 26 0.920052
5 184 1 10 78.6619 54 13029 0.53393
5 184 2 11 58.7911 54 106 0.714394
5 184 3 12 102.316 54 139514 0.410493
5 184 4 13 52.4507 54 2612 0.800752
5 184 5 14 104.507 54 1630.28 0.401887
5 184 6 15 44.8102 54 429.076 0.937286
5 184 7 16 87.0914 54 21839 0.482252
5 185 1 10 123.028 54 10956 0.341385
5 185 2 11 208.392 54 839 0.201544
5 185 3 12 321.451 54 56723 0.130658
5 185 4 13 127.236 54 1054 0.330095
5 185 5 14 96.7565 54 1000 0.434079
5 185 6 15 43.5014 54 219.988 0.965487
5 185 8 17 6.49851 54 4 6.46302
5 186 1 10 218.915 54 9401 0.191855
5 186 2 11 94.7619 54 389 0.443216
5 186 3 12 244.006 54 66287 0.172127
5 186 4 13 80.616 54 2236 0.520989
5 186 5 14 75.5206 54 1468 0.55614
5 186 6 15 51.786 54 2529.33 0.81103
5 186 8 17 3.05639 54 2 13.7417
5 187 1 10 156.256 54 17021 0.26879
5 187 2 11 213.955 54 467 0.196303
5 187 3 12 180.534 54 52164 0.232643
5 187 4 13 108.46 54 4321 0.387239
5 187 5 15 14.1294 54 105.702 2.97252
5 187 7 17 4.38366 54 1 9.58104
5 188 1 10 214.705 54 16407 0.195618
5 188 2 11 85.7958 54 290 0.489535
5 188 3 12 125.844 54 161620 0.333747
5 188 4 13 71.7749 54 2305 0.585163
5 188 5 14 89.4989 54 1080.52 0.469279
5 188 6 15 23.2158 54 388 1.80912
6 1 1 18 27.899 54 4932 1.50543
6 1 2 21 2.84638 54 9 14.7556
6 2 1 18 24.751 54 6171 1.6969
6 2 2 21 0.00063882 54 120 65746.2
6 3 1 18 45.5677 54 5603 0.921705
6 3 2 21 32.8962 54 162 1.27674
6 4 1 18 50.6492 54 1828 0.829234
6 4 4 21 33.2288 54 362 1.26397
6 5 4 21 4.30575 54 4 9.75439
6 6 4 21 21.7448 54 25 1.9315
6 7 2 21 53.8781 54 513 0.779537
6 8 1 18 34.7193 54 1628 1.2097
6 8 4 21 43.8954 54 240 0.95682
6 9 1 18 20.7016 54 1513 2.02882
6 9 4 21 11.5083 54 24 3.64954
6 10 1 18 23.5709 54 2389 1.78186
6 10 2 21 14.4858 54 6 2.8994
6 11 1 18 21.7317 54 3614 1.93266
6 11 3 21 0.000647727 54 321 64842.1
6 12 1 18 18.0211 54 2312 2.3306
6 12 4 21 3.32009 54 262 12.6502
6 13 1 18 39.5297 54 2156 1.06249
6 13 4 21 8.6628 54 11 4.84831
6 14 1 18 19.8692 54 4554 2.11382
6 14 3 21 32.048 54 92 1.31053
6 15 1 18 24.3858 54 7052 1.72231
6 15 3 21 14.9489 54 65 2.80956
6 16 1 18 57.5229 54 1622 0.730144
6 16 4 21 11.2536 54 263 3.73213
6 17 1 18 58.614 54 8039 0.716552
6 17 4 21 4.55738 54 34 9.21583
6 18 1 18 40.3572 54 11963 1.04071
6 19 1 18 21.0183 54 8039 1.99825
6 19 3 21 58.8352 54 106 0.713858
6 20 1 18 30.8199 54 7923 1.36276
6 20 4 21 47.0921 54 149 0.891869
6 21 1 18 27.0567 54 5727 1.5523
6 21 4 21 2.64844 54 2 15.8584
6 22 1 18 21.143 54 18621 1.98647
6 23 1 18 23.4066 54 42920 1.79437
6 23 4 21 30.0126 54 84 1.39941
6 24 1 18 33.3649 54 11949 1.25881
6 24 4 21 48.7831 54 60 0.860954
6 25 1 18 46.926 54 5651 0.895025
6 26 1 18 36.5344 54 13722 1.1496
6 26 4 21 16.1812 54 32 2.5956
6 27 1 18 94.028 54 19311 0.446675
6 27 3 21 10.6305 54 4 3.9509
6 28 1 18 63.9229 54 13526 0.657041
6 28 3 21 3.79449 54 17 11.0687
6 29 1 18 21.1351 54 2000 1.98722
6 30 1 18 34.3963 54 17499 1.22106
6 31 1 18 17.0791 54 6000 2.45914
6 32 1 18 28.403 54 6336 1.47872
6 33 1 18 21.9681 54 3998 1.91186
6 34 1 18 70.3564 54 8708 0.596961
6 35 1 18 81.1872 54 6000 0.517323
6 36 1 18 79.2675 54 4002 0.529851
6 51 1 18 44.1317 54 1321 0.951697
6 52 1 18 23.4598 54 1350 1.7903
6 53 1 18 18.3226 54 945 2.29226
6 54 1 18 30.0733 54 2841 1.39659
6 55 1 18 47.1817 54 3193 0.890176
6 56 1 18 42.6947 54 2011 0.983728
6 58 1 18 63.977 54 1994 0.656486
6 59 1 18 74.6977 54 422 0.562267
6 61 1 18 76.2869 54 641 0.550553
6 62 1 18 98.7808 54 998 0.425184
6 63 1 18 51.4897 54 182 0.815698
6 67 1 18 37.1602 54 608 1.13024
6 68 1 18 36.4129 54 188 1.15344
6 68 2 19 57.9891 54 687 0.724274
6 68 3 20 75.953 54 833 0.552973
6 69 1 18 264.717 54 2401 0.15866
6 69 2 19 41.5038 54 2598 1.01196
6 69 3 20 126.954 54 1680 0.330828
6 70 1 18 109.916 54 755 0.38211
6 70 2 19 32.5107 54 3232 1.29188
6 70 3 20 47.7846 54 1204 0.878944
6 71 1 18 25.5444 54 5056 1.6442
6 71 3 20 38.4978 54 1795 1.09097
6 72 1 18 23.6353 54 596 1.777
6 72 2 19 10.2703 54 408 4.08945
6 72 3 20 12.3406 54 2345 3.40339
6 73 1 18 89.0645 54 6884 0.471568
6 73 2 19 15.8184 54 244 2.65514
6 73 3 20 14.1958 54 187 2.95863
6 74 1 18 106.815 54 8659 0.393202
6 74 2 19 40.0516 54 457 1.04865
6 74 3 20 39.8391 54 1056 1.05424
6 75 1 18 63.4867 54 50 0.661556
6 75 2 19 11.8216 54 50 3.55283
6 76 1 18 57.2973 54 2101 0.733018
6 76 3 20 70.4204 54 635 0.596418
6 77 1 18 93.4716 54 9794 0.449334
6 77 2 19 74.4339 54 1534 0.564259
6 77 3 20 83.3822 54 2658 0.503705
6 78 1 18 8.98116 54 4485 4.67646
6 78 2 19 57.9692 54 1193 0.724522
6 78 3 20 45.0112 54 1484 0.933101
6 79 1 18 23.3128 54 2523 1.80158
6 80 1 18 47.3546 54 6925 0.886925
6 80 3 20 16.3114 54 72 2.57488
6 81 1 18 70.0397 54 783 0.59966
6 81 2 19 24.7668 54 271 1.69582
6 81 3 20 45.1958 54 226 0.929291
6 82 1 18 54.3187 54 2446 0.773214
6 83 1 18 15.5966 54 99 2.69289
6 84 1 18 43.3361 54 1173 0.969169
6 85 2 19 28.995 54 451 1.44852
6 85 3 20 39.2463 54 152 1.07016
6 87 3 20 43.1004 54 99.9998 0.97447
6 88 2 19 33.0219 54 472.805 1.27188
6 88 3 20 15.456 54 249.615 2.71739
6 89 2 19 61.9791 54 535.445 0.677648
6 89 3 20 82.5746 54 166.957 0.508631
6 90 1 18 36.4453 54 38 1.15241
6 90 2 19 108.305 54 679.387 0.387794
6 91 1 18 48.8847 54 927 0.859164
6 91 2 19 2.66236 54 66.3381 15.7755
6 92 1 18 64.1061 54 51 0.655163
6 93 1 18 29.4494 54 254 1.42617
6 93 2 19 21.6489 54 620 1.94005
6 93 3 20 9.58704 54 406 4.38092
6 94 1 18 48.5699 54 850 0.864734
6 94 2 19 43.6238 54 2188.42 0.962777
6 94 3 20 32.2783 54 1074 1.30118
6 95 2 19 43.9102 54 1232 0.956499
6 95 3 20 1.32908 54 1211.82 31.6007
6 96 1 18 22.204 54 1049 1.89155
6 96 2 19 17.2421 54 485.282 2.4359
6 96 3 20 26.3017 54 1096.2 1.59686
6 96 4 21 12.4789 54 6 3.36568
6 97 2 19 17.937 54 1787.28 2.34153
6 97 3 20 11.8526 54 524 3.54354
6 98 1 18 42.6135 54 3397 0.985602
6 98 2 19 32.0164 54 737.792 1.31183
6 98 3 20 20.9608 54 825.838 2.00374
6 98 4 21 8.40186 54 21 4.9989
6 99 2 19 40.6913 54 1047.07 1.03216
6 99 3 20 27.7845 54 37.7751 1.51164
6 100 1 18 11.9029 54 121 3.52855
6 100 2 19 27.6748 54 1351.26 1.51763
6 101 2 19 26.4405 54 1761.99 1.58847
6 101 3 20 21.8264 54 1603.07 1.92427
6 101 4 21 15.997 54 5 2.62549
6 102 2 19 38.5125 54 616.063 1.09056
6 103 2 19 42.1408 54 579.289 0.99666
6 104 2 19 24.2598 54 583.834 1.73126
6 104 3 20 10.9588 54 63.454 3.83253
6 104 4 21 5.49004 54 2 7.65021
6 105 2 19 46.6273 54 1073.68 0.90076
6 106 1 18 61.5995 54 1470 0.681824
6 106 2 19 69.5322 54 3198.44 0.604037
6 106 3 20 46.0156 54 962.696 0.912733
6 107 1 18 91.1871 54 14620 0.460591
6 107 2 19 64.2627 54 847.895 0.653567
6 108 1 18 41.3143 54 2238 1.0166
6 108 2 19 38.0757 54 322.241 1.10307
6 109 2 19 42.9885 54 790.034 0.977004
6 109 3 20 42.0504 54 508.258 0.998801
6 110 1 18 61.9157 54 13270 0.678342
6 110 2 19 32.4345 54 1586.18 1.29492
6 110 3 20 22.7542 54 58.55 1.84581
6 111 2 19 32.8152 54 1047.24 1.2799
6 111 3 20 16.4679 54 37.0275 2.55042
6 112 1 18 55.7182 54 3398 0.753793
6 112 2 19 7.0037 54 69.6155 5.99683
6 112 4 21 6.74109 54 2 6.23045
6 113 1 18 120.845 54 3384 0.347552
6 113 2 19 29.9964 54 2295.88 1.40017
6 113 3 20 33.0693 54 1323.83 1.27006
6 114 1 18 98.981 54 3013 0.424324
6 114 2 19 50.0882 54 1826.58 0.838521
6 114 3 20 11.3706 54 1024.6 3.69374
6 114 4 21 24.9107 54 29 1.68602
6 115 1 19 17.5423 54 105.274 2.39421
6 115 2 20 13.1679 54 327.704 3.18958
6 116 1 19 29.6964 54 122.88 1.41431
6 116 3 21 5.6496 54 2 7.43416
6 117 2 19 45.912 54 944.658 0.914794
6 117 3 20 53.2541 54 380.999 0.788672
6 118 2 19 81.3731 54 995.299 0.516141
6 118 4 21 11.8993 54 7 3.52961
6 119 2 19 79.3228 54 2139.63 0.529482
6 119 4 21 5.51946 54 6 7.60944
6 120 2 19 112.512 54 2379.96 0.373295
6 120 3 20 92.0671 54 2951.55 0.456189
6 120 4 21 8.04049 54 6 5.22356
6 121 1 18 115.99 54 4368 0.362099
6 121 2 19 51.1381 54 3748.78 0.821306
6 121 3 20 27.3202 54 384.839 1.53733
6 121 4 21 5.60953 54 2 7.48726
6 122 1 18 63.1381 54 16024 0.665208
6 122 2 19 74.9812 54 3453.88 0.560141
6 122 3 20 24.9749 54 1141.42 1.68169
6 122 4 21 23.8334 54 9 1.76223
6 123 1 18 47.4418 54 7216 0.885295
6 123 2 19 71.206 54 3000 0.589838
6 123 3 20 18.0547 54 630.412 2.32627
6 123 4 21 23.552 54 16 1.78329
6 124 1 18 81.4914 54 9210 0.515392
6 124 2 19 116.681 54 4437.27 0.359955
6 124 3 20 45.5719 54 605.348 0.92162
6 124 4 21 85.4245 54 30 0.491662
6 125 1 18 41.7027 54 12042 1.00713
6 125 2 19 128.469 54 5283.51 0.326928
6 125 3 20 20.8434 54 2420.23 2.01503
6 125 4 21 1.49568 54 15 28.0809
6 126 1 18 93.306 54 5489 0.450132
6 126 2 19 152.224 54 2788.3 0.275909
6 126 3 20 104.932 54 2152 0.400261
6 126 4 21 23.8896 54 13 1.75808
6 127 1 18 83.6046 54 20238 0.502364
6 127 2 19 25.6477 54 2174.77 1.63757
6 127 3 20 56.413 54 199.336 0.744509
6 127 4 21 78.9949 54 34 0.53168
6 128 2 19 32.6556 54 1651.18 1.28615
6 128 3 20 42.9183 54 498.421 0.978603
6 128 4 21 7.22747e-05 54 54 581117
6 129 2 19 44.6202 54 4000 0.941277
6 129 3 20 15.0584 54 675.047 2.78913
6 129 4 21 7.93059 54 3 5.29595
6 130 2 19 52.8095 54 3865.4 0.795311
6 130 3 20 4.86191 54 402.887 8.63857
6 130 4 21 22.4919 54 70 1.86734
6 131 2 19 82.6467 54 2947.03 0.508187
6 131 3 20 27.8315 54 819.233 1.50908
6 131 4 21 34.3966 54 43 1.22105
6 132 2 19 54.4565 54 4134.58 0.771258
6 132 3 20 32.048 54 2486.48 1.31053
6 132 4 21 2.53351 54 6 16.5778
6 133 1 18 39.2904 54 784 1.06896
6 133 2 19 45.4709 54 3579.6 0.923668
6 133 3 20 47.3536 54 2168.15 0.886944
6 133 4 21 1.9025e-08 54 1 2.20762e+09
6 134 2 19 57.4248 54 4000 0.731392
6 134 3 20 42.2455 54 704.236 0.994189
6 134 4 21 3.76428 54 3 11.1575
6 135 2 19 105.862 54 3675.5 0.396742
6 135 3 20 56.8806 54 2143.76 0.738389
6 135 4 21 40.602 54 105 1.03443
6 136 2 19 92.9873 54 4516.86 0.451675
6 136 3 20 23.3381 54 2764.69 1.79963
6 136 4 21 28.5733 54 77 1.4699
6 137 2 19 42.4489 54 4954.12 0.989425
6 137 3 20 19.5378 54 2340.49 2.14968
6 137 4 21 1.42502 54 9 29.4733
6 138 2 19 131.178 54 4827.01 0.320176
6 138 3 20 43.6855 54 2978.39 0.961418
6 138 4 21 1.843e-05 54 233 2.27889e+06
6 139 1 18 39.9445 54 3107 1.05146
6 139 2 19 43.2835 54 3000 0.970346
6 139 3 20 33.9487 54 550.041 1.23716
6 139 4 21 14.0899 54 4 2.98085
6 140 2 19 74.3342 54 4128.69 0.565015
6 140 3 20 39.163 54 2629.92 1.07244
6 140 4 21 59.0221 54 71 0.711598
6 141 2 19 87.8302 54 4231.28 0.478195
6 141 3 20 76.5839 54 3839.53 0.548418
6 141 4 21 25.4406 54 45 1.6509
6 142 2 19 56.0349 54 3561.66 0.749532
6 142 3 20 78.2373 54 3205.2 0.536829
6 142 4 21 44.3923 54 22 0.94611
6 143 2 19 60.6268 54 3637.14 0.692763
6 143 3 20 48.7393 54 1043.96 0.861727
6 144 2 19 140.633 54 3262 0.29865
6 144 3 20 73.7465 54 2953.01 0.569519
6 144 4 21 3.43188 54 3 12.2382
6 145 2 19 93.8605 54 3488.12 0.447472
6 145 3 20 47.7169 54 2716.3 0.880191
6 146 2 19 88.4195 54 4653.01 0.475008
6 146 3 20 95.0533 54 3565.18 0.441858
6 146 4 21 9.32932e-05 54 89 450194
6 147 2 19 61.5866 54 3225.09 0.681966
6 147 3 20 11.0289 54 1001.38 3.80817
6 147 4 21 14.4509 54 10 2.9064
6 148 2 19 104.895 54 3999.04 0.400399
6 148 3 20 23.8961 54 3119.29 1.75761
6 148 4 21 15.5078 54 24 2.70831
6 149 2 19 48.6773 54 4967.21 0.862825
6 149 3 20 90.7989 54 2584.74 0.462561
6 149 4 21 15.4592 54 26 2.71683
6 150 1 19 61.9053 54 4732.4 0.678455
6 150 2 20 45.6845 54 3480.33 0.91935
6 151 1 19 33.1244 54 3000 1.26795
6 151 2 20 13.6526 54 1745.17 3.07634
6 151 3 21 13.2138 54 22 3.17849
6 152 1 19 66.3062 54 3761.93 0.633425
6 152 2 20 41.872 54 2943.72 1.00306
6 152 3 21 19.2296 54 63 2.18414
6 153 1 19 83.8503 54 5208.12 0.500893
6 153 2 20 81.3034 54 5732.16 0.516584
6 153 3 21 7.31408 54 7 5.74235
6 154 1 19 98.5352 54 4114.28 0.426244
6 154 2 20 83.8558 54 4180.52 0.50086
6 155 1 19 75.9628 54 2513.3 0.552903
6 155 2 20 133.257 54 3979.96 0.31518
6 155 3 21 16.3172 54 27 2.57397
6 156 1 19 227.936 54 5959.58 0.184263
6 156 2 20 265.829 54 5935.76 0.157996
6 156 3 21 12.1267 54 29 3.46344
6 157 2 19 307.189 54 5593.17 0.136724
6 157 3 20 246.903 54 5211.89 0.170107
6 157 4 21 32.414 54 71 1.29574
6 158 2 19 100.029 54 5050.8 0.419878
6 158 3 20 87.654 54 3447.67 0.479157
6 158 4 21 10.9484 54 22 3.83619
6 159 2 19 54.5525 54 3988.31 0.769901
6 159 3 20 67.2665 54 3788.58 0.624382
6 159 4 21 6.53646e-05 54 32 642550
6 160 2 19 290.667 54 6950.19 0.144495
6 160 3 20 177.176 54 6812.19 0.237052
6 160 4 21 9.19103 54 127 4.56967
6 161 2 19 84.2579 54 5346.6 0.49847
6 161 3 20 220.163 54 5294.54 0.190767
6 161 4 21 27.8229 54 16 1.50955
6 162 2 19 111.883 54 5000 0.375393
6 162 3 20 85.2556 54 3641.54 0.492636
6 162 4 21 0.00441547 54 249 9512.01
6 163 2 19 373.855 54 4125.7 0.112343
6 163 3 20 140.277 54 3039.44 0.299407
6 163 4 21 20.3783 54 74 2.06101
6 164 2 19 102.32 54 5858.86 0.410478
6 164 3 20 110.654 54 6910.93 0.379561
6 164 4 21 22.1852 54 48 1.89315
6 165 2 19 223.877 54 5897.44 0.187603
6 165 3 20 82.0555 54 6180.41 0.511849
6 165 4 21 28.4477 54 17 1.47639
6 166 2 19 123.508 54 5175.96 0.340059
6 166 3 20 177.228 54 5347.97 0.236983
6 166 4 21 42.8226 54 38 0.980791
6 167 2 19 137.263 54 3098.1 0.305981
6 167 3 20 137.094 54 4184.01 0.306359
6 167 4 21 21.4188 54 17 1.9609
6 168 2 19 149.791 54 6301.58 0.280391
6 168 3 20 116.632 54 6070.58 0.360107
6 168 4 21 17.8846 54 24 2.34839
6 169 2 19 138.513 54 5502.62 0.303222
6 169 3 20 84.2572 54 4988.62 0.498474
6 169 4 21 6.22067 54 9 6.75168
6 170 1 19 158.351 54 4090.92 0.265233
6 170 2 20 64.9092 54 3892.31 0.647057
6 170 3 21 68.7816 54 106 0.610628
6 171 2 19 126.182 54 4086.56 0.332852
6 171 3 20 94.1847 54 3406.5 0.445932
6 171 4 21 30.192 54 23 1.3911
6 172 1 19 87.6618 54 5781.62 0.479114
6 172 2 20 70.1321 54 5715.14 0.59887
6 172 3 21 0.766972 54 6 54.7608
6 173 2 19 66.8326 54 4789.42 0.628436
6 173 3 20 104.456 54 4321.26 0.402083
6 173 4 21 4.25721 54 11 9.86562
6 174 1 19 79.5289 54 3907.32 0.52811
6 174 2 20 54.5425 54 2761.29 0.770042
6 174 3 21 24.5982 54 42 1.70744
6 175 1 19 44.8256 54 4080.87 0.936964
6 175 2 20 78.3317 54 2345.61 0.536181
6 175 3 21 25.9383 54 21 1.61923
6 176 2 19 39.5145 54 5326.48 1.0629
6 176 3 20 24.1027 54 3275.48 1.74254
6 176 4 21 37.135 54 200 1.13101
6 177 2 19 51.2954 54 5323.72 0.818787
6 177 3 20 19.965 54 4772.61 2.10368
6 177 4 21 34.6298 54 59 1.21283
6 178 2 19 59.0972 54 4460.91 0.710693
6 178 3 20 99.5645 54 6490 0.421837
6 178 4 21 22.4696 54 75 1.86919
6 179 2 19 123.944 54 3658.27 0.338862
6 179 3 20 87.222 54 3701.89 0.48153
6 179 4 21 42.3894 54 83 0.990814
6 180 2 19 157.626 54 5475.84 0.266454
6 180 3 20 255.347 54 6069.82 0.164482
6 180 4 21 45.3942 54 162 0.925227
6 181 2 19 188.42 54 5102.25 0.222906
6 181 3 20 263.321 54 5343.1 0.159501
6 181 4 21 0.000133155 54 59 315421
6 182 2 19 134.151 54 5054.68 0.313079
6 182 3 20 135.489 54 4633.23 0.309989
6 182 4 21 53.2012 54 226 0.789456
6 183 2 19 98.5975 54 3424.97 0.425974
6 183 3 20 103.01 54 3157.2 0.407729
6 183 4 21 28.0443 54 415 1.49763
6 184 2 19 191.666 54 4458.81 0.219131
6 184 3 20 197.233 54 6044.87 0.212946
6 184 4 21 4.16936 54 14 10.0735
6 185 2 19 220.75 54 5101.91 0.19026
6 185 3 20 79.2459 54 5263.77 0.529996
6 185 4 21 0.263466 54 12 159.414
6 186 2 19 147.344 54 3412.66 0.285048
6 186 3 20 111.362 54 2824.51 0.377147
6 186 4 21 22.9516 54 132 1.82994
6 187 2 19 171.193 54 1629.17 0.245337
6 187 3 20 169.579 54 2705.03 0.247671
6 187 4 21 12.2105 54 18 3.43967
6 188 2 19 88.9539 54 2372.39 0.472154
6 188 3 20 153.906 54 2733.06 0.272895
7 1 1 24 18.7801 54 1345 2.23642
7 1 3 27 56.1813 54 322 0.74758
7 2 1 24 6.91011 54 347 6.07805
7 2 2 27 35.9924 54 23 1.16691
7 3 2 27 1.2298 54 24 34.1518
7 4 1 24 14.427 54 1968 2.9112
7 4 4 27 18.9951 54 80 2.21109
7 5 1 24 51.6161 54 1620 0.8137
7 5 4 27 7.94695 54 34 5.28505
7 6 1 24 22.0075 54 540 1.90844
7 6 4 27 49.0581 54 124 0.856127
7 7 1 24 18.171 54 1045 2.31137
7 7 2 27 29.3441 54 326 1.43129
7 8 1 24 12.778 54 2775 3.2869
7 8 4 27 77.1235 54 630 0.544581
7 9 1 24 37.5224 54 1358 1.11933
7 9 4 27 82.1227 54 207 0.51143
7 10 2 27 27.8108 54 66 1.5102
7 11 1 24 11.3152 54 360 3.71181
7 11 4 27 17.4778 54 84 2.40305
7 12 1 24 10.2989 54 30 4.07811
7 12 4 27 14.6124 54 147 2.87426
7 13 1 24 13.6296 54 230 3.08153
7 13 4 27 17.5268 54 52 2.39633
7 14 4 27 13.9176 54 50 3.01776
7 15 1 24 11.3771 54 654 3.69164
7 15 4 27 8.31554 54 23 5.05079
7 16 1 24 16.8433 54 878 2.49357
7 16 4 27 17.6762 54 124 2.37608
7 17 1 24 47.1786 54 1424 0.890235
7 17 4 27 26.3094 54 45 1.59639
7 18 1 24 105.165 54 419 0.399372
7 18 3 27 23.5396 54 40 1.78423
7 19 1 24 49.9603 54 492 0.840667
7 19 4 27 21.9376 54 13 1.91452
7 20 4 27 17.8689 54 76 2.35046
7 21 1 24 26.8952 54 25 1.56162
7 21 4 27 12.0984 54 8 3.47153
7 22 4 27 7.80555 54 31 5.38079
7 23 4 27 15.2253 54 11 2.75857
7 24 1 24 14.4784 54 3282 2.90087
7 24 4 27 2.78288 54 36 15.0923
7 25 1 24 19.4014 54 3138 2.1648
7 25 4 27 35.8024 54 18 1.17311
7 26 1 24 31.7321 54 612 1.32358
7 26 4 27 147.653 54 253 0.284451
7 27 1 24 19.5494 54 2025 2.14841
7 27 4 27 34.5604 54 83 1.21526
7 28 1 24 49.904 54 4367 0.841616
7 28 4 27 31.9778 54 130 1.31341
7 29 1 24 42.4495 54 2511 0.989412
7 29 4 27 4.92684 54 7 8.52473
7 31 1 24 24.1425 54 626 1.73967
7 31 4 27 11.1227 54 26 3.77608
7 32 1 24 12.7483 54 3601 3.29456
7 32 4 27 20.7738 54 27 2.02178
7 33 1 24 81.3878 54 29 0.516048
7 33 4 27 12.9518 54 4 3.2428
7 34 1 24 72.5687 54 1352 0.578762
7 35 1 24 23.6933 54 3995 1.77265
7 35 4 27 19.7235 54 26 2.12944
7 36 1 24 11.4469 54 35 3.66912
7 36 4 27 24.5501 54 83 1.71079
7 37 1 24 3.23416 54 25 12.9864
7 39 4 27 12.568 54 6 3.34183
7 44 1 24 11.703 54 27 3.58883
7 49 1 24 10.4138 54 23 4.03312
7 53 1 24 0.924201 54 55 45.4447
7 53 4 27 1.02675 54 1 40.9057
7 55 1 24 9.16231 54 25 4.584
7 56 1 24 17.6808 54 695 2.37546
7 57 1 24 96.7312 54 492 0.434193
7 60 1 24 17.8702 54 205 2.35028
7 61 1 24 98.7614 54 717 0.425267
7 61 4 27 5.362 54 2 7.83289
7 62 1 24 73.6173 54 289 0.570518
7 64 1 24 41.4642 54 190 1.01292
7 65 1 24 28.3064 54 380 1.48376
7 66 1 24 63.8044 54 800 0.658262
7 66 2 25 24.4299 54 271 1.7192
7 66 3 26 51.316 54 768 0.818458
7 67 1 24 86.0885 54 384 0.48787
7 67 2 25 60.7513 54 1560 0.691343
7 67 3 26 148.518 54 2480 0.282793
7 67 4 27 13.3716 54 15 3.141
7 68 1 24 68.5 54 1058 0.613139
7 68 2 25 36.9354 54 996 1.13712
7 68 3 26 139.412 54 2119 0.301266
7 68 4 27 17.7569 54 6 2.36527
7 69 1 24 132.471 54 1836 0.31705
7 69 2 25 23.4136 54 994 1.79383
7 69 3 26 65.0206 54 357 0.645949
7 70 1 24 27.2116 54 175 1.54346
7 70 2 25 16.6296 54 896 2.52562
7 70 3 26 32.5312 54 1414 1.29107
7 71 3 26 21.2201 54 429 1.97926
7 72 2 25 27.1581 54 829 1.5465
7 72 3 26 16.1599 54 1567 2.59902
7 73 1 24 27.5334 54 202 1.52542
7 73 2 25 27.3955 54 2993 1.5331
7 73 3 26 18.4671 54 563 2.27432
7 74 1 24 44.5758 54 2088 0.942216
7 74 2 25 45.0023 54 1702 0.933286
7 74 3 26 38.6198 54 301 1.08753
7 75 1 24 30.27 54 3096 1.38751
7 75 2 25 33.0749 54 493 1.26984
7 75 3 26 14.8219 54 72 2.83365
7 75 4 27 2.09095 54 1 20.0866
7 76 1 24 8.83368 54 6 4.75453
7 76 2 25 34.5239 54 648 1.21655
7 76 3 26 46.0289 54 1163 0.91247
7 77 1 24 26.6236 54 1297 1.57755
7 77 2 25 80.015 54 894 0.524901
7 77 3 26 92.6666 54 3477 0.453238
7 78 1 24 56.4578 54 2500 0.743919
7 78 2 25 41.1891 54 449 1.01969
7 78 3 26 46.8039 54 1040 0.897361
7 79 1 24 92.0082 54 5257 0.456481
7 79 2 25 16.6193 54 1012 2.52718
7 79 3 26 76.2133 54 897 0.551085
7 79 4 27 3.59868 54 1 11.6709
7 80 1 24 42.1466 54 243 0.996521
7 80 2 25 8.41528 54 825 4.99092
7 80 3 26 15.6338 54 897 2.68649
7 80 4 27 16.2985 54 4 2.57693
7 81 1 24 78.7794 54 551 0.533134
7 81 2 25 6.66546 54 292 6.30114
7 81 3 26 27.537 54 769 1.52522
7 82 1 24 23.7715 54 75 1.76682
7 82 4 27 2.26835 54 1 18.5156
7 83 1 24 20.0113 54 1962 2.09881
7 83 2 25 65.5348 54 2307 0.640881
7 83 3 26 33.6865 54 2044 1.24679
7 83 4 27 9.22031 54 3 4.55516
7 84 1 24 84.4022 54 799 0.497617
7 84 2 25 28.1582 54 2077 1.49157
7 84 3 26 29.5615 54 1719 1.42077
7 85 1 24 62.9078 54 311 0.667644
7 85 2 25 26.0775 54 708.479 1.61058
7 85 3 26 87.1513 54 745 0.48192
7 86 2 25 22.3018 54 1003.85 1.88326
7 86 3 26 30.1759 54 583.442 1.39184
7 86 4 27 15.5331 54 10 2.7039
7 87 2 25 21.0799 54 255.604 1.99242
7 87 3 26 60.7869 54 438.24 0.690939
7 87 4 27 4.22562 54 2 9.93936
7 88 1 24 4.73228 54 110 8.87522
7 88 2 25 62.106 54 991.627 0.676263
7 88 3 26 68.2404 54 926.974 0.615471
7 89 1 24 16.7187 54 75 2.51215
7 89 2 25 111.183 54 5108.62 0.377755
7 89 3 26 73.9677 54 497 0.567816
7 89 4 27 1.26938 54 1 33.0871
7 90 2 25 115.073 54 1495 0.364985
7 90 3 26 116.59 54 329.295 0.360237
7 90 4 27 32.5477 54 12 1.29041
7 91 1 24 31.0594 54 442 1.35225
7 91 2 25 11.3793 54 1138.65 3.69092
7 91 3 26 116.364 54 954.628 0.360936
7 91 4 27 64.2336 54 34 0.653863
7 92 1 24 18.5127 54 159 2.26871
7 92 2 25 12.3514 54 2336.89 3.40044
7 92 3 26 21.1309 54 519.123 1.98761
7 92 4 27 9.16072 54 4 4.58479
7 93 1 24 96.0629 54 171 0.437214
7 93 2 25 57.9169 54 1130.4 0.725177
7 93 3 26 0.326962 54 2065.77 128.455
7 94 1 24 190.438 54 101 0.220544
7 94 2 25 60.4846 54 2998.07 0.694391
7 94 3 26 107.808 54 2316.56 0.389582
7 94 4 27 36.116 54 31 1.16292
7 95 2 25 34.7533 54 1149.92 1.20852
7 95 3 26 54.1506 54 2433 0.775615
7 95 4 27 31.8793 54 36 1.31747
7 96 1 24 8.75972 54 20 4.79468
7 96 2 25 21.4164 54 864.706 1.96112
7 96 3 26 32.109 54 4132 1.30805
7 96 4 27 31.6772 54 50 1.32587
7 97 1 24 23.1669 54 60 1.81293
7 97 2 25 52.9898 54 5218.62 0.792605
7 97 3 26 56.2304 54 3934.93 0.746927
7 97 4 27 1.55207 54 1 27.0606
7 98 1 24 124.725 54 221 0.336741
7 98 2 25 48.2941 54 1769.31 0.869671
7 98 3 26 43.7614 54 1757 0.95975
7 98 4 27 8.00442 54 5 5.2471
7 99 2 25 74.1177 54 2663.19 0.566666
7 99 3 26 41.4162 54 2340.91 1.0141
7 99 4 27 18.3581 54 33 2.28782
7 100 1 24 3.11489 54 20 13.4836
7 100 2 25 54.316 54 2601.75 0.773253
7 100 3 26 58.2194 54 1157.84 0.721409
7 100 4 27 47.9738 54 93 0.875477
7 101 1 24 41.0049 54 127 1.02427
7 101 2 25 120.19 54 3089.87 0.349447
7 101 3 26 58.0568 54 856.097 0.72343
7 101 4 27 17.7771 54 72 2.36259
7 102 2 25 57.8109 54 859.005 0.726506
7 102 3 26 18.5061 54 307.323 2.26952
7 102 4 27 23.0974 54 33 1.81838
7 103 2 25 47.1354 54 319.048 0.89105
7 103 4 27 26.6944 54 18 1.57336
7 104 1 24 23.0736 54 171 1.82026
7 104 2 25 35.439 54 1388.94 1.18513
7 104 3 26 30.2254 54 32.9999 1.38956
7 104 4 27 0.955593 54 4 43.9518
7 105 2 25 50.2451 54 3564.06 0.835902
7 105 3 26 84.4681 54 1133.86 0.497229
7 105 4 27 0.0414181 54 5 1014.05
7 106 2 25 97.6755 54 4105.76 0.429995
7 106 3 26 57.7476 54 3370.62 0.727303
7 106 4 27 3.42603e-05 54 50 1.22591e+06
7 107 2 25 105.598 54 1510.7 0.397736
7 107 3 26 109.077 54 972.648 0.38505
7 107 4 27 18.3108 54 20 2.29373
7 108 1 24 10.4174 54 25 4.03171
7 108 2 25 103.375 54 2756.1 0.406288
7 108 3 26 76.7981 54 1883.87 0.546889
7 108 4 27 1.31247 54 4 32.0008
7 109 1 24 19.6014 54 1485 2.1427
7 109 2 25 59.6163 54 2861.61 0.704505
7 109 3 26 182.534 54 1320.81 0.230094
7 109 4 27 1.45803 54 2 28.8061
7 110 2 25 54.1136 54 3051.41 0.776145
7 110 3 26 2.40272 54 471.208 17.4802
7 110 4 27 12.9452 54 18 3.24445
7 111 2 25 27.4127 54 3757.86 1.53214
7 111 3 26 25.3919 54 1777.25 1.65407
7 111 4 27 12.6542 54 5 3.31906
7 112 1 24 41.3357 54 207 1.01607
7 112 2 25 43.0142 54 1158.59 0.976421
7 112 3 26 3.14913 54 2050.63 13.337
7 112 4 27 21.5086 54 11 1.9527
7 113 1 24 19.2639 54 2134 2.18025
7 113 2 25 118.83 54 3655.57 0.353446
7 113 3 26 73.9548 54 1898.43 0.567914
7 113 4 27 10.2815 54 6 4.08501
7 114 1 24 20.1172 54 40 2.08777
7 114 2 25 97.0896 54 4208.85 0.43259
7 114 3 26 45.0288 54 1677 0.932736
7 114 4 27 12.2602 54 4 3.42573
7 115 1 25 54.9509 54 1689.01 0.764318
7 115 2 26 68.2914 54 637.029 0.615012
7 115 3 27 34.3044 54 53 1.22433
7 116 2 25 64.935 54 1798.13 0.6468
7 116 3 26 73.0621 54 1261.62 0.574854
7 116 4 27 24.8522 54 12 1.68999
7 117 2 25 103.496 54 2890.21 0.405811
7 117 3 26 145.028 54 2566.56 0.2896
7 117 4 27 23.835 54 19 1.76212
7 118 2 25 104.241 54 3547.26 0.402911
7 118 3 26 132.77 54 3016.77 0.316336
7 119 1 25 45.377 54 1380.11 0.92558
7 119 2 26 80.0952 54 816.63 0.524376
7 119 3 27 24.8506 54 46 1.6901
7 120 2 25 24.9373 54 1484.91 1.68423
7 120 3 26 80.7658 54 555.694 0.520022
7 120 4 27 44.687 54 36 0.939872
7 121 1 24 7.94988 54 380 5.2831
7 121 2 25 159.488 54 3420.93 0.263342
7 121 3 26 81.6752 54 1572.81 0.514232
7 121 4 27 61.941 54 33 0.678065
7 122 1 24 7.36325 54 6 5.704
7 122 2 25 74.7833 54 1507.87 0.561623
7 122 3 26 42.063 54 1271.79 0.998502
7 122 4 27 0.347153 54 26 120.984
7 123 2 25 71.2497 54 2923.99 0.589476
7 123 3 26 47.2156 54 568.736 0.889536
7 123 4 27 61.1498 54 53 0.686837
7 124 2 25 278.073 54 1603.97 0.151039
7 124 3 26 233.999 54 2764.12 0.179488
7 124 4 27 11.2256 54 52 3.74145
7 125 1 24 75.1469 54 2518 0.558905
7 125 2 25 172.537 54 3374.75 0.243425
7 125 3 26 214.964 54 3329.01 0.195382
7 125 4 27 5.68892e-05 54 290 738278
7 126 1 24 43.5345 54 3466 0.964752
7 126 2 25 91.8898 54 1882.13 0.457069
7 126 3 26 94.5588 54 2313.82 0.444168
7 126 4 27 116.373 54 73 0.360909
7 127 2 25 29.309 54 2302.67 1.43301
7 127 3 26 48.9836 54 2274.82 0.85743
7 127 4 27 2.97364 54 6 14.1241
7 128 2 25 46.9499 54 1389.78 0.894571
7 128 3 26 36.2916 54 532.657 1.15729
7 128 4 27 4.42304 54 40 9.49573
7 129 1 24 39.6236 54 97 1.05997
7 129 2 25 37.3762 54 2737.52 1.12371
7 129 3 26 51.3067 54 1751.46 0.818606
7 129 4 27 16.3903 54 44 2.56249
7 130 2 25 53.0841 54 3842.75 0.791198
7 130 3 26 40.3259 54 4056.05 1.04152
7 130 4 27 40.5628 54 80 1.03543
7 131 2 25 145.041 54 4673 0.289573
7 131 3 26 95.0992 54 2021 0.441644
7 131 4 27 0.00267462 54 198 15703.2
7 132 2 25 202.963 54 6544.27 0.206934
7 132 3 26 147.802 54 2697.59 0.284164
7 132 4 27 58.3817 54 37 0.719403
7 133 1 24 72.7157 54 1263 0.577592
7 133 2 25 91.853 54 3162.58 0.457252
7 133 3 26 155.046 54 4051.43 0.270887
7 133 4 27 33.4752 54 59 1.25466
7 134 2 25 118.654 54 4969.41 0.35397
7 134 3 26 119.758 54 4078.81 0.350707
7 134 4 27 0.0358683 54 870 1170.95
7 135 2 25 92.325 54 3827.76 0.454915
7 135 3 26 70.4628 54 3762.76 0.596059
7 135 4 27 69.1892 54 83 0.607031
7 136 2 25 141.515 54 5107.1 0.296788
7 136 3 26 93.0915 54 1569.72 0.451169
7 136 4 27 48.1943 54 77 0.871472
7 137 2 25 57.0089 54 5907.93 0.736727
7 137 3 26 60.9128 54 2378.36 0.68951
7 137 4 27 80.5708 54 73 0.521281
7 138 2 25 129.654 54 6697.24 0.32394
7 138 3 26 109.143 54 4520.66 0.384816
7 138 4 27 0.000172418 54 108 243595
7 139 2 25 65.79 54 2305.87 0.638395
7 139 3 26 64.5789 54 1398.61 0.650367
7 139 4 27 0.00810569 54 525 5181.54
7 140 1 24 3.88389 54 239 10.8139
7 140 2 25 107.854 54 5389.2 0.389414
7 140 3 26 46.0587 54 2125.14 0.911879
7 140 4 27 91.0251 54 169 0.461411
7 141 2 25 104.948 54 9052.2 0.400198
7 141 3 26 43.2049 54 3550.04 0.972111
7 141 4 27 23.0269 54 183 1.82396
7 142 2 25 87.2363 54 7702.18 0.481451
7 142 3 26 64.8614 54 4862.3 0.647535
7 142 4 27 0.000243754 54 49 172305
7 143 2 25 51.0101 54 3795.72 0.823367
7 143 3 26 76.4573 54 4844.64 0.549326
7 143 4 27 53.0958 54 88 0.791023
7 144 2 25 172.888 54 8442.57 0.242932
7 144 3 26 244.64 54 5727.26 0.171681
7 144 4 27 62.5875 54 67 0.67106
7 145 2 25 152.488 54 9102.91 0.275431
7 145 3 26 158.595 54 4000.84 0.264825
7 145 4 27 62.7794 54 43 0.669009
7 146 2 25 94.6098 54 6620.91 0.443929
7 146 3 26 64.0564 54 3706.81 0.655672
7 146 4 27 7.99311 54 140 5.25452
7 147 2 25 90.3543 54 6599.04 0.464837
7 147 3 26 34.994 54 3656.77 1.20021
7 147 4 27 10.3177 54 343 4.07066
7 148 2 25 101.322 54 5961.81 0.414521
7 148 3 26 52.4387 54 2208.36 0.800935
7 148 4 27 59.6437 54 172 0.704181
7 149 2 25 86.1699 54 5444.18 0.487409
7 149 3 26 108.901 54 3733.77 0.38567
7 149 4 27 0.000928495 54 273 45234.5
7 150 2 25 96.7501 54 8675.98 0.434108
7 150 3 26 68.5518 54 7005.29 0.612675
7 150 4 27 21.3089 54 176 1.97101
7 151 2 25 129.362 54 5833.38 0.324671
7 151 3 26 138.248 54 5552.48 0.303801
7 151 4 27 8.13785 54 206 5.16107
7 152 2 25 149.675 54 6578.46 0.280609
7 152 3 26 53.8623 54 1478.57 0.779766
7 152 4 27 0.450304 54 24 93.2704
7 153 2 25 64.9679 54 9791.04 0.646473
7 153 3 26 112.183 54 8227.69 0.374389
7 153 4 27 23.9352 54 69 1.75474
7 154 2 25 35.159 54 11676.3 1.19457
7 154 3 26 75.3473 54 12449.9 0.557419
7 154 4 27 33.3272 54 18 1.26023
7 155 1 25 12.1042 54 3103.43 3.46987
7 155 2 26 46.7412 54 10147.5 0.898565
7 155 3 27 16.9058 54 122 2.48435
7 156 2 25 97.9302 54 14011.2 0.428877
7 156 3 26 67.394 54 8600.41 0.623201
7 156 4 27 6.61555 54 20 6.34868
7 157 2 25 169.648 54 13918.5 0.247572
7 157 3 26 179.163 54 7651.18 0.234423
7 157 4 27 6.61054 54 5 6.35349
7 158 2 25 82.9838 54 13576.9 0.506123
7 158 3 26 50.367 54 7490.41 0.83388
7 158 4 27 3.19458 54 10 13.1473
7 159 2 25 24.2574 54 5298.67 1.73143
7 159 3 26 68.2112 54 9867.98 0.615735
7 160 2 25 61.1663 54 12636.1 0.686653
7 160 3 26 50.1942 54 7162.9 0.83675
7 160 4 27 0.00868071 54 393 4838.31
7 161 2 25 348.974 54 10949.2 0.120353
7 161 3 26 134.907 54 7971.38 0.311325
7 161 4 27 32.9481 54 37 1.27473
7 162 2 25 125.613 54 17265 0.33436
7 162 3 26 57.7973 54 9993.42 0.726678
7 162 4 27 0.00390669 54 193 10750.8
7 163 1 25 50.5922 54 6965.7 0.830167
7 163 2 26 120.012 54 5138.19 0.349965
7 163 3 27 0.00468719 54 308 8960.59
7 164 2 25 143.183 54 12145.3 0.29333
7 164 3 26 79.5414 54 7861.46 0.528027
7 164 4 27 3.74874 54 81 11.2038
7 165 2 25 276.434 54 11790 0.151935
7 165 3 26 73.8106 54 11336.1 0.569024
7 165 4 27 71.8528 54 93 0.584529
7 166 2 25 137.573 54 13063.8 0.305293
7 166 3 26 56.8684 54 13092.2 0.738547
7 166 4 27 0.00872136 54 576 4815.76
7 167 2 25 92.5708 54 5407.31 0.453707
7 167 3 26 219.1 54 10068.9 0.191693
7 167 4 27 69.0011 54 25 0.608686
7 168 2 25 124.47 54 10500 0.33743
7 168 3 26 230.187 54 9811.34 0.18246
7 168 4 27 0.0161854 54 376 2594.92
7 169 2 25 201.692 54 11913.1 0.208239
7 169 3 26 88.7397 54 9061.35 0.473294
7 169 4 27 12.952 54 278 3.24275
7 170 2 25 218.13 54 11921.7 0.192546
7 170 3 26 159.182 54 10182.9 0.263848
7 170 4 27 0.00525084 54 468 7998.72
7 171 2 25 66.0088 54 5593.99 0.636279
7 171 3 26 173.797 54 9733.32 0.241662
7 171 4 27 44.2669 54 298 0.948791
7 172 2 25 249.256 54 9859.74 0.168502
7 172 3 26 168.392 54 7247.14 0.249419
7 172 4 27 0.00139407 54 152 30127.6
7 173 2 25 171.562 54 11593.6 0.244809
7 173 3 26 62.2825 54 9966.52 0.674346
7 173 4 27 41.5665 54 55 1.01043
7 174 2 25 163.398 54 9355.71 0.257041
7 174 3 26 196.93 54 9327.86 0.213274
7 174 4 27 50.7244 54 131 0.828004
7 175 1 25 74.2852 54 1355.31 0.565389
7 175 2 26 45.3791 54 8211.84 0.925537
7 175 3 27 19.4759 54 75 2.15651
7 176 2 25 64.9769 54 9262 0.646383
7 176 3 26 281.234 54 10714.3 0.149342
7 176 4 27 39.8104 54 149 1.055
7 177 2 25 48.4427 54 10649.2 0.867003
7 177 3 26 127.601 54 12268.5 0.329152
7 177 4 27 20.1312 54 18 2.08631
7 178 2 25 88.6407 54 15459.7 0.473823
7 178 3 26 97.5862 54 16272.8 0.430389
7 178 4 27 2.50722 54 2 16.7516
7 179 2 25 56.6734 54 3866.55 0.741089
7 179 3 26 78.5701 54 10166 0.534554
7 179 4 27 74.6548 54 138 0.56259
7 180 2 25 191.608 54 12704.7 0.219198
7 180 3 26 122.494 54 13658.2 0.342874
7 180 4 27 47.1329 54 81 0.891096
7 181 2 25 164.402 54 13424.5 0.255471
7 181 3 26 107.463 54 15552.3 0.390834
7 181 4 27 4.50902 54 2 9.31466
7 182 1 25 53.2348 54 15156.1 0.788957
7 182 2 26 37.7142 54 10432.4 1.11364
7 182 3 27 39.8133 54 66 1.05492
7 183 1 25 105.44 54 3755.43 0.39833
7 183 2 26 56.4228 54 10780.4 0.74438
7 183 3 27 31.2439 54 297 1.34426
7 184 2 25 177.119 54 11873.6 0.237129
7 184 3 26 151.809 54 7919.02 0.276663
7 184 4 27 0.000169574 54 126 247679
7 185 2 25 186.151 54 13192.4 0.225623
7 185 3 26 120.808 54 13219.4 0.34766
7 185 4 27 0.000492997 54 88 85193.2
7 186 2 25 126.707 54 12341.9 0.331473
7 186 3 26 68.6436 54 11408.3 0.611856
7 186 4 27 57.8091 54 197 0.726529
7 187 1 25 60.4926 54 3131.97 0.6943
7 187 2 26 57.3264 54 10577.6 0.732647
7 187 3 27 6.94235 54 81 6.04982
7 188 2 25 151.999 54 9478.26 0.276318
7 188 3 26 138.368 54 4923.4 0.303539
7 188 4 27 3.11592 54 61 13.4792
8 1 2 31 11.381 54 398 3.69038
8 2 2 31 31.5823 54 1517 1.32986
8 3 2 31 0.00949384 54 996 4423.92
8 4 2 31 58.6286 54 125 0.716374
8 5 2 31 0.00130703 54 335 32133.9
8 6 1 31 64.6342 54 694 0.64981
8 7 2 31 0.00813922 54 900 5160.2
8 8 2 31 40.7798 54 485 1.02992
8 9 2 31 48.0699 54 210 0.873727
8 10 1 28 56.9246 54 180 0.737818
8 10 2 31 65.3827 54 1173 0.642372
8 11 2 31 45.3112 54 801 0.926923
8 12 2 31 31.5544 54 77 1.33104
8 13 2 31 15.4198 54 7 2.72377
8 14 2 31 10.705 54 103 3.92338
8 15 1 28 24.0545 54 284 1.74604
8 15 2 31 32.8977 54 78 1.27668
8 17 1 28 34.5724 54 310 1.21484
8 17 2 31 61.0772 54 154 0.687654
8 18 4 31 47.9014 54 319 0.876802
8 19 2 31 39.2252 54 758 1.07074
8 20 2 31 90.8277 54 131 0.462414
8 21 1 28 11.075 54 30 3.79232
8 21 2 31 24.5794 54 193 1.70875
8 22 2 31 51.4185 54 127 0.816827
8 23 2 31 90.8382 54 261 0.462361
8 24 1 28 9.4203 54 3 4.45846
8 24 2 31 61.8634 54 878 0.678916
8 25 1 28 27.8451 54 4714 1.50835
8 25 2 31 167.965 54 1386 0.250053
8 26 1 28 31.5324 54 24364 1.33196
8 26 2 31 49.4965 54 85 0.848546
8 27 1 28 22.7058 54 7520 1.84975
8 27 3 31 4.25121 54 66 9.87954
8 28 1 28 24.7439 54 2236 1.69739
8 28 2 31 41.5216 54 316 1.01152
8 29 1 28 25.7025 54 2885 1.63408
8 29 2 31 48.386 54 288 0.86802
8 30 2 31 69.4739 54 192 0.604544
8 31 1 28 47.2315 54 1007 0.889238
8 31 2 31 41.247 54 287 1.01826
8 32 1 28 34.9559 54 1173 1.20151
8 32 2 31 68.9899 54 590 0.608785
8 33 1 28 45.5601 54 1761 0.92186
8 33 2 31 75.1283 54 193 0.559043
8 34 1 28 49.5152 54 15382 0.848224
8 35 1 28 7.72864 54 356 5.43433
8 35 2 31 43.2206 54 83 0.971758
8 36 1 28 1.16791 54 56 35.9617
8 36 2 31 35.266 54 296 1.19095
8 37 2 31 17.7958 54 71 2.36011
8 39 3 31 19.9401 54 103 2.10631
8 40 1 28 40.2277 54 205 1.04406
8 40 4 31 26.4065 54 284 1.59052
8 41 1 28 12.2698 54 8 3.42304
8 41 4 31 21.626 54 168 1.94211
8 42 4 31 18.5816 54 22 2.2603
8 43 4 31 29.1512 54 84 1.44076
8 44 1 28 24.1334 54 40 1.74032
8 44 4 31 28.8854 54 524 1.45402
8 45 1 28 5.48425 54 46 7.6583
8 45 4 31 60.4917 54 240 0.694311
8 46 4 31 5.67116 54 11 7.4059
8 47 4 31 21.9445 54 40 1.91392
8 48 1 28 51.462 54 47 0.816137
8 48 4 31 55.4497 54 979 0.757443
8 49 1 28 2.88564 54 51 14.5548
8 49 4 31 37.7094 54 1037 1.11378
8 50 4 31 18.9987 54 5 2.21068
8 51 4 31 24.7772 54 33 1.69511
8 52 1 28 21.8552 54 34 1.92174
8 52 4 31 46.9957 54 181 0.893699
8 53 4 31 53.5884 54 168 0.783752
8 54 4 31 34.006 54 23 1.23507
8 55 4 31 37.3284 54 110 1.12515
8 56 1 28 9.97762 54 205 4.20942
8 56 4 31 95.6282 54 104 0.439201
8 57 4 31 84.8697 54 968 0.494876
8 58 4 31 4.07264 54 5 10.3127
8 59 4 31 76.327 54 152 0.550264
8 60 1 28 44.5532 54 476 0.942694
8 60 4 31 61.9074 54 158 0.678433
8 61 1 28 30.4917 54 141 1.37742
8 61 4 31 55.03 54 73 0.763221
8 62 1 28 14.6342 54 137 2.86998
8 62 4 31 82.9437 54 53 0.506368
8 63 4 31 11.9016 54 15 3.52894
8 64 4 31 34.4486 54 21 1.21921
8 65 4 31 46.1679 54 215 0.909722
8 66 1 28 19.1653 54 371 2.19147
8 66 2 29 33.2785 54 324 1.26208
8 66 3 30 27.5613 54 186 1.52388
8 67 4 31 24.0364 54 37 1.74735
8 68 1 28 9.14265 54 157 4.59385
8 68 4 31 35.0073 54 143 1.19975
8 69 4 31 31.1964 54 351 1.34631
8 70 4 31 17.9105 54 16 2.34499
8 71 4 31 26.9076 54 25 1.5609
8 72 1 28 28.5948 54 137 1.4688
8 72 2 29 6.52062 54 241 6.44111
8 72 3 30 16.6146 54 150 2.5279
8 72 4 31 43.8881 54 183 0.956979
8 73 2 29 36.651 54 1796 1.14594
8 73 3 30 53.5452 54 1849 0.784384
8 73 4 31 28.2697 54 24 1.48569
8 74 2 29 36.2073 54 168 1.15999
8 74 3 30 56.0576 54 1652 0.74923
8 74 4 31 25.4495 54 19 1.65033
8 75 2 29 41.1395 54 1943 1.02092
8 75 3 30 45.2045 54 5116 0.929111
8 75 4 31 10.4103 54 5 4.03446
8 76 1 28 91.136 54 921 0.46085
8 76 2 29 42.9922 54 1096 0.976922
8 76 3 30 130.088 54 6260 0.322859
8 76 4 31 134.374 54 137 0.31256
8 77 1 28 19.2529 54 8 2.18149
8 77 3 30 36.3589 54 82.5 1.15515
8 77 4 31 70.3118 54 793 0.59734
8 78 2 29 16.4257 54 50 2.55696
8 78 3 30 55.4737 54 2631 0.757116
8 79 1 28 31.7201 54 9065 1.32408
8 79 2 29 30.1802 54 86 1.39164
8 79 3 30 50.0282 54 4541 0.839527
8 79 4 31 25.6196 54 26 1.63937
8 80 1 28 31.6364 54 346 1.32759
8 80 2 29 33.9064 54 629 1.2387
8 80 3 30 39.9492 54 3988 1.05133
8 80 4 31 82.9446 54 127 0.506362
8 81 1 28 16.2888 54 3535 2.57846
8 81 2 29 46.868 54 3240 0.896134
8 81 3 30 43.5539 54 2855 0.964323
8 81 4 31 15.2173 54 19 2.76002
8 82 1 28 14.4302 54 2879 2.91057
8 82 2 29 41.2804 54 2631 1.01743
8 82 3 30 29.1999 54 3579 1.43836
8 82 4 31 9.76365 54 9 4.30167
8 83 1 28 12.006 54 655 3.49825
8 83 2 29 52.1373 54 1114 0.805565
8 83 3 30 34.9065 54 1269 1.20321
8 83 4 31 1.57479e-06 54 15 2.66702e+07
8 84 1 28 17.8697 54 100 2.35035
8 84 2 29 29.8564 54 1250 1.40674
8 84 3 30 43.1915 54 900 0.972413
8 84 4 31 21.42 54 111 1.96079
8 85 2 29 26.4088 54 3006 1.59038
8 85 3 30 34.6454 54 1366 1.21228
8 85 4 31 24.0095 54 71 1.74931
8 86 2 29 21.7219 54 1527 1.93353
8 86 3 30 64.8 54 4683 0.648148
8 86 4 31 14.2166 54 11 2.95429
8 87 2 29 20.3658 54 3075 2.06228
8 87 3 30 35.1958 54 4635 1.19332
8 87 4 31 55.6992 54 26 0.75405
8 88 1 28 6.28483 54 60 6.68275
8 88 2 29 51.1322 54 1370 0.821401
8 88 3 30 24.3499 54 2638 1.72485
8 88 4 31 6.16017 54 60 6.81799
8 89 1 28 53.7003 54 297 0.782119
8 89 2 29 55.0191 54 3325.79 0.763372
8 89 3 30 62.5302 54 1912 0.671676
8 89 4 31 8.64332 54 8 4.85924
8 90 1 28 45.3741 54 257 0.925638
8 90 2 29 33.0181 54 764 1.27203
8 90 3 30 63.1389 54 4179 0.6652
8 91 2 29 46.0297 54 582 0.912454
8 91 3 30 68.2952 54 4010 0.614977
8 92 1 28 60.0779 54 553 0.699093
8 92 2 29 31.7701 54 1623 1.322
8 92 3 30 138.76 54 5898 0.302681
8 92 4 31 73.2516 54 167 0.573366
8 93 1 28 136.59 54 656 0.307489
8 93 2 29 63.6942 54 668 0.659401
8 93 3 30 97.7343 54 2243 0.429737
8 93 4 31 20.885 54 155 2.01101
8 94 1 28 55.247 54 413 0.760222
8 94 3 31 27.0722 54 20 1.55141
8 95 1 28 27.7577 54 51 1.5131
8 95 2 29 17.2175 54 70 2.43938
8 95 3 30 30.3699 54 150 1.38295
8 95 4 31 2.73451 54 1 15.3592
8 96 1 28 15.4402 54 180 2.72017
8 96 2 29 16.7327 54 82 2.51005
8 96 4 31 10.2324 54 6 4.10459
8 97 2 29 26.6338 54 1686 1.57694
8 97 3 30 20.1357 54 385 2.08585
8 97 4 31 1.13173 54 1 37.1114
8 98 1 28 48.8259 54 845 0.860199
8 98 2 29 52.1216 54 1135 0.805808
8 98 3 30 51.8316 54 2655 0.810317
8 98 4 31 30.7626 54 32 1.3653
8 99 1 28 84.9931 54 271 0.494158
8 99 2 29 32.7919 54 1757 1.2808
8 99 3 30 66.1482 54 3614 0.634938
8 99 4 31 3.05729 54 58 13.7377
8 100 1 28 24.5315 54 300 1.71208
8 100 2 29 44.7222 54 3307 0.939131
8 100 4 31 22.439 54 27 1.87174
8 101 2 29 51.1701 54 3248 0.820792
8 101 3 30 9.57153 54 55 4.38801
8 101 4 31 5.7889 54 2 7.25527
8 102 2 29 32.8412 54 5388 1.27888
8 102 3 30 20.5169 54 1577 2.04709
8 102 4 31 27.9075 54 7 1.50497
8 103 2 29 18.6111 54 1750 2.25672
8 103 3 30 38.8679 54 3660 1.08058
8 103 4 31 24.6065 54 41 1.70687
8 104 2 29 32.0394 54 1670.94 1.31088
8 104 3 30 18.3841 54 175 2.28458
8 104 4 31 2.06488 54 4 20.3402
8 105 2 29 49.3906 54 6393 0.850364
8 105 3 30 16.9587 54 219.685 2.4766
8 106 2 29 31.2623 54 5246.55 1.34347
8 106 3 30 66.9054 54 788.062 0.627752
8 106 4 31 4.42879 54 5 9.48341
8 107 2 29 51.0561 54 6318.22 0.822624
8 107 3 30 45.1474 54 5854.41 0.930287
8 107 4 31 5.78656 54 4 7.2582
8 108 1 28 13.6744 54 50 3.07143
8 108 2 29 55.9974 54 6036.8 0.750035
8 108 3 30 64.2253 54 2544 0.653948
8 108 4 31 12.8425 54 110 3.27038
8 109 1 28 45.6061 54 548 0.92093
8 109 2 29 55.9655 54 5739.48 0.750462
8 109 3 30 17.9698 54 69 2.33725
8 109 4 31 12.9887 54 107 3.23358
8 110 2 29 31.0845 54 8470.21 1.35116
8 110 4 31 176.877 54 87 0.237453
8 111 2 29 25.3823 54 8208.14 1.6547
8 111 4 31 14.2665 54 49 2.94396
8 112 1 28 28.1789 54 765 1.49048
8 112 2 29 26.5853 54 5583.05 1.57982
8 112 3 30 3.5131 54 280.802 11.9552
8 112 4 31 23.4163 54 9 1.79362
8 113 2 29 116.087 54 8509.18 0.361797
8 113 3 30 43.3217 54 443.825 0.969491
8 113 4 31 22.3154 54 14 1.88211
8 114 2 29 36.094 54 8426.35 1.16363
8 114 3 30 30.3713 54 335 1.38289
8 114 4 31 31.6861 54 30 1.3255
8 115 2 29 84.9483 54 8858.42 0.494418
8 115 3 30 43.1664 54 2637.78 0.97298
8 115 4 31 29.7288 54 65 1.41277
8 116 1 28 41.9638 54 58 1.00086
8 116 2 29 70.1021 54 5049.14 0.599126
8 116 3 30 25.734 54 945.806 1.63208
8 116 4 31 23.4621 54 63 1.79012
8 117 2 29 43.0193 54 4125.88 0.976305
8 117 3 30 12.1555 54 67 3.45521
8 117 4 31 37.9945 54 69 1.10542
8 118 2 29 74.4908 54 4883.05 0.563828
8 118 3 30 134.119 54 3155.87 0.313155
8 118 4 31 97.7398 54 94 0.429712
8 119 2 29 88.6846 54 6853.64 0.473589
8 119 3 30 147.477 54 3676.13 0.284791
8 119 4 31 28.971 54 229 1.44973
8 120 1 28 8.58923 54 54 4.88984
8 120 2 29 165.67 54 5362.6 0.253516
8 120 3 30 60.0505 54 752 0.699412
8 120 4 31 36.5979 54 65 1.14761
8 121 2 29 172.255 54 6169.53 0.243824
8 121 3 30 35.0456 54 3125.3 1.19844
8 121 4 31 0.000813779 54 509 51611.1
8 122 2 29 65.703 54 4266.49 0.63924
8 122 3 30 37.8166 54 5594.71 1.11062
8 122 4 31 0.0834914 54 1998 503.046
8 123 2 29 101.939 54 1392.32 0.412012
8 123 3 30 39.0558 54 5295.14 1.07538
8 123 4 31 107.651 54 3617 0.390149
8 124 1 28 32.109 54 75 1.30805
8 124 2 29 160.097 54 1048.08 0.262341
8 124 3 30 68.3263 54 5271.49 0.614697
8 124 4 31 0.00563959 54 2075 7447.35
8 125 4 31 165.53 54 1166 0.25373
8 126 3 31 141.199 54 2107 0.297453
8 127 1 29 37.5511 54 1271.68 1.11848
8 127 3 31 367.441 54 2298 0.114304
8 128 2 29 67.2142 54 4164.44 0.624868
8 128 3 30 30.6907 54 1317 1.36849
8 128 4 31 118.525 54 649 0.354356
8 129 2 29 81.7605 54 3050.49 0.513696
8 129 3 30 31.2564 54 635.023 1.34372
8 129 4 31 0.0271057 54 1197 1549.49
8 130 2 29 45.6196 54 4267.5 0.920657
8 130 3 30 15.2861 54 2716.11 2.74759
8 130 4 31 0.0184348 54 1108 2278.3
8 131 1 29 85.4461 54 3217.4 0.491538
8 131 2 30 109.898 54 1275 0.382172
8 131 3 31 0.0343128 54 3233 1224.03
8 132 2 29 49.8515 54 1848.44 0.842502
8 132 3 30 52.7585 54 463 0.79608
8 132 4 31 0.00723975 54 673 5801.31
8 133 2 29 9.51412 54 2144.41 4.41449
8 133 3 30 50.0052 54 671 0.839913
8 133 4 31 120.445 54 359 0.348706
8 134 2 29 94.3438 54 2022.88 0.44518
8 134 3 30 95.5803 54 2165.67 0.439421
8 134 4 31 0.0691552 54 2521 607.33
8 135 1 29 64.6116 54 2197.53 0.650038
8 135 2 30 194.406 54 3693.73 0.216043
8 135 3 31 262.139 54 1422 0.16022
8 136 2 29 23.2483 54 1783.28 1.80659
8 136 3 30 155.215 54 5401.5 0.270592
8 136 4 31 74.9671 54 1021 0.560246
8 137 2 29 33.0468 54 309 1.27092
8 137 3 30 23.9229 54 52 1.75564
8 137 4 31 0.0110419 54 900 3803.68
8 138 2 29 126.406 54 3620.86 0.332262
8 138 4 31 194.432 54 2822 0.216013
8 139 1 29 77.9849 54 5414.93 0.538566
8 139 2 30 137.583 54 2610.71 0.30527
8 139 3 31 140.535 54 3927 0.298857
8 140 1 29 141.003 54 7444.51 0.297867
8 140 2 30 72.3105 54 1096.2 0.580829
8 140 3 31 0.00108416 54 647 38739.8
8 141 2 29 25.3464 54 1865.35 1.65704
8 141 3 30 15.3007 54 129.083 2.74497
8 141 4 31 175.015 54 710 0.23998
8 142 2 29 118.451 54 6310.57 0.354577
8 142 3 30 45.049 54 2010.38 0.932318
8 142 4 31 74.1348 54 1524 0.566536
8 143 1 29 87.401 54 6610.51 0.480543
8 143 2 30 132.48 54 4502 0.31703
8 143 3 31 150.69 54 955 0.278718
8 144 2 29 91.7942 54 4550 0.457545
8 144 3 30 54.8287 54 3884 0.766022
8 144 4 31 185.798 54 777 0.226052
8 145 2 29 115.688 54 2809.96 0.363046
8 145 3 30 43.1717 54 1107.47 0.97286
8 145 4 31 147.534 54 499 0.284679
8 146 1 29 73.8818 54 8413.96 0.568476
8 146 2 30 78.0529 54 3773.08 0.538097
8 146 3 31 44.9551 54 872 0.934266
8 147 1 29 59.5491 54 3661.7 0.7053
8 147 2 30 104.979 54 3284.95 0.400078
8 147 3 31 22.3735 54 1447 1.87722
8 148 2 29 187.143 54 6341.68 0.224427
8 148 3 30 64.3395 54 3233.36 0.652787
8 148 4 31 49.6527 54 746 0.845876
8 149 2 29 129.462 54 5725.53 0.324419
8 149 3 30 38.6356 54 489.906 1.08708
8 149 4 31 58.2672 54 378 0.720818
8 150 2 29 103.128 54 8816.42 0.407261
8 150 3 30 38.48 54 2988.54 1.09148
8 150 4 31 114.059 54 2057 0.36823
8 151 2 29 90.8999 54 7706.29 0.462047
8 151 3 30 533.894 54 9967.38 0.0786674
8 151 4 31 0.244451 54 3591 171.813
8 152 2 29 216.402 54 9598.51 0.194083
8 152 3 30 295.309 54 5869.61 0.142224
8 152 4 31 136.624 54 2042 0.307413
8 153 2 29 206.579 54 15411 0.203312
8 153 3 30 103.159 54 9741.19 0.407138
8 153 4 31 89.3688 54 855 0.469962
8 154 1 29 179.52 54 8803.33 0.233957
8 154 2 30 8.29886 54 8242.96 5.06094
8 154 3 31 204.139 54 2502 0.205742
8 155 2 30 58.3693 54 8077.36 0.719557
8 155 3 31 235.291 54 2370 0.178502
8 156 2 29 123.481 54 10095.4 0.340132
8 156 3 30 71.7546 54 6163 0.585328
8 156 4 31 164.713 54 2465 0.254989
8 157 2 29 260.941 54 12535.8 0.160956
8 157 3 30 47.0023 54 465 0.893573
8 157 4 31 82.6296 54 2603 0.508293
8 158 2 29 113.254 54 22550.9 0.370848
8 158 3 30 16.1751 54 397.087 2.59658
8 158 4 31 0.0115538 54 2155 3635.18
8 159 1 29 18.0375 54 308.068 2.32849
8 159 2 30 27.0334 54 2315.69 1.55363
8 159 3 31 211.255 54 1349 0.198812
8 160 2 29 37.0805 54 13473.2 1.13267
8 160 3 30 28.9583 54 7541.16 1.45036
8 160 4 31 25.4546 54 780 1.65
8 161 2 29 80.531 54 13969.8 0.521538
8 161 3 30 79.0916 54 9822.73 0.53103
8 161 4 31 66.0509 54 317 0.635874
8 162 1 29 94.4276 54 18282.1 0.444785
8 162 2 30 104.943 54 11579.5 0.400215
8 162 3 31 59.9469 54 420 0.70062
8 163 1 29 45.6853 54 3267.9 0.919332
8 163 2 30 84.21 54 15021 0.498753
8 163 3 31 149.643 54 453 0.280668
8 164 2 29 206.392 54 14673.8 0.203497
8 164 3 30 216.829 54 7390.17 0.193701
8 164 4 31 0.0877156 54 2244 478.82
8 165 2 29 68.3254 54 15849.6 0.614706
8 165 3 30 124.905 54 1634.68 0.336256
8 165 4 31 0.000514141 54 681 81689.7
8 166 2 29 175.013 54 11372.6 0.239982
8 166 3 30 140.793 54 5219.65 0.298311
8 166 4 31 268.225 54 1424 0.156585
8 167 2 29 61.3563 54 2653.12 0.684526
8 167 3 30 28.7851 54 12221.4 1.45909
8 167 4 31 95.6491 54 1076 0.439105
8 168 2 29 58.1529 54 17007.1 0.722234
8 168 3 30 179.569 54 10654.8 0.233893
8 168 4 31 200.777 54 1082 0.209187
8 169 2 29 121.781 54 20371.6 0.34488
8 169 3 30 136.243 54 9879.64 0.308273
8 169 4 31 123.264 54 291 0.340732
8 170 2 29 180.088 54 20714.6 0.23322
8 170 3 30 164.41 54 10414.4 0.255458
8 170 4 31 0.00431481 54 1074 9733.92
8 171 2 29 116.953 54 6015.41 0.359118
8 171 3 30 88.9115 54 17709 0.47238
8 171 4 31 0.062505 54 3535 671.946
8 172 2 29 154.814 54 16758.6 0.271294
8 172 3 30 81.6068 54 18353.5 0.514663
8 172 4 31 78.5848 54 1205 0.534455
8 173 2 29 177.421 54 21563.7 0.236726
8 173 3 30 22.09 54 14876.8 1.90131
8 173 4 31 55.5998 54 496 0.755399
8 174 2 29 177.083 54 19494.1 0.237177
8 174 3 30 44.3013 54 15075.7 0.948053
8 174 4 31 189.559 54 2648 0.221567
8 175 1 29 91.166 54 8391.33 0.460698
8 175 2 30 199.623 54 20375 0.210396
8 175 3 31 68.9726 54 999 0.608937
8 176 2 29 88.9783 54 22358.5 0.472025
8 176 3 30 58.1936 54 20914.7 0.721729
8 176 4 31 0.0643043 54 2715 653.145
8 177 2 29 64.8846 54 19338.8 0.647303
8 177 3 30 82.6285 54 11623.9 0.508299
8 177 4 31 49.1761 54 1175 0.854074
8 178 1 29 207.734 54 23115.1 0.202181
8 178 2 30 65.1783 54 12713 0.644386
8 178 3 31 163.525 54 1780 0.256842
8 179 1 29 115.725 54 4536.64 0.362929
8 179 2 30 49.7201 54 11720.5 0.844729
8 179 3 31 0.0133773 54 1905 3139.66
8 180 2 29 366.6 54 23938.1 0.114566
8 180 3 30 64.257 54 7359.08 0.653625
8 180 4 31 1.8857e-05 54 1392 2.22729e+06
8 181 2 29 177.173 54 23157.7 0.237056
8 181 3 30 125.136 54 4587 0.335634
8 181 4 31 5.6184e-05 54 406 747544
8 182 1 29 242.649 54 20944 0.173089
8 182 2 30 38.9888 54 8286.79 1.07723
8 182 3 31 108.363 54 1159 0.387587
8 183 1 29 124.214 54 9289.17 0.338125
8 183 2 30 78.8712 54 9372.63 0.532514
8 183 3 31 49.3068 54 1528 0.85181
8 184 2 29 131.629 54 15218.2 0.319079
8 184 3 30 60.313 54 6362.4 0.696367
8 184 4 31 0.00859398 54 1029 4887.14
8 185 2 29 137.261 54 20837.9 0.305987
8 185 3 30 66.4109 54 5508.26 0.632426
8 185 4 31 266.841 54 1170 0.157397
8 186 2 29 221.429 54 19978.4 0.189677
8 186 3 30 43.5244 54 8434.86 0.964977
8 186 4 31 39.3304 54 1132 1.06788
8 187 1 29 65.7401 54 6973.46 0.63888
8 187 2 30 16.8473 54 13774.6 2.49298
8 187 3 31 0.09653 54 1665 435.098
8 188 1 29 169.186 54 25815.1 0.248248
8 188 2 30 200.688 54 9103.48 0.20928
8 188 3 31 0.146246 54 1957 287.187
