229366 229366 0.000144737 0.00156939 0.0152538 0.01964 0.0138372 0.010511 0.00956241 0.00939925 0.00946056 0.0095448 0.00958021 0.00955923 0.00950149 0.00943171 0.00937217 0.00934769  5.02756e+07 3.08693e+07 6.49121e+06 2.46362e+06 1.09755e+06 519041 175575 143363 114544 71228.2 30063.5 22498.3 16709.5 10178.2 4497.54 1037.23
6.482e+06 6.482e+06 0.00248217 0.0265329 0.226663 0.281324 0.209204 0.163907 0.150472 0.148128 0.148965 0.150095 0.150501 0.15009 0.14916 0.148076 0.147167 0.146797  9.56537e+06 2.89837e+07 1.70562e+07 3.84414e+06 1.8036e+06 1.04814e+06 574837 212092 170692 137200 86615.3 37884.8 27720.9 20326.8 12338.5 7033.21
1.96829e+06 1.96829e+06 0.00206055 0.0220799 0.192742 0.240585 0.17732 0.138223 0.126709 0.12471 0.125439 0.126425 0.126791 0.126459 0.12568 0.124765 0.123996 0.123682  2.55595e+06 1.78498e+06 5.44158e+06 2.67847e+06 622823 360401 241077 140788 53905.7 42216.3 33375.2 20835.5 9069.7 6452.91 4648.83 4412.66
530734 530734 0.000833469 0.00899934 0.0841351 0.107112 0.0767294 0.0588335 0.0536692 0.0527765 0.0531064 0.053558 0.0537402 0.0536136 0.0532871 0.0528969 0.0525657 0.0524299  9.04765e+06 1.34778e+06 973008 2.57606e+06 1.31404e+06 365607 230691 156766 90102.5 33491.5 25338.8 19320.2 11644.5 4913.19 3410.28 4699.31
317167 317167 0.000343142 0.00371621 0.0357176 0.0458388 0.0324518 0.0247182 0.0225057 0.0221248 0.0222674 0.0224631 0.0225444 0.0224939 0.0223577 0.0221936 0.0220538 0.0219964  5.07427e+07 1.29989e+07 3.40755e+06 807493 1.53291e+06 874472 297826 225500 175107 109580 47811.9 36228.1 27247.1 16783.8 7502.52 12310.6
5.92403e+06 5.92403e+06 0.00310696 0.0330924 0.273967 0.337299 0.25405 0.200491 0.184427 0.181592 0.182558 0.183871 0.184314 0.183781 0.182633 0.18131 0.180205 0.179755  8.84506e+07 3.27648e+07 1.00691e+07 2.95348e+06 713570 1.3821e+06 848579 321891 249814 198172 126885 57373.1 42266.4 31038 19010.1 22572.9
2.36404e+06 2.36404e+06 0.00235817 0.0252105 0.215674 0.2674 0.198633 0.155638 0.14294 0.140771 0.141614 0.142725 0.143134 0.142757 0.14188 0.140853 0.139989 0.139636  2.97695e+06 1.53661e+07 6.17364e+06 1.55789e+06 470986 140903 304038 195645 76739.6 58397 45531.7 28701.2 12824.1 9170.04 6595.29 8758.52
561808 561808 0.000395004 0.00427691 0.0410197 0.0526228 0.0372907 0.0284153 0.0258721 0.0254323 0.0255943 0.0258176 0.02591 0.0258514 0.0256946 0.025506 0.0253454 0.0252794  4.93663e+07 1.56887e+06 8.32841e+06 2.77408e+06 714562 263590 87022.2 191555 121464 46258.1 33999.4 25559.8 15551.8 6734.46 4697.64 7714.55
164988 164988 0.000136178 0.00147694 0.0143866 0.0185442 0.0130549 0.00991015 0.00901311 0.00885799 0.008915 0.00899391 0.00902699 0.00900704 0.00895251 0.00888669 0.00883055 0.00880747  2.09825e+07 2.06247e+07 661195 4.35294e+06 1.87908e+06 817337 386938 106233 196296 125480 53984.5 40389.4 30296.1 18649.4 8345.52 15290.3
8.44925e+06 8.44925e+06 0.00499872 0.0526277 0.395126 0.473993 0.37071 0.29931 0.27723 0.273301 0.274594 0.276316 0.276787 0.275887 0.274141 0.272178 0.270559 0.269904  3.34231e+07 1.38029e+07 1.25467e+07 495738 3.44206e+06 1.73505e+06 922247 469397 124194 217188 139451 62175.3 45508 33419.9 20437.8 26007.6
1.41524e+06 1.41524e+06 0.00261132 0.0278694 0.234916 0.289972 0.216666 0.170382 0.156666 0.154334 0.155257 0.156461 0.156898 0.156479 0.155517 0.154393 0.15345 0.153065  5.55606e+06 5.93178e+06 2.52912e+06 1.44164e+06 61696.8 539092 328059 195698 101467 25959.5 43622.3 27436.5 12122.4 8625.42 6208.54 8561.36
765190 765190 0.00119397 0.0128663 0.118125 0.149686 0.108069 0.0832103 0.0759857 0.0747242 0.0751723 0.075791 0.0760338 0.0758462 0.0753812 0.0748295 0.0743627 0.0741715  4.71122e+07 2.92688e+06 3.20154e+06 1.09341e+06 629825 33378.9 324606 202050 118838 59816.7 14776.2 23933.2 14526.3 6219.41 4316.62 7249.29
178889 178889 0.000234945 0.00254691 0.0246961 0.0318 0.0224329 0.0170462 0.0155064 0.0152388 0.0153353 0.0154696 0.0155255 0.0154906 0.0153966 0.0152833 0.0151869 0.0151472  1.99636e+07 1.58086e+07 1.4231e+06 1.53724e+06 960178 737929 53510.2 413610 230061 156595 83357.8 19873.8 30240.4 18429 8191.32 15229.2
5.85085e+06 5.85085e+06 0.00429779 0.045456 0.354458 0.429703 0.331366 0.26515 0.244872 0.241236 0.242394 0.243974 0.244439 0.243668 0.242127 0.240383 0.238939 0.238353  5.36996e+07 1.30847e+07 9.46009e+06 1.21189e+06 1.21121e+06 995364 802355 70999.9 475883 258121 185644 99000.4 22928.8 33519.8 20244.8 25886
1.46426e+06 1.46426e+06 0.00273765 0.029205 0.2452 0.302572 0.226497 0.178232 0.163874 0.161398 0.162328 0.163559 0.163998 0.16355 0.162539 0.161363 0.160378 0.159976  1.11193e+07 9.56986e+06 2.44726e+06 1.23202e+06 182224 203932 210323 173790 16558.2 103230 54217.2 39033.2 20323 4563.2 6504.77 8877.26
701000 701000 0.000710545 0.00768107 0.0725697 0.0927638 0.066175 0.050594 0.0460985 0.0453105 0.0455859 0.0459709 0.0461262 0.0460167 0.0457355 0.0453997 0.0451147 0.0449977  1.712e+08 5.85709e+06 5.15969e+06 1.04718e+06 532353 97949.5 122195 128889 104954 9702.82 58382.5 29546.9 20524 10353.9 2267.59 7496.59
199509 199509 0.000160136 0.00173656 0.0168952 0.021771 0.0153346 0.0116437 0.0105901 0.0104077 0.0104744 0.0105669 0.0106056 0.0105821 0.010518 0.0104407 0.0103747 0.0103476  6.39261e+07 4.16106e+07 3.1888e+06 1.76359e+06 729225 471437 151593 138195 169419 129475 14263.6 75491.8 36693.9 26544.5 13612.5 12638.4
1.62031e+07 1.62031e+07 0.00795421 0.0819874 0.522139 0.598188 0.494435 0.415056 0.389875 0.385967 0.388043 0.390324 0.390829 0.389509 0.387098 0.384435 0.382262 0.381386  3.94956e+07 3.01437e+07 1.99586e+07 2.55563e+06 1.27145e+06 696453 509367 202195 154151 201270 147498 17545.8 84918.2 40203.9 29196.9 28776.9
3.53578e+06 3.53578e+06 0.00477143 0.0501738 0.373434 0.444512 0.348049 0.282024 0.261917 0.25868 0.260237 0.262094 0.262687 0.261922 0.260315 0.258477 0.256949 0.256328  8.86255e+07 7.48677e+06 5.10894e+06 1.41432e+06 207110 141112 103111 85627.2 38010.8 25520.7 34033.4 23790.3 2852.49 13148.5 6078.18 8753.89
885126 885126 0.000751727 0.00812336 0.0765024 0.0976748 0.069766 0.0533809 0.048648 0.0478186 0.0481099 0.0485163 0.0486803 0.0485649 0.0482685 0.0479144 0.0476139 0.0474906  1.54403e+07 4.65188e+07 3.89501e+06 1.57607e+06 403051 83138.4 67925.9 51972.2 42778.8 18417.3 11907.3 15266 10278.4 1192.8 5360.08 5928.68
397534 397534 0.000216531 0.00234764 0.0227947 0.0293658 0.0207041 0.0157266 0.0143037 0.014056 0.0141448 0.0142687 0.0143202 0.014288 0.0142013 0.0140969 0.0140078 0.0139713  1.46166e+07 9.06733e+06 1.24867e+07 1.73106e+06 1.03261e+06 472474 216355 109963 89682 74152.3 37198.8 21587 28549.3 18716.1 2401.38 21175.6
1.0169e+07 1.0169e+07 0.00703461 0.0730922 0.494179 0.576719 0.468092 0.387228 0.361519 0.357041 0.358648 0.360646 0.361062 0.359795 0.357514 0.355002 0.352953 0.352128  7.98642e+07 9.53968e+06 6.86363e+06 6.84102e+06 1.50337e+06 1.02344e+06 530919 289677 139304 109579 91076.6 47056.5 25461.3 33407 21380.9 27043.7
1.33908e+06 1.33908e+06 0.00229971 0.0246141 0.212645 0.26485 0.196076 0.153179 0.140472 0.138236 0.13901 0.140071 0.140455 0.140075 0.139207 0.138194 0.137344 0.136997  1.0749e+08 1.42045e+07 1.71471e+06 695064 522581 213837 175469 97054.1 57010 26275.4 19821 16211.5 8325.74 4264.09 5538.68 7907.16
1.4689e+06 1.4689e+06 0.000836519 0.00903653 0.0848259 0.108246 0.0774361 0.0592922 0.0540441 0.053121 0.0534393 0.0538856 0.0540639 0.0539335 0.0536032 0.0532097 0.0528761 0.0527393  1.81548e+08 5.66663e+07 7.72119e+06 790405 330439 300508 134766 112441 61186.7 34870 15516.9 11284.1 8907.67 4433.45 2215 6849.76
1.50138e+06 1.50138e+06 0.000593914 0.00642414 0.061035 0.0781251 0.0555957 0.0424543 0.038674 0.0380155 0.038251 0.038578 0.0387112 0.0386208 0.0383854 0.0381036 0.0378641 0.0377658  1.42634e+07 4.26519e+07 1.50786e+07 2.74716e+06 590240 404464 310215 203809 158998 84880.2 54199.3 23278.6 16530.9 12918 6513.13 13148.6
1.68721e+07 1.68721e+07 0.00708749 0.0737293 0.502762 0.589712 0.477805 0.394141 0.367287 0.362319 0.363684 0.365542 0.365857 0.364508 0.362158 0.359592 0.357508 0.35667  8.0507e+06 7.95946e+06 1.96417e+07 7.89441e+06 1.92742e+06 580776 468526 336944 259802 191147 99127 64990.5 27163.2 18572.7 14288.8 21628.7
2.24976e+06 2.24976e+06 0.00541312 0.0568974 0.421314 0.504567 0.396923 0.32127 0.29758 0.293196 0.294411 0.296121 0.296535 0.295519 0.293626 0.29152 0.289791 0.289093  5.62447e+07 1.52755e+06 1.38454e+06 1.64381e+06 630673 255754 100902 90334.4 62504 51003.4 35610.1 17702.3 11497.8 4647.3 3095.89 5931.94
1.94265e+06 1.94265e+06 0.00298811 0.03185 0.265362 0.327275 0.245866 0.193715 0.178077 0.175304 0.176236 0.177513 0.177949 0.177439 0.176332 0.175054 0.173986 0.173551  1.45303e+08 2.95257e+07 794051 421350 469153 256322 124280 51034.2 45041.1 30096.6 23576.4 15792.7 7551.99 4744.13 1868.75 3557.89
1.07972e+06 1.07972e+06 0.00075598 0.00817063 0.0770535 0.0984631 0.070301 0.053771 0.0489987 0.0481608 0.0484512 0.0488581 0.0490214 0.048904 0.0486047 0.0482477 0.0479448 0.0478206  5.57922e+07 3.64177e+07 7.67556e+06 634316 339710 414224 328380 179063 86906.1 75705.5 48190.9 42930.5 27811.2 13223.3 8534.04 9623.57
1.52797e+07 1.52797e+07 0.00766882 0.0795729 0.53174 0.621884 0.507805 0.420541 0.392114 0.386641 0.387857 0.389633 0.389828 0.388312 0.385778 0.383042 0.380831 0.379945  4.32313e+07 2.65269e+07 1.74114e+07 4.08073e+06 674169 348450 441263 386329 217584 108061 92611.8 56302.9 51363.9 32030 14957.1 20477.9
1.83997e+06 1.83997e+06 0.00248436 0.0265465 0.226091 0.280148 0.208519 0.163509 0.150161 0.147849 0.148704 0.149848 0.150262 0.149858 0.148933 0.147854 0.146948 0.146578  3.92685e+07 7.61921e+06 4.51371e+06 1.38236e+06 324716 108250 58803 78744.9 71873.6 40521 19658.6 16443.3 9558.02 8671.72 5258.41 5730.66
976990 976990 0.000913523 0.00986419 0.0922341 0.11758 0.084255 0.0645697 0.0588655 0.057859 0.0582021 0.0586847 0.0588764 0.0587331 0.0583729 0.0579445 0.0575814 0.0574326  8.48711e+07 2.06928e+07 4.12466e+06 2.00493e+06 625948 180283 66444.7 36816.7 48558 43011.9 23412.4 10948.7 8838.07 4978.35 4405.91 5477.62
520661 520661 0.000372462 0.00403418 0.0388067 0.0498508 0.0352866 0.0268651 0.0244515 0.0240317 0.0241827 0.0243926 0.0244793 0.0244235 0.024275 0.0240966 0.0239448 0.0238824  5.60076e+07 2.67229e+07 6.57208e+06 1.4593e+06 1.00793e+06 477734 228239 143121 58200.8 67468.7 64809.7 35292.3 17230.5 13531.2 7419.61 15169.4
1.49521e+07 1.49521e+07 0.00817457 0.0843988 0.543488 0.627793 0.518267 0.43325 0.405653 0.400708 0.402278 0.404259 0.404538 0.403023 0.400442 0.397644 0.39538 0.394472  2.45552e+07 2.93394e+07 1.5094e+07 4.15321e+06 1.08354e+06 882951 481433 283089 196161 72140.1 79450 77146.9 41023.6 19960.8 15250.5 25154.6
1.40279e+06 1.40279e+06 0.00199811 0.0213983 0.185931 0.231268 0.170646 0.133254 0.122289 0.120446 0.121209 0.122199 0.122578 0.122272 0.121528 0.120648 0.119906 0.119603  1.06979e+06 4.48899e+06 4.91281e+06 1.18991e+06 319250 133104 134635 80621.1 52772.9 37222.9 12576.9 13260 12684.3 6593.1 3145.71 6282.02
789706 789706 0.00109104 0.0117666 0.108813 0.138229 0.0995056 0.0764692 0.0697776 0.0686009 0.0690079 0.069576 0.0697997 0.0696279 0.0692007 0.0686935 0.0682643 0.0680884  9.83849e+07 564001 2.44337e+06 2.29783e+06 572201 184270 84114.1 86645.3 51141.1 32530.6 22180.8 7230.92 7362 6826.95 3462.08 4853.08
475605 475605 0.000673035 0.00727643 0.0688248 0.0879819 0.062729 0.0479526 0.0436957 0.0429535 0.0432181 0.0435856 0.0437345 0.0436316 0.0433654 0.0430471 0.0427768 0.0426659  1.32929e+07 2.59846e+07 256257 1.4248e+06 1.24767e+06 558409 242868 123929 112026 68984.7 50740 36272 11597.1 11030.3 10475.5 12554
6.47607e+06 6.47607e+06 0.00464782 0.0486463 0.34954 0.407867 0.322137 0.264073 0.247028 0.24504 0.247166 0.249336 0.250154 0.249583 0.248146 0.246446 0.245012 0.244426  1.95979e+07 8.78638e+06 1.39096e+07 187890 1.21065e+06 1.04476e+06 606835 299421 156718 131180 80068.9 60707.3 42893.5 13372.8 12250.4 25433.1
1.21391e+06 1.21391e+06 0.00291462 0.0310627 0.258595 0.318444 0.239204 0.188585 0.173469 0.170846 0.171808 0.17309 0.173538 0.173055 0.171983 0.170739 0.169698 0.169274  3.21422e+07 3.9776e+06 1.60253e+06 1.45815e+06 19890.2 182476 173568 119081 62190.5 32463.9 25758.8 15304.6 11537.1 7966.86 2409.24 6675.24
911130 911130 0.00130425 0.014047 0.128307 0.162396 0.117504 0.0905714 0.0827199 0.0813391 0.0818171 0.0824822 0.0827407 0.0825335 0.0820263 0.081426 0.0809186 0.0807109  1.42806e+08 1.69271e+07 2.13946e+06 670632 613270 10498.6 107848 105021 71001 35967 18114 13845.5 7935.46 5795.35 3903.27 4361.13
447583 447583 0.000395328 0.00428113 0.0411185 0.0527928 0.037393 0.0284798 0.0259243 0.02548 0.0256402 0.0258627 0.0259544 0.0258952 0.0257378 0.0255487 0.0253878 0.0253217  2.19227e+07 3.42301e+07 4.38944e+06 1.19332e+06 560499 474522 18950.7 185111 126938 98278.5 53115.5 27761.2 19579 11390.6 8374.6 12021.7
1.12097e+07 1.12097e+07 0.00622493 0.065024 0.458236 0.540573 0.432543 0.354408 0.329816 0.325476 0.326956 0.328858 0.329302 0.328176 0.326094 0.323784 0.321892 0.321129  3.25409e+07 1.62888e+07 1.66612e+07 2.33862e+06 1.0524e+06 580761 512372 25270.8 234087 140166 116131 63544.6 32721.1 21978.5 12640.3 22560
2.1168e+06 2.1168e+06 0.0037984 0.0403164 0.323822 0.396082 0.302062 0.239923 0.220978 0.217516 0.218536 0.219981 0.220423 0.219737 0.218346 0.216764 0.215452 0.214919  4.77836e+06 6.86751e+06 3.1338e+06 1.5964e+06 207733 158820 107831 100863 5251.36 47462.2 25907.8 21788 11722.7 5887.56 3831.75 6072
804523 804523 0.00127284 0.0137122 0.125539 0.159021 0.114957 0.0885532 0.080857 0.0795002 0.0799654 0.0806152 0.080868 0.0806654 0.0801696 0.0795826 0.0790863 0.0788832  1.6741e+07 2.5142e+06 3.65706e+06 1.19265e+06 600921 102044 88943.2 62014.1 57082.4 2875.86 25021.2 13134.8 10643.5 5544.21 2714.99 4477.7
221058 221058 0.00032607 0.00353253 0.0340554 0.0437698 0.0309517 0.0235528 0.021434 0.021066 0.0211992 0.0213841 0.0214607 0.0214121 0.0212822 0.0211258 0.0209926 0.0209379  2.97825e+07 1.04465e+07 1.43007e+06 1.91149e+06 704386 403248 98572.3 134983 96431.2 78473.1 4712.47 39839.8 18611.3 16066 8518.53 10997.1
7.68353e+06 7.68353e+06 0.00641619 0.0669882 0.470063 0.554695 0.444756 0.364614 0.339221 0.334617 0.336013 0.337874 0.338268 0.337075 0.334919 0.332541 0.330599 0.329816  2.49167e+07 2.18061e+07 8.40562e+06 1.29967e+06 1.74623e+06 714369 428293 115814 172899 121311 95615.9 5967.16 47551.7 20956.7 18255.5 22094.3
1.51432e+06 1.51432e+06 0.00258969 0.0276273 0.232113 0.285902 0.21381 0.16832 0.154864 0.152614 0.153565 0.154782 0.155231 0.154827 0.153881 0.152773 0.151841 0.15146  5.86874e+06 4.7729e+06 4.15865e+06 955695 150260 268207 131921 83072.6 22971.1 34601.9 23573.2 17903.7 1093.01 8471.04 3590.94 6901.34
919585 919585 0.00128754 0.01387 0.126934 0.160791 0.11626 0.0895632 0.0817795 0.0804057 0.0808741 0.0815295 0.0817838 0.0815783 0.0810764 0.0804826 0.0799808 0.0797753  1.39377e+08 3.09121e+06 2.57339e+06 1.78234e+06 411874 80391 160120 80665.8 50123 13462.1 19585.8 12864 9429.43 557.86 4217.5 5120.97
218784 218784 0.000201913 0.00218783 0.0211318 0.0271352 0.0191646 0.0145838 0.0132778 0.0130556 0.0131427 0.0132607 0.0133104 0.0132816 0.0132016 0.0131049 0.0130223 0.0129883  2.29943e+07 4.31226e+07 1.49182e+06 1.97568e+06 1.038e+06 463662 118610 228309 103125 63283 18902.1 29377 19042.3 13544 832.162 13453.2
1.41639e+07 1.41639e+07 0.00674815 0.0698865 0.461816 0.530838 0.432494 0.360685 0.33868 0.33574 0.338071 0.340487 0.341217 0.340228 0.338192 0.335879 0.333965 0.333189  1.62197e+07 1.47088e+07 2.33593e+07 1.18568e+06 1.77982e+06 1.05382e+06 583668 161568 295556 127896 77121.8 23099.3 35336.8 22229.8 15468.3 16126.9
1.48799e+06 1.48799e+06 0.00249411 0.0265874 0.222054 0.272239 0.203866 0.160876 0.148261 0.146265 0.147279 0.148513 0.148986 0.148624 0.147731 0.146675 0.145782 0.145417  9.15453e+07 2.88665e+06 2.4862e+06 1.8732e+06 106560 222751 175194 110947 31685.7 55739.4 23182.6 13498.4 3942.07 5903.04 3632.45 5082.01
1.136e+06 1.136e+06 0.00113706 0.0122492 0.112166 0.141799 0.102432 0.0789563 0.0721539 0.0709907 0.0714408 0.0720454 0.072287 0.0721153 0.0716769 0.0711543 0.070711 0.0705293  9.70395e+07 4.82064e+07 1.55335e+06 1.04878e+06 786001 55733.6 130745 105714 66213.2 18394.4 31282.5 12550.6 7055.32 1997.09 2917.43 4223.99
1.37864e+06 1.37864e+06 0.00076609 0.00827612 0.0777383 0.0991287 0.0708752 0.0542796 0.049495 0.0486658 0.0489689 0.0493857 0.0495542 0.0494376 0.0491363 0.0487762 0.0484705 0.048345  1.64999e+07 2.2958e+07 1.20695e+07 1.16589e+06 658456 771305 96710.3 218111 147338 102045 29008 48900.6 18930.1 10577.5 3036.86 10817.1
8.20062e+06 8.20062e+06 0.00514195 0.053484 0.366384 0.420082 0.336598 0.27941 0.262918 0.261517 0.264134 0.266631 0.267609 0.267069 0.265584 0.263805 0.262296 0.261678  3.89368e+07 9.24095e+06 1.11569e+07 5.94249e+06 928769 580859 841152 129010 270382 182791 127809 35784.8 58116.2 21788.6 11993.7 15525.7
1.07235e+06 1.07235e+06 0.00263888 0.0281033 0.232763 0.284673 0.213873 0.169112 0.155951 0.153875 0.154939 0.156229 0.15672 0.156336 0.155396 0.154286 0.15335 0.152967  3.6602e+06 6.89881e+06 1.72265e+06 1.01759e+06 448553 111371 90565.3 155413 26032.4 52388.1 34998.8 24027.8 6540.66 10293.6 3765.83 4681.36
737862 737862 0.000993604 0.0107123 0.0988165 0.125162 0.0901305 0.0693549 0.0633505 0.0623268 0.0627275 0.0632648 0.0634817 0.0633336 0.0629496 0.0624904 0.0621006 0.0619407  1.91414e+08 1.92696e+06 3.70346e+06 710856 415294 230116 64429.7 53941.4 91578.3 14920.1 29021.6 18699.4 12392.6 3269.44 5019.44 4040.39
371643 371643 0.000314297 0.00340266 0.0326107 0.0417638 0.0295914 0.0225637 0.0205573 0.0202175 0.0203532 0.0205355 0.0206121 0.0205673 0.0204435 0.0202939 0.0201663 0.0201138  5.04909e+07 5.23271e+07 2.02772e+06 1.68161e+06 602143 420969 224270 108842 76415.1 139592 24476.8 45744.1 29255.7 19442.6 5008.94 13827.6
1.44655e+07 1.44655e+07 0.00509557 0.0533441 0.383422 0.450156 0.35632 0.291526 0.272019 0.269267 0.271188 0.273278 0.273986 0.273247 0.271613 0.269726 0.268151 0.267509  8.17338e+07 2.92384e+07 2.80042e+07 1.54752e+06 1.40486e+06 697282 506179 247495 124590 87709.8 167443 30167.7 53375.4 33747.6 22111.2 21038.1
2.07288e+06 2.07288e+06 0.00206424 0.0220794 0.18986 0.235027 0.174049 0.136333 0.125305 0.12351 0.12434 0.125382 0.125787 0.125482 0.124725 0.123827 0.123068 0.122757  5.47457e+06 1.43256e+07 5.05885e+06 2.89394e+06 148460 214927 140876 105866 48637.8 23951 16737.3 32115.9 5705.05 9746.03 6049.86 7623.41
1.01925e+06 1.01925e+06 0.000733743 0.00792597 0.0744007 0.0947887 0.0677752 0.051923 0.0473578 0.0465731 0.0468697 0.0472735 0.0474379 0.0473283 0.047041 0.0466968 0.0464042 0.0462842  1.18595e+08 2.88526e+06 7.77353e+06 2.30297e+06 1.33991e+06 83273.1 132945 89039.5 66058.3 29514.6 14055 9478.04 17563.9 3024.7 5041.32 6937.8
415553 415553 0.00034455 0.00373145 0.0358631 0.0460259 0.0325848 0.0248194 0.0225976 0.022215 0.0223582 0.0225545 0.0226361 0.0225854 0.0224486 0.0222839 0.0221435 0.0220859  3.1997e+07 3.0995e+07 1.29596e+06 3.29454e+06 1.49426e+06 1.0554e+06 145015 208246 144237 96840 37755.6 18785.4 12637.2 24282.7 4261.57 16578.2
5.63578e+06 5.63578e+06 0.00266631 0.0283893 0.234691 0.286856 0.215673 0.170636 0.157411 0.155341 0.156423 0.157726 0.158222 0.157834 0.156885 0.155765 0.154819 0.154433  2.5782e+07 1.65087e+07 1.58642e+07 918439 2.65184e+06 1.31785e+06 1.12966e+06 169305 269543 186978 119980 43661.5 21139.4 14074.3 27070.5 23145.4
1.64298e+06 1.64298e+06 0.00246073 0.0262657 0.221748 0.273345 0.203989 0.160447 0.14762 0.145505 0.146439 0.147621 0.148064 0.147687 0.146788 0.145731 0.144841 0.144477  3.43411e+06 4.52761e+06 2.96488e+06 2.31472e+06 141640 533748 279216 269053 40231.9 66343.7 45243.1 27890.2 9643.58 4531.58 2970.5 10539.2
615585 615585 0.000990736 0.0106852 0.0988656 0.125435 0.0902369 0.0693733 0.0633406 0.0623032 0.0626946 0.0632256 0.0634385 0.0632881 0.0629027 0.062443 0.062053 0.0618931  4.84205e+07 1.80903e+06 2.44437e+06 1.28688e+06 1.01206e+06 76476.8 320905 171937 163555 23765.5 37865.9 24901.9 14818.2 4965.76 2276.32 6648.07
236605 236605 0.000282742 0.00305965 0.0292098 0.0373068 0.0264647 0.0202094 0.0184293 0.0181349 0.0182629 0.0184305 0.0185016 0.018463 0.0183527 0.0182189 0.0181045 0.0180574  2.61711e+07 2.24157e+07 1.27932e+06 1.90575e+06 700764 782593 90736.3 384449 171472 183132 28757.1 49145.9 31527.3 18049 5796.76 10597.2
6.56707e+06 6.56707e+06 0.00368605 0.0389957 0.305251 0.367618 0.282301 0.226231 0.209519 0.20692 0.208305 0.209941 0.210523 0.209968 0.208697 0.207217 0.205977 0.205471  2.09282e+07 1.57204e+07 1.46315e+07 1.12866e+06 1.57336e+06 591297 860520 109955 470048 183782 211536 32439.7 56821.5 35393.3 19741.9 17622
1.47562e+06 1.47562e+06 0.00234901 0.0250681 0.211352 0.259906 0.19393 0.152678 0.140594 0.138669 0.139625 0.140797 0.141248 0.140906 0.140058 0.139055 0.138207 0.137859  5.57348e+07 3.88275e+06 2.81681e+06 1.92348e+06 171255 264937 114988 196857 25234.6 107483 38639.8 44986.9 6668.2 11558.9 7049.15 7291.65
906158 906158 0.00104812 0.0112845 0.102859 0.129517 0.093662 0.0723401 0.0662005 0.0651932 0.0656457 0.0662268 0.066465 0.066317 0.0659194 0.0654415 0.0650348 0.0648679  8.10637e+07 2.93571e+07 2.09504e+06 1.21808e+06 833237 91615.3 158173 70446.8 119224 14866 61222.4 21234 23870.7 3429.7 5800.04 7060.46
734204 734204 0.000501206 0.00542223 0.0516048 0.0660222 0.0469341 0.0358367 0.0326541 0.0321072 0.0323138 0.0325957 0.032712 0.0326379 0.0324401 0.0322023 0.032 0.0319169  2.71172e+07 2.65189e+07 7.63943e+06 1.47228e+06 743387 719148 166457 196014 71245.5 152969 20055.9 80255.2 25003.1 29965.6 4245.86 16291.7
3.37318e+06 3.37318e+06 0.00131558 0.014135 0.126505 0.158316 0.115331 0.0895012 0.0820507 0.0808501 0.0814218 0.0821408 0.0824331 0.0822482 0.0817559 0.0811652 0.0806631 0.080457  1.18627e+08 1.62095e+07 1.57966e+07 4.04096e+06 1.28963e+06 681059 789393 230185 228436 78570.3 186367 24343.2 93672.7 27500.9 33400.3 22676.9
1.90184e+06 1.90184e+06 0.00198969 0.0213141 0.185635 0.231172 0.170446 0.13301 0.122032 0.120177 0.120926 0.121908 0.122281 0.121973 0.121228 0.120349 0.119608 0.119305  4.9768e+06 2.0732e+07 2.98124e+06 2.84303e+06 738068 296249 165985 208067 64717 59199.6 19658.1 47269 5978.93 22427.3 6358.44 12891.9
896204 896204 0.000549858 0.00594721 0.0564797 0.072226 0.0513939 0.0392596 0.0357754 0.035175 0.0353992 0.0357064 0.0358325 0.0357506 0.0355337 0.0352732 0.0350516 0.0349606  6.11928e+07 2.62402e+06 1.12924e+07 1.40289e+06 1.37914e+06 428908 188198 107318 132562 40060.7 35420.8 11347.7 26348.9 3230.81 11823.6 9948.67
359965 359965 0.000357046 0.00386624 0.0371112 0.0476024 0.0337177 0.0256915 0.0233952 0.0230006 0.0231494 0.023353 0.0234376 0.0233852 0.0232437 0.0230732 0.0229279 0.0228682  3.62842e+07 1.85899e+07 1.03744e+06 3.4553e+06 893928 853286 255655 206104 103625 140549 50626.3 39452.7 11888.9 29327.8 3668.23 23738.7
3.77986e+06 3.77986e+06 0.00215272 0.0229821 0.194489 0.238964 0.17793 0.140052 0.129042 0.127355 0.128296 0.129418 0.129863 0.129566 0.128795 0.127876 0.127096 0.126776  1.3619e+08 2.1668e+07 1.07687e+07 726230 2.1742e+06 768496 823921 246166 238027 113517 159531 59928.8 43465.1 12627.5 31505.7 29108.8
3.57136e+06 3.57136e+06 0.00411892 0.0435232 0.337061 0.406077 0.313462 0.251559 0.232827 0.229713 0.231052 0.232717 0.233262 0.232588 0.231153 0.229505 0.228133 0.227574  3.65947e+07 2.35462e+07 4.25824e+06 1.69015e+06 118898 410306 165719 194528 58083.6 57676.4 26330.1 36835.8 13706.1 9502.69 2691.55 12859.9
1.10324e+06 1.10324e+06 0.000607314 0.00656687 0.0622068 0.079507 0.0566388 0.0432884 0.0394489 0.0387844 0.0390289 0.0393652 0.0395027 0.0394115 0.039172 0.0388848 0.0386407 0.0385405  5.80341e+07 1.92315e+07 1.2399e+07 1.46705e+06 554952 52751.9 212926 89313.5 103687 30024.1 28726.1 12615.9 17008.3 6127.23 4142.09 6638
775084 775084 0.000517629 0.00559878 0.0531902 0.0679988 0.0483723 0.0369531 0.033678 0.0331169 0.0333312 0.0336227 0.033743 0.0336668 0.033463 0.0332179 0.0330093 0.0329236  3.40365e+07 2.15171e+07 5.83838e+06 3.70038e+06 815622 443376 65030.7 164977 94657.3 112366 33416.6 38101.4 15809.3 22040.8 8242.54 14047.3
5.83758e+06 5.83758e+06 0.00276047 0.0294192 0.244982 0.301044 0.225948 0.178264 0.164138 0.161785 0.162786 0.164061 0.164525 0.164091 0.163086 0.161912 0.160926 0.160523  1.17573e+08 2.09647e+07 1.22286e+07 3.56007e+06 2.25159e+06 784450 473345 80981.4 170517 101584 127082 37665 43742.7 17604.3 24363.7 24552.3
1.43538e+06 1.43538e+06 0.00159046 0.0170559 0.150089 0.18685 0.137042 0.106788 0.0980231 0.0966173 0.097299 0.0981493 0.098491 0.0982665 0.0976783 0.0969745 0.0963771 0.096132  6.60335e+06 2.03248e+07 3.88947e+06 1.76885e+06 556746 418703 182512 114037 20164 39376.9 22995.4 28901.8 8354.64 9550.24 3739.14 10313.9
785500 785500 0.000496829 0.00537432 0.051104 0.0653439 0.0464645 0.0354884 0.0323415 0.0318027 0.0320092 0.0322898 0.0324058 0.032333 0.0321373 0.031902 0.0317016 0.0316192  1.36015e+07 3.48222e+06 1.10991e+07 1.87881e+06 880080 327760 268562 119269 73574.9 12662.9 23936.8 13500 16395.2 4596.02 5126.59 7392.64
394142 394142 0.000404341 0.00437823 0.0420078 0.0539107 0.0382002 0.0291038 0.0264965 0.0260443 0.0262089 0.0264367 0.0265306 0.0264702 0.0263094 0.0261162 0.0259517 0.0258842  6.09998e+07 7.69261e+06 1.53199e+06 3.5047e+06 1.17314e+06 643081 256488 185480 113342 75710.1 15286.2 24013.6 14178.6 17711.6 5020.75 14064
3.89579e+06 3.89579e+06 0.00296766 0.0315377 0.256487 0.312087 0.236151 0.18756 0.173226 0.170987 0.172164 0.173574 0.1741 0.173664 0.172618 0.171388 0.170352 0.169929  8.79125e+07 2.92343e+07 5.31601e+06 1.19932e+06 2.21456e+06 1.09112e+06 641335 288893 188175 130120 86583.2 18186.5 26102.9 15131 18965.6 20503.2
1.84738e+06 1.84738e+06 0.00228234 0.0243952 0.208426 0.257932 0.191605 0.150247 0.13808 0.136051 0.136913 0.138019 0.138435 0.138083 0.137242 0.136251 0.135417 0.135075  4.63073e+06 1.54684e+07 5.22683e+06 773496 187112 384598 235749 144685 68221.3 42048.8 29642.8 19143.7 3950.1 5420.57 3080.06 7999.97
794490 794490 0.000607806 0.00657341 0.0623694 0.0797892 0.0568089 0.0433953 0.0395352 0.0388632 0.0391045 0.0394392 0.0395756 0.0394834 0.0392429 0.0389549 0.0387101 0.0386097  3.60938e+07 2.44023e+06 8.37963e+06 2.34033e+06 352022 103938 236190 147908 89542.2 41023.4 24434 16613.5 10358.3 2071.62 2773.33 5555.38
188647 188647 0.00020224 0.00219105 0.0211364 0.0271217 0.0191635 0.0145891 0.0132857 0.013065 0.0131531 0.0132718 0.0133218 0.0132932 0.0132133 0.0131166 0.013034 0.013  3.5293e+07 1.95876e+07 884283 3.1049e+06 1.12955e+06 348532 123079 178080 162755 98191.8 47347.4 26269.4 19396.2 12131.9 2535.2 9679.83
5.95303e+06 5.95303e+06 0.00355569 0.0373737 0.278248 0.325813 0.253531 0.206508 0.19312 0.191822 0.193783 0.195728 0.196536 0.196183 0.195095 0.193768 0.192634 0.192167  1.45129e+08 2.25386e+07 1.21911e+07 616551 2.30073e+06 935194 392917 156162 180648 187522 111521 55237.1 28959.1 21467.4 13225.2 13225.2
2.85542e+06 2.85542e+06 0.00360106 0.0382064 0.306079 0.372791 0.284234 0.226163 0.20865 0.205634 0.206775 0.208262 0.208757 0.208154 0.206862 0.205374 0.204134 0.20363  6.28611e+06 2.49108e+07 3.9507e+06 1.31824e+06 68647.1 346110 162846 80810.6 33823.1 35461.8 37938.8 21933.4 10721.5 5412.89 3975.37 4822.42
832415 832415 0.000481113 0.00520464 0.0495197 0.0633236 0.0450147 0.0343757 0.0313255 0.0308032 0.0310035 0.0312758 0.0313886 0.0313183 0.031129 0.030901 0.0307069 0.0306272  5.96536e+07 3.30689e+06 1.32511e+07 1.49256e+06 487605 33146.9 191358 92803.6 45441.4 18438.7 18633.2 19186.3 10693 5061.89 2492.06 3972.84
118630 118630 0.000100257 0.00108712 0.0105708 0.013604 0.00958111 0.00727866 0.00662315 0.00651133 0.00655472 0.00661374 0.0066387 0.00662442 0.00658454 0.00653624 0.00649499 0.00647802  4.62137e+07 2.08482e+07 1.29764e+06 4.37379e+06 1.07068e+06 565350 48322.5 250894 100553 63671 27509.6 22879.3 26346 14604.5 7052.98 8928.64
4.06395e+06 4.06395e+06 0.00214259 0.0229081 0.196273 0.242765 0.180059 0.141167 0.129789 0.127939 0.128794 0.129866 0.130279 0.12996 0.129174 0.128244 0.127458 0.127137  3.23723e+07 2.66853e+07 1.18318e+07 943301 2.88737e+06 996725 625471 65111.7 316554 114791 78361.4 34138 25911.4 30119.6 16435.4 17967
1.74546e+06 1.74546e+06 0.0020187 0.021624 0.188251 0.234477 0.172931 0.134949 0.123798 0.121903 0.122654 0.123643 0.124017 0.123701 0.122944 0.122053 0.121301 0.120994  1.48323e+07 6.14632e+06 5.18881e+06 1.84866e+06 164159 561623 227362 154321 17049.2 80625.6 27509 18789 8000.4 5795.65 6665.57 7500.67
591152 591152 0.000586721 0.00634257 0.059953 0.0765076 0.0545367 0.041717 0.0380374 0.0374092 0.0376527 0.037982 0.0381176 0.0380315 0.0378015 0.0375249 0.0372895 0.0371928  1.27563e+08 7.82032e+06 3.34748e+06 2.43905e+06 896199 95396.2 356776 146967 98274.9 10547 48204.1 15866.3 10464.1 4319.13 3052.58 7320.11
1.15996e+06 1.15996e+06 0.000999281 0.0107748 0.099488 0.126094 0.0907775 0.0698349 0.063784 0.0627505 0.0631507 0.0636889 0.0639053 0.0637549 0.0633675 0.0629049 0.0625122 0.0623512  7.38854e+07 3.75194e+07 2.60302e+06 1.80863e+06 1.18047e+06 617045 95268 246591 141315 107237 13027.3 56457 17091 11833.9 4932.5 11427.6
4.74259e+06 4.74259e+06 0.00169168 0.0181535 0.160594 0.200829 0.147123 0.114396 0.104854 0.103251 0.103912 0.104774 0.10511 0.104852 0.104214 0.103458 0.102819 0.102557  1.01708e+07 3.69949e+07 2.04403e+07 1.53482e+06 1.3873e+06 1.0343e+06 593610 114875 238321 151981 119942 15435.4 62985.4 18168.2 12644.2 17264.8
2.26626e+06 2.26626e+06 0.00199045 0.021307 0.184471 0.228966 0.169137 0.132245 0.121459 0.119683 0.120472 0.121475 0.121863 0.121565 0.120829 0.119957 0.11922 0.118918  1.5984e+06 1.83034e+06 6.83074e+06 3.50596e+06 283797 309899 259954 151189 30879.2 58923.3 37807.7 29551.1 3753.31 14868.1 4159.11 6779.13
1.07615e+06 1.07615e+06 0.00127815 0.013753 0.124644 0.157001 0.113882 0.0880241 0.0805276 0.0792606 0.079772 0.0804482 0.0807174 0.0805256 0.080037 0.0794546 0.0789609 0.0787586  1.5259e+08 842580 995159 3.165e+06 1.6622e+06 161977 194224 166203 95371.7 18939 34945.7 21637.9 16333.6 2011.18 7773.02 5607.4
670145 670145 0.000855253 0.00923854 0.0866871 0.110629 0.0791605 0.0606184 0.0552554 0.0543116 0.0546354 0.0550901 0.0552712 0.0551371 0.054799 0.0543965 0.0540554 0.0539156  4.06678e+07 3.5157e+07 484522 614519 1.37536e+06 913592 132574 177355 149158 92652.3 21859.9 33229 22534.6 17367.8 2248.98 14310.5
7.66058e+06 7.66058e+06 0.00411613 0.04345 0.333852 0.400507 0.309849 0.249301 0.231092 0.228203 0.22965 0.231375 0.231961 0.231317 0.229906 0.228276 0.226915 0.226361  3.74421e+07 2.3296e+07 1.65433e+07 404331 491120 1.13429e+06 876582 150937 199361 170333 103837 26024.5 35683.2 24367.3 18635.8 17739.1
2.23253e+06 2.23253e+06 0.00315278 0.0334587 0.268949 0.326056 0.247796 0.197363 0.182447 0.180131 0.181378 0.182858 0.183408 0.182946 0.181846 0.180554 0.179466 0.179022  5.14391e+06 7.27511e+06 4.47269e+06 1.95894e+06 55208.8 79828.2 217550 185081 33482.2 42905.4 36313 21369.3 5303.25 6925.19 4672.69 6913.1
1.09493e+06 1.09493e+06 0.00109406 0.0118017 0.109331 0.139034 0.100027 0.0768239 0.070078 0.0688832 0.0692839 0.0698495 0.070071 0.0698967 0.0694667 0.068957 0.0685258 0.0683492  2.77847e+08 2.70577e+06 3.87171e+06 1.70419e+06 722779 26399.1 43812.5 123623 104187 18328.2 22686.7 18507 10508.5 2526.81 3218.37 5279.99
1.21968e+06 1.21968e+06 0.000969027 0.0104558 0.0971254 0.123462 0.0886905 0.0681019 0.062143 0.061107 0.0614814 0.0619969 0.0622026 0.0620532 0.0616741 0.0612225 0.0608396 0.0606827  9.95401e+07 6.41275e+07 1.23595e+06 1.64744e+06 799268 441848 45434.9 58563.2 130357 117171 24958.3 29854.8 24204.6 13664.6 3499.4 11108.9
1.08353e+07 1.08353e+07 0.00340165 0.0359682 0.280641 0.336044 0.257921 0.207164 0.192279 0.190208 0.191707 0.193367 0.194004 0.193552 0.192414 0.191065 0.189925 0.189459  4.03194e+07 4.58563e+07 2.88415e+07 899937 1.23539e+06 722808 435199 60779.5 66272.2 141321 131599 29369.8 33658.4 26818.6 14788.6 15811.9
2.36729e+06 2.36729e+06 0.00183204 0.0196387 0.172106 0.214553 0.157755 0.122946 0.112772 0.111068 0.111782 0.112708 0.113067 0.112789 0.112104 0.111292 0.110606 0.110325  8.75174e+06 7.04191e+06 8.07317e+06 3.43559e+06 124393 214533 152436 96024.8 14434.9 14535 30225.2 28054.6 6191.68 6867.54 5378.55 6039.57
1.02057e+06 1.02057e+06 0.00079203 0.00855426 0.0801756 0.102151 0.073098 0.056013 0.0510845 0.0502315 0.0505454 0.050976 0.0511502 0.0510301 0.0507194 0.0503479 0.0500325 0.0499031  1.66972e+08 4.61502e+06 3.84198e+06 3.85969e+06 1.69714e+06 73124.1 137450 99346.7 61682.8 9013.02 8775.94 17612.2 15789.1 3378.45 3656.12 5963.8
1.17827e+06 1.17827e+06 0.00102798 0.0110882 0.102692 0.130437 0.0938227 0.0720941 0.0657993 0.0647039 0.0650982 0.0656413 0.065857 0.0656975 0.0652957 0.0648176 0.0644125 0.0642465  3.02043e+07 4.60102e+07 2.11264e+06 1.49898e+06 1.49018e+06 750695 82237.3 135142 105877 69002 12474.5 10698.3 20160.5 18526.2 4225.64 11640.6
5.19938e+06 5.19938e+06 0.00184302 0.0197396 0.171761 0.213311 0.157211 0.122812 0.1128 0.111179 0.111938 0.112892 0.113266 0.112998 0.112317 0.111508 0.110822 0.110541  1.07309e+08 1.81708e+07 2.28542e+07 1.3742e+06 993434 1.10522e+06 623063 103403 157691 126166 80638.5 15205.1 12054.7 21874.4 19978 17176.8
2.15811e+06 2.15811e+06 0.00218581 0.0233683 0.200058 0.247497 0.183649 0.143979 0.132347 0.130436 0.131291 0.132373 0.132787 0.132458 0.131656 0.130707 0.129906 0.129578  7.72331e+06 1.84899e+07 3.32049e+06 3.63091e+06 241664 206050 255804 151839 27814.1 40709 32112.3 19890.8 3673.92 2801.73 4966.21 8349.84
1.19121e+06 1.19121e+06 0.000785319 0.00848209 0.0795263 0.101333 0.0725021 0.0555526 0.0506645 0.049819 0.0501307 0.050558 0.050731 0.0506119 0.0503038 0.0499354 0.0496225 0.0494942  7.29794e+07 4.07001e+06 1.00214e+07 1.49449e+06 1.65978e+06 134484 126709 160776 94189.7 16772.9 23731.6 18060.3 10801.8 1934 1438.89 6705.5
1.11832e+06 1.11832e+06 0.00115161 0.0124181 0.114677 0.145701 0.104967 0.0806847 0.0736228 0.0723743 0.072795 0.073387 0.0736179 0.0734336 0.0729815 0.072446 0.0719932 0.0718078  2.7865e+07 2.17783e+07 1.249e+06 3.3373e+06 779273 841117 117008 97518 121728 76482.4 19756.2 25996.3 20094.8 11971.1 2233.59 8919
5.86054e+06 5.86054e+06 0.00421928 0.044118 0.315078 0.364446 0.287665 0.236666 0.222153 0.220933 0.223256 0.225494 0.226414 0.226005 0.224764 0.223252 0.221961 0.22143  7.15092e+07 1.61775e+07 1.12852e+07 713487 2.03444e+06 654613 752675 133058 102799 127644 81928.9 23329.4 29201.4 22180.2 12954 11951.9
1.31043e+06 1.31043e+06 0.002305 0.0246556 0.211924 0.263227 0.19519 0.152734 0.140184 0.138018 0.138829 0.139913 0.140311 0.13994 0.139079 0.13807 0.137222 0.136876  9.27165e+06 1.2305e+07 2.81239e+06 1.08791e+06 68697.5 260846 111399 141886 27347.2 20256.8 24759.6 15694.4 4490.32 5429.55 4045.55 4470.55
1.26417e+06 1.26417e+06 0.00105186 0.0113456 0.105051 0.133464 0.0960168 0.073772 0.0673172 0.0661864 0.0665836 0.0671353 0.0673537 0.0671893 0.0667778 0.0662886 0.0658743 0.0657045  2.46475e+08 4.88693e+06 6.67841e+06 1.27932e+06 507231 38907 162517 70704.4 88686.8 16593.3 11870.9 13990 8559.76 2373.53 2799.74 4308.18
2.48397e+06 2.48397e+06 0.00198158 0.0212647 0.187964 0.235989 0.173171 0.134486 0.123062 0.121014 0.121666 0.122591 0.122928 0.122594 0.121831 0.120939 0.12019 0.119885  9.78439e+07 5.78072e+07 1.69781e+06 2.15777e+06 713235 385940 47183 161608 82735 99708.2 22523.3 14709.5 17073.1 10596.4 3195.79 9266.91
1.18886e+07 1.18886e+07 0.00401702 0.0424351 0.328042 0.394266 0.304346 0.244505 0.226519 0.223646 0.225057 0.226749 0.227326 0.226697 0.225313 0.223714 0.222378 0.221834  8.8802e+07 4.35085e+07 2.61282e+07 985158 1.22588e+06 605095 384043 57727.8 173497 93734.1 112491 26223.6 16250.1 18423.3 11306.2 13364.3
3.87385e+06 3.87385e+06 0.00324719 0.0345057 0.280217 0.342072 0.259306 0.205759 0.189747 0.187055 0.18817 0.189591 0.190088 0.189566 0.1884 0.187048 0.185915 0.185454  6.16971e+06 1.52608e+07 7.65281e+06 3.06091e+06 128508 201479 124722 84781.4 13462.3 37996.8 20466.1 24084.4 5518.12 3300.66 3664.11 4850.39
1.62934e+06 1.62934e+06 0.00120267 0.0129515 0.118236 0.149366 0.108043 0.0833394 0.0761728 0.0749449 0.0754161 0.0760501 0.0763019 0.0761189 0.0756555 0.0751038 0.0746362 0.0744445  1.73992e+07 3.24673e+06 8.14882e+06 2.99809e+06 1.18061e+06 63734 113645 72438.6 48618.7 7492.02 20400.5 10583.2 12011.8 2665.9 1555.19 3934.59
655817 655817 0.000791406 0.00854249 0.0796598 0.1012 0.0725416 0.0556813 0.0508296 0.050007 0.0503346 0.0507725 0.0509516 0.0508353 0.0505279 0.0501591 0.0498454 0.0497167  3.40132e+07 1.06719e+07 2.08057e+06 2.33758e+06 1.1096e+06 613242 78197 109638 87242 60058.7 10605.1 25882.1 14074.2 15722.1 3623.4 7224.96
4.24573e+06 4.24573e+06 0.0035297 0.0373759 0.294842 0.355766 0.272378 0.217892 0.20169 0.199172 0.200519 0.202112 0.202686 0.202159 0.200937 0.199512 0.198315 0.197827  5.97329e+07 1.7194e+07 6.95805e+06 1.54415e+06 1.40859e+06 878360 581096 100752 126078 105476 72269.2 13124.9 29920.8 16155.7 17687.6 12126.2
1.52429e+06 1.52429e+06 0.00281642 0.0299394 0.244187 0.296929 0.224311 0.178097 0.164522 0.162449 0.163621 0.165004 0.165533 0.165135 0.164149 0.162983 0.161998 0.161595  6.76214e+06 1.03485e+07 3.14733e+06 903593 214020 234940 179719 128959 24142.7 28638.6 23813.5 15875.9 2824.61 6204.33 3290.65 5989.16
989784 989784 0.00122208 0.013164 0.120436 0.152378 0.110153 0.084896 0.0775539 0.0762785 0.0767425 0.0773779 0.0776281 0.0774382 0.0769646 0.0764022 0.0759262 0.0757311  9.14154e+06 3.55831e+06 5.5301e+06 1.24668e+06 349158 105503 131912 104302 74158.7 13510.8 15493 12424.7 7995.63 1378.67 2954.05 4331.71
567744 567744 0.000955208 0.0103058 0.0956651 0.121531 0.0873177 0.0670678 0.0612117 0.0601992 0.0605735 0.0610851 0.06129 0.0611442 0.0607714 0.0603268 0.0599497 0.0597951  5.98809e+07 6.61246e+06 1.30432e+06 1.69905e+06 667345 326639 149099 106905 98804.4 79279.9 18431.1 19328.9 15969.4 10245.9 1847.37 9297.05
2.49895e+06 2.49895e+06 0.00245379 0.0262168 0.223088 0.27617 0.20559 0.161299 0.148204 0.145971 0.146843 0.147988 0.148408 0.148014 0.147104 0.14604 0.145145 0.14478  2.73365e+07 2.78364e+07 4.5665e+06 819168 1.03912e+06 641133 359690 187776 115265 111464 90885.2 22081.4 21849.3 17757.1 11217.1 12088.8
1.92553e+06 1.92553e+06 0.00284448 0.0303066 0.251772 0.309365 0.232449 0.183443 0.16887 0.166406 0.167406 0.168696 0.16916 0.168705 0.167669 0.166461 0.165448 0.165034  4.69347e+07 4.87559e+06 5.10817e+06 721839 136272 203800 157189 90512.8 48719.2 28023.1 26851.6 21438.5 5117.23 4892.71 3899.84 5037.29
1.24533e+06 1.24533e+06 0.00138461 0.0148994 0.135048 0.170396 0.123655 0.095517 0.0873152 0.0858902 0.0864089 0.0871175 0.0873937 0.0871771 0.0866432 0.0860108 0.0854759 0.0852569  6.28673e+07 2.47145e+07 2.62052e+06 2.12558e+06 300338 71234 119573 94580.8 53729.5 28074.1 15587.6 14392.9 11087.3 2564.17 2391.33 4284.26
1.1035e+06 1.1035e+06 0.000939037 0.0101333 0.0942315 0.1198 0.0860159 0.066034 0.0602543 0.0592515 0.0596171 0.0601192 0.0603202 0.0601762 0.059809 0.0593712 0.0589999 0.0588476  3.38347e+07 2.20213e+07 6.41801e+06 1.03717e+06 914275 241853 67746.1 86732.7 107996 61932.5 35313.1 17219.9 16425.9 12828.1 3100.08 7836.77
5.29196e+06 5.29196e+06 0.00301623 0.032077 0.262362 0.32045 0.242126 0.191906 0.177003 0.174569 0.17568 0.177061 0.177561 0.177094 0.176014 0.174753 0.173694 0.173262  2.9601e+07 1.71273e+07 1.20619e+07 3.17069e+06 790957 791905 260656 80217.5 89170.2 128337 71334.4 40746.9 18813.2 17681.7 13608.9 11551
1.87152e+06 1.87152e+06 0.00314601 0.0334908 0.276052 0.33924 0.255888 0.202167 0.186039 0.183207 0.184198 0.185535 0.185989 0.185456 0.184301 0.182969 0.181855 0.181402  2.61367e+07 5.1896e+06 3.07124e+06 1.64762e+06 438575 157533 178076 62425.4 19637.6 20459.5 30319.4 16223.8 9053.56 4022.14 3711.3 5210.01
1.62862e+06 1.62862e+06 0.00214472 0.022967 0.199363 0.248386 0.183469 0.143212 0.131337 0.129279 0.130037 0.131057 0.131436 0.131091 0.130283 0.129337 0.128541 0.128216  1.17892e+08 1.37609e+07 2.78364e+06 1.25206e+06 671812 226828 91693.8 106218 36682.2 11186.5 11238.1 16036.3 8275.2 4473.08 1938.06 4215.61
1.13991e+06 1.13991e+06 0.0013229 0.0142481 0.130158 0.164796 0.11925 0.0919102 0.0839378 0.082532 0.0830122 0.0836831 0.0839426 0.0837306 0.0832151 0.0826057 0.0820907 0.08188  2.71133e+07 2.76551e+07 3.55491e+06 697649 475137 405350 134150 105031 111139 42255.8 13957.4 12233.9 19916.5 10045 5458.74 7409.8
5.0836e+06 5.0836e+06 0.00313472 0.0331508 0.259174 0.309501 0.237094 0.190538 0.17705 0.175324 0.176847 0.17848 0.179134 0.178756 0.177726 0.176489 0.175437 0.175006  4.67832e+07 2.06015e+07 1.30408e+07 1.73538e+06 414616 386109 404779 137668 131356 131928 50018 16576.3 13593.6 22202 10940.1 13856.7
2.23534e+06 2.23534e+06 0.00333398 0.0354847 0.291841 0.359194 0.271373 0.214358 0.19711 0.193973 0.194917 0.196256 0.196688 0.196096 0.194861 0.193446 0.192268 0.191789  2.73175e+06 8.58228e+06 4.15555e+06 1.61869e+06 209623 68772.4 77194.1 89990.3 31017 30844.1 29913.1 11015 3559.17 2809.09 4541.78 4980.72
1.387e+06 1.387e+06 0.00185332 0.0198937 0.176318 0.221266 0.162118 0.12586 0.115187 0.113301 0.113942 0.114834 0.115167 0.114864 0.114154 0.113321 0.11262 0.112333  1.66046e+07 1.43828e+06 4.60142e+06 1.68457e+06 658672 108593 40076.3 46021.8 52772.2 17611.6 16872.9 15747.6 5590.14 1749.28 1346.35 4477.2
786502 786502 0.0012992 0.013995 0.128032 0.162177 0.117284 0.0903608 0.0825108 0.0811251 0.0815967 0.0822567 0.0825124 0.0823044 0.0817977 0.0811985 0.0806922 0.080485  3.21487e+07 1.65435e+07 613614 1.61221e+06 1.02713e+06 313780 75466.5 32762.9 45912 62609.9 20379.8 22741.7 20345.2 7195.86 2282.31 7404.03
5.02635e+06 5.02635e+06 0.00349441 0.0370955 0.298601 0.364069 0.277054 0.220236 0.203154 0.200233 0.201364 0.20283 0.203324 0.202743 0.201486 0.200037 0.198828 0.198336  2.52078e+07 1.97156e+07 1.1246e+07 445832 1.1286e+06 1.10831e+06 302268 83204.3 37297.3 52787.4 73970.8 23703.2 26600.7 22919.8 7973.83 10580.9
1.20811e+06 1.20811e+06 0.00196034 0.0210369 0.185966 0.233416 0.171257 0.133003 0.12171 0.11969 0.120341 0.121262 0.1216 0.121272 0.120518 0.119637 0.118896 0.118594  8.05832e+06 4.40457e+06 3.52916e+06 1.51478e+06 69207.6 210664 264535 70536.3 19838.6 8754.05 12088 16669.2 5175.31 5693.88 4785.77 3807.71
759754 759754 0.00123715 0.0133314 0.122351 0.155113 0.112023 0.0862418 0.0787333 0.0774093 0.077862 0.0784951 0.0787417 0.0785446 0.0780615 0.0774896 0.0770061 0.0768082  1.47976e+07 4.25094e+06 2.40976e+06 1.72576e+06 777076 42003 138239 175676 46021.7 12556.1 5350.77 7124.98 9485.35 2854.44 3063.77 4538.63
370830 370830 0.000669958 0.00724353 0.068545 0.0876427 0.0624761 0.0477518 0.0435087 0.0427677 0.0430302 0.0433958 0.0435438 0.0434412 0.0431761 0.0428592 0.04259 0.0424796  1.39009e+07 1.37996e+07 1.35507e+06 817410 803440 564928 46242.1 115936 204064 44396.3 13772.9 5969.88 8059.41 10935.8 3251.74 8741.95
3.09321e+06 3.09321e+06 0.00249375 0.0266074 0.223858 0.275558 0.205895 0.162105 0.149215 0.147109 0.148067 0.149269 0.14972 0.149341 0.148434 0.147367 0.146468 0.1461  1.43328e+07 8.33216e+06 9.79415e+06 876363 574784 684726 600445 61088.8 132414 254781 51935.4 16218.9 6866.41 9016.73 12060.2 13104.2
786332 786332 0.0019513 0.0209359 0.184788 0.231703 0.170077 0.13216 0.120979 0.118996 0.119658 0.120583 0.120925 0.120602 0.119854 0.118979 0.118243 0.117943  2.22172e+06 2.59483e+06 1.54565e+06 1.51082e+06 144623 113351 153231 147601 15789.4 32324.8 62553.8 12173.9 3705.32 1525.54 1959.48 5390.5
593922 593922 0.00140754 0.0151354 0.136362 0.171532 0.124739 0.0965362 0.0883314 0.0869333 0.0874822 0.0882133 0.0885013 0.0882871 0.0877498 0.0871113 0.0865708 0.0863493  8.39901e+07 1.17194e+06 1.41897e+06 752813 770244 87331.9 74101.2 101450 96050.9 9969.66 19714.3 36792.7 6913.01 2039.5 819.197 3867.61
580534 580534 0.00109179 0.0117722 0.10866 0.13789 0.0993251 0.0763799 0.0697221 0.0685607 0.0689753 0.0695477 0.069774 0.0696039 0.0691779 0.0686715 0.0682426 0.0680669  4.81904e+07 2.25364e+07 787240 552748 342309 513863 72550.4 56757.4 84606.1 97646.5 11619.7 20415.4 40626.8 7285.33 2181.7 4999.88
4.05384e+06 4.05384e+06 0.00332339 0.034472 0.23257 0.25868 0.206132 0.173067 0.164865 0.165572 0.168397 0.1708 0.171956 0.17193 0.171149 0.170082 0.169131 0.168733  4.47186e+07 2.32559e+07 1.12921e+07 642034 422977 313427 556756 89675.7 64645.4 94143.8 113773 14033.9 22956.4 45175.2 7912.38 7716.54
1.73064e+06 1.73064e+06 0.00310576 0.0330484 0.271513 0.332863 0.251266 0.198745 0.183018 0.180312 0.181344 0.182699 0.183171 0.182662 0.181534 0.180226 0.179132 0.178686  4.55965e+06 7.74044e+06 3.9731e+06 942916 59215.3 51121.2 49871.2 102097 17499.7 12139.4 17397.7 21045.1 2554.67 4033.35 7823.32 2655.62
887338 887338 0.00113561 0.0122243 0.11122 0.140088 0.101406 0.0783243 0.0716487 0.070533 0.0710051 0.071622 0.0718723 0.071708 0.0712762 0.0707588 0.0703191 0.0701388  1.05159e+08 2.40032e+06 4.14741e+06 1.60547e+06 378946 30255.5 29478.6 29516.1 59585.4 9907.23 6629.75 9151.61 10677.4 1255.59 1933.38 4935.29
551162 551162 0.000775176 0.00837642 0.0788522 0.100688 0.0719384 0.0550471 0.0501668 0.0493102 0.0496083 0.0500253 0.0501929 0.050073 0.0497669 0.0494016 0.0490917 0.0489646  3.74357e+07 2.79031e+07 901968 1.40325e+06 645279 271526 59771.4 41472.1 41341.3 87296.4 15096.2 9312.82 12738.4 15180.2 1844.29 9682.98
3.39302e+06 3.39302e+06 0.00200046 0.0213947 0.183831 0.227252 0.168281 0.131896 0.121299 0.119613 0.120452 0.121485 0.121891 0.121605 0.120876 0.120007 0.119272 0.118971  1.83814e+07 1.76351e+07 1.36931e+07 619937 975611 555566 306937 86414.7 55842.7 53582.6 110679 19197.4 11297.6 14805.6 17365.3 13040.6
1.25202e+06 1.25202e+06 0.00201905 0.0215968 0.185789 0.229885 0.170177 0.133306 0.122539 0.1208 0.121627 0.122658 0.123062 0.122769 0.12203 0.121153 0.12041 0.120106  1.12957e+07 3.21453e+06 3.20297e+06 2.10033e+06 107796 197920 130526 78944.8 23141.6 14358 13448.7 27024.2 4544.9 2584.97 3314.14 6710.47
732018 732018 0.0012538 0.0135047 0.123461 0.156216 0.112972 0.087076 0.07954 0.0782251 0.0786953 0.0793426 0.0795963 0.0794 0.0789136 0.0783367 0.0778485 0.0776486  5.48808e+07 5.95315e+06 1.74443e+06 1.45963e+06 972478 60415.2 122339 82463.9 49254.6 14045.1 8428.69 7619.65 14788.1 2411.17 1338.02 5086.67
463576 463576 0.000919353 0.00992466 0.092598 0.117909 0.0845552 0.0648459 0.0591398 0.0581405 0.0584917 0.0589803 0.0591753 0.0590325 0.0586714 0.0582412 0.0578766 0.0577271  2.74856e+07 1.34727e+07 1.6986e+06 521462 485833 408866 48603.9 85748 66854.9 50321.2 16523.5 9204.79 8362.06 16050.7 2626.91 6813.2
3.56365e+06 3.56365e+06 0.00531906 0.0541622 0.319577 0.342709 0.283795 0.245663 0.237054 0.239271 0.243792 0.247418 0.249158 0.249186 0.248134 0.246669 0.245356 0.244806  2.46963e+07 1.23866e+07 6.5222e+06 946114 331887 360943 353234 58365.1 93506.6 74518.5 58640.9 19584 10485.4 9191.61 17188.7 9995.94
1.74618e+06 1.74618e+06 0.00724536 0.0751195 0.499697 0.579904 0.472902 0.392662 0.36704 0.362645 0.364361 0.366444 0.366901 0.365642 0.363349 0.360816 0.358748 0.357914  1.57663e+07 4.28154e+06 2.01518e+06 375317 47421.7 26633.5 41152.8 48934.1 9480.6 14546.7 11688.6 9185.1 3003.3 1553.97 1338.36 3900.7
1.16954e+06 1.16954e+06 0.00294655 0.0314246 0.263055 0.325062 0.243756 0.191694 0.175978 0.173107 0.173977 0.175221 0.175645 0.175139 0.174045 0.172783 0.171728 0.171298  5.65869e+07 8.2482e+06 2.15063e+06 448425 71663.6 14503.1 10448.6 17194.4 20277.2 3794.51 5579.94 4293.73 3241.06 1024.05 516.156 1704.43
637795 637795 0.00110118 0.0118641 0.108769 0.137518 0.0992781 0.0764983 0.0698939 0.0687626 0.0692 0.0697884 0.0700247 0.06986 0.0694362 0.0689302 0.0685009 0.0683248  3.82124e+07 1.65082e+07 2.5815e+06 590687 191710 94000.1 36032 20408.8 28526.8 37528.8 8742.24 11842.2 9437.87 7360.41 2350.09 5016.35
3.53352e+06 3.53352e+06 0.00290887 0.0309666 0.255452 0.312976 0.235739 0.186408 0.171754 0.169319 0.170369 0.171699 0.172181 0.171725 0.170675 0.169449 0.168419 0.167999  2.60606e+07 1.98798e+07 8.58431e+06 1.48201e+06 396672 183562 120570 51026.3 27501.5 36406 47532.3 11255 14568.8 11208.6 8590.32 8486.17
1.28562e+06 1.28562e+06 0.00231968 0.0247931 0.211708 0.262056 0.194723 0.152659 0.140235 0.138129 0.138982 0.140092 0.140509 0.140149 0.139293 0.138288 0.137441 0.137094  1.1337e+07 4.60058e+06 3.5657e+06 1.21079e+06 225000 77096.6 42922.4 30749.8 13156.7 6837.12 8780.9 11192.1 2576.65 3226.05 2433.77 3647.01
804453 804453 0.00132687 0.0142775 0.129398 0.163111 0.118335 0.0914283 0.0835969 0.0822499 0.0827621 0.0834526 0.0837252 0.0835227 0.083014 0.0824093 0.0818972 0.0816874  3.76371e+07 5.97416e+06 2.49196e+06 1.59433e+06 550571 124959 47314.6 26885.5 18986.1 7890.2 3961.47 4906.5 6037.16 1347.1 1645.36 3041.35
315731 315731 0.000597929 0.00646841 0.0615242 0.0788059 0.0560578 0.0427857 0.038961 0.038289 0.0385219 0.0388491 0.038982 0.0388903 0.0386529 0.038369 0.0381277 0.0380288  3.49834e+07 1.13694e+07 1.68755e+06 784786 614849 285183 105720 40091.1 27276 22503.2 9883.87 4810.39 5865.98 7267.76 1623.88 5587.56
3.96776e+06 3.96776e+06 0.00486882 0.051008 0.368926 0.433216 0.341956 0.27948 0.260791 0.25824 0.260176 0.262258 0.262989 0.262311 0.260757 0.258949 0.257435 0.256819  1.19882e+07 1.5541e+07 6.00439e+06 984341 550358 506601 281007 128305 47585.8 33129.1 27724.9 12077.4 5681.31 6669.64 8099.16 7959.95
1.59474e+06 1.59474e+06 0.00490726 0.0517266 0.392075 0.472122 0.368079 0.296321 0.274014 0.269907 0.271087 0.272744 0.273187 0.272286 0.270553 0.268609 0.267007 0.266359  8.20717e+06 2.0889e+06 2.68168e+06 596505 97252.6 78110.4 88257.7 55558.1 26993 9691.39 6659.69 5448.37 2300.44 1047.4 1203.21 2853.29
827687 827687 0.00239537 0.0256149 0.219577 0.272691 0.202453 0.158453 0.145381 0.143084 0.143893 0.144996 0.145397 0.145006 0.14411 0.143065 0.142187 0.141828  7.31888e+07 4.3112e+06 1.09349e+06 871153 184352 41703.5 39495.5 46262.6 28695 13473.6 4648.41 3067.09 2415.08 986.579 437.837 1661.54
658614 658614 0.00144312 0.0155334 0.141108 0.178428 0.129423 0.0998625 0.0912093 0.0896693 0.0901782 0.0908969 0.0911721 0.0909383 0.0903772 0.0897154 0.0891568 0.0889283  5.51312e+07 1.7651e+07 1.27165e+06 303194 284310 148945 47100.2 43066.8 50172.2 37054 20209.2 6771.09 4586.3 3653.95 1486.54 3144.84
3.75964e+06 3.75964e+06 0.00376682 0.0391627 0.268424 0.302488 0.240657 0.200778 0.190274 0.190398 0.193172 0.195613 0.196734 0.196579 0.195617 0.194363 0.193264 0.192807  4.01975e+07 2.47406e+07 8.3718e+06 710839 206449 227180 163597 59806.9 52024.3 58409.6 44154.8 24371.8 7921.02 5208.25 4074.59 5085.46
1.40765e+06 1.40765e+06 0.00242523 0.0258148 0.213057 0.259258 0.194757 0.15428 0.142482 0.140742 0.14184 0.143111 0.143621 0.143306 0.142466 0.141458 0.140603 0.140252  4.02016e+07 7.47118e+06 4.20138e+06 731512 60493.9 26792.8 35877.1 30598.3 12007.6 10192.8 11151.1 8393.42 4534.16 1428.94 921.47 1594.77
1.15651e+06 1.15651e+06 0.00128797 0.0138691 0.126487 0.159909 0.115746 0.0892517 0.0815223 0.0801664 0.080645 0.0813074 0.0815672 0.0813662 0.0808683 0.0802776 0.0797779 0.0795732  3.01269e+07 2.11597e+07 4.00521e+06 1.71699e+06 292159 30390.8 15247 21089.4 17838 6821.43 5604.43 5918.67 4302.84 2253.43 692.871 1196.29
486544 486544 0.000501689 0.00543037 0.0519238 0.0666077 0.0472732 0.0360352 0.0328019 0.0322343 0.0324318 0.0327092 0.0328226 0.0327463 0.0325467 0.0323075 0.0321042 0.0320207  2.48884e+07 1.06533e+07 5.50075e+06 1.29355e+06 660468 219327 46535.2 23316.7 25605 26835 10716.8 8471.72 8631.06 6420.41 3344.1 2787.51
4.67224e+06 4.67224e+06 0.00470825 0.0491906 0.348673 0.404374 0.32058 0.263815 0.247289 0.245566 0.247852 0.250121 0.250999 0.250463 0.249045 0.247353 0.245922 0.245336  2.10943e+07 1.17596e+07 6.45135e+06 2.91657e+06 954298 554847 250664 63145 31390.7 31257.5 33507 13414.3 10169.8 9981.96 7302.7 6916.53
1.63457e+06 1.63457e+06 0.00552316 0.0579028 0.420172 0.498594 0.39452 0.321168 0.298338 0.294381 0.295853 0.297722 0.298232 0.297272 0.295408 0.293315 0.291589 0.290891  5.65159e+06 3.64136e+06 2.05609e+06 663650 252411 133216 94652.8 50577.8 13324.2 6512.35 6168.84 6511.77 2544.56 1868.76 1790.18 2518.1
869734 869734 0.00252148 0.0269641 0.231095 0.287505 0.213603 0.167095 0.153208 0.150703 0.151491 0.152606 0.152997 0.152568 0.151616 0.150512 0.149587 0.14921  4.33463e+07 2.96461e+06 1.88041e+06 590584 174509 96357.6 61738.9 45972.5 24296.4 6191.84 2907.88 2643.92 2685.3 1015 726.495 1642.2
299213 299213 0.000862186 0.00931234 0.0872885 0.111342 0.0796973 0.061041 0.0556388 0.0546863 0.0550124 0.0554709 0.0556539 0.0555194 0.0551794 0.0547744 0.0544311 0.0542904  1.29778e+07 1.10178e+07 975829 474643 250795 190516 91300.1 71431.1 55476.8 38185.9 10406 4862.37 4200.13 4393.76 1675.27 3866
2.7774e+06 2.7774e+06 0.00448899 0.0468318 0.328581 0.378037 0.300133 0.24797 0.233135 0.231982 0.234461 0.236819 0.237787 0.237362 0.236066 0.234487 0.233139 0.232585  2.38437e+07 7.3576e+06 5.47044e+06 625698 311262 243369 237787 110458 89952.7 68030.6 48244.5 13045.6 5919.52 4887.48 5036.5 6272.39
1.17847e+06 1.17847e+06 0.00560589 0.0588823 0.433422 0.518783 0.409119 0.331402 0.306846 0.302173 0.303316 0.305004 0.305385 0.304314 0.302355 0.300184 0.298407 0.297689  2.60395e+06 4.12228e+06 1.31165e+06 513152 59459.9 40176.1 43123.4 47949.4 22190.8 18108.8 13309 9332.33 2447 1078.31 868.444 1980.43
894687 894687 0.0033307 0.0354548 0.291928 0.359499 0.271474 0.21429 0.196915 0.193704 0.194618 0.195945 0.196373 0.195781 0.194547 0.193134 0.191959 0.191481  5.33949e+06 1.36676e+06 2.13918e+06 392556 143802 23895.5 19346.1 21595.9 23644.4 10558.1 8265.88 5825.8 3928.5 996.12 427.757 1107.34
197917 197917 0.000791832 0.00855653 0.0805534 0.102891 0.0735126 0.056238 0.0512364 0.050351 0.0506502 0.0510733 0.051243 0.0511199 0.0508069 0.0504339 0.0501176 0.0499879  1.01806e+07 6.18874e+06 544912 611590 194141 121942 38194.2 21656.8 29764.7 37149.8 16183.1 13085.1 9271.06 6442.27 1609.9 2470.4
2.76798e+06 2.76798e+06 0.00573634 0.0598405 0.41813 0.487949 0.390261 0.321212 0.300148 0.297097 0.29909 0.301271 0.301962 0.301102 0.299288 0.297213 0.29549 0.294791  9.03407e+06 6.93979e+06 4.26619e+06 365832 418855 198550 150460 52380 27449.9 37580.3 46225.5 19510.7 15382.5 10586.5 7233.14 4515.36
680342 680342 0.0037513 0.0398425 0.321749 0.394432 0.300216 0.238006 0.218941 0.21537 0.216321 0.21773 0.218157 0.217473 0.216093 0.214525 0.213225 0.212697  2.01865e+06 1.8066e+06 1.23801e+06 395030 33974.1 53377 36023.1 30840 10926.9 5448.34 7313.39 8742.61 3554.86 2725.08 1831.31 2002.35
621957 621957 0.00333974 0.0355411 0.291968 0.359141 0.271396 0.214364 0.197035 0.193848 0.19478 0.19612 0.196555 0.195968 0.194736 0.193324 0.192149 0.191671  2.05793e+07 1.06233e+06 963626 478070 151691 16933.5 30193.5 20867.9 17555.8 6015.67 2886.89 3726.38 4292.14 1689.66 1262.92 1742.85
286167 286167 0.00111746 0.0120518 0.11146 0.141657 0.101979 0.078346 0.0714636 0.0702403 0.0706471 0.0712232 0.071449 0.0712714 0.0708333 0.0703139 0.0698745 0.0696945  1.81727e+07 7.22442e+06 597037 393313 322220 170225 25471 31602.8 28801.7 27120.6 9538.42 4289.85 5618.05 6483.94 2516.03 4476.78
1.5597e+06 1.5597e+06 0.00236112 0.0252232 0.214447 0.264977 0.197213 0.154827 0.142341 0.140261 0.14115 0.142287 0.142714 0.142351 0.141483 0.140463 0.139604 0.139253  1.34386e+07 1.02032e+07 4.51465e+06 502891 321306 337454 198190 33806.4 37123.3 36249.2 34026.1 11735.4 5087.18 6443.38 7264.26 7708.66
917738 917738 0.00310628 0.0330509 0.271323 0.332491 0.251037 0.198596 0.182884 0.180181 0.181216 0.182573 0.183049 0.182543 0.181417 0.180111 0.179017 0.178572  1.25348e+06 2.42499e+06 1.91283e+06 736733 93892.1 68684.7 83646 50937.2 8953.42 9267.8 9082.3 8326.98 2778.03 1164.55 1444.51 3300.7
651046 651046 0.00221713 0.0237586 0.207361 0.259419 0.191344 0.149011 0.136425 0.134144 0.134845 0.135851 0.136211 0.135835 0.134987 0.134002 0.133175 0.132837  3.74923e+07 659845 1.29902e+06 771345 295178 47855 39525.2 49406.5 29668.2 5058.9 5051.73 4768.41 4216.8 1362.8 557.178 2225.06
496531 496531 0.00178167 0.0191351 0.170414 0.214201 0.156641 0.121453 0.111099 0.109261 0.109876 0.110736 0.111058 0.110767 0.110082 0.109278 0.1086 0.108324  2.10064e+07 1.11042e+07 305668 445308 341606 182042 48624.2 37936.5 61329.3 36957.3 6557.37 5933.66 5904.05 5237.98 1663.86 3361.11
2.88783e+06 2.88783e+06 0.00492784 0.0506812 0.320414 0.352667 0.287454 0.244438 0.233519 0.234414 0.23811 0.241217 0.242645 0.242496 0.241357 0.239857 0.23854 0.237992  1.04405e+07 9.6515e+06 6.26631e+06 225886 292313 292200 189310 59957.4 43601.5 73133.7 43025.3 7639.7 6547.97 6451.99 5616.05 5299.46
1.06799e+06 1.06799e+06 0.00524289 0.0551518 0.41108 0.492866 0.386641 0.312398 0.289121 0.284786 0.285982 0.287681 0.288115 0.287148 0.285318 0.283274 0.281593 0.280913  2.22703e+06 1.88459e+06 1.60932e+06 487601 18599 30053.6 41797.8 32062.5 11027.6 7713.04 12996.9 7430.38 1289.51 1064.64 1034.57 1724.46
872032 872032 0.00473221 0.0499049 0.379845 0.457286 0.355732 0.286103 0.264468 0.260509 0.261707 0.263369 0.263844 0.263002 0.261344 0.259472 0.257926 0.257299  2.98039e+07 1.16928e+06 981560 498863 142184 7662.31 14738.2 21293.1 16092.5 5346.08 3590.88 5807.04 3194.23 536.224 431.478 1096.12
326653 326653 0.00115006 0.0123963 0.114068 0.14463 0.104308 0.0802533 0.0732504 0.0720184 0.0724474 0.0730449 0.0732806 0.0731011 0.0726536 0.0721221 0.0716722 0.0714878  1.71935e+07 1.00759e+07 927785 265682 163860 136244 16916 22890.9 32860.1 25573.7 9494.58 6131.7 10370.2 5608.99 936.699 2622.38
3.80951e+06 3.80951e+06 0.00503234 0.0527107 0.380494 0.44732 0.353545 0.288889 0.269364 0.26655 0.26842 0.270483 0.271182 0.270451 0.268833 0.266963 0.265403 0.264767  2.60168e+07 1.4423e+07 6.12608e+06 830069 216454 159942 175217 24516.7 29721.4 42183.3 32694.4 12048.9 7476.76 12348.6 6529.87 4085.57
810870 810870 0.00177142 0.0190108 0.168258 0.210719 0.154388 0.119941 0.109825 0.108069 0.108716 0.109593 0.109929 0.109651 0.10898 0.108188 0.107519 0.107245  3.02247e+07 4.65627e+06 2.94152e+06 675102 104546 34574.8 30754.2 38095.4 5470.47 6294.07 8738.94 6611.62 2369.23 1421.02 2299.89 1943.14
804865 804865 0.00118426 0.0127528 0.116386 0.146959 0.106295 0.0819908 0.074931 0.073719 0.0741845 0.0748115 0.0750621 0.074884 0.0744293 0.0738872 0.0734275 0.073239  3.76297e+07 1.59434e+07 2.54775e+06 1.44248e+06 345563 63121.8 22588.3 20360.9 24811.6 3460.27 3848.31 5155.68 3767.12 1308.73 765.855 2244.43
