1 2 1 1 12.864 54 3970 3.26494
1 3 1 1 24.9997 54 859 1.68002
1 5 1 1 6.08118 54 194 6.90656
1 6 1 1 10.4663 54 5686 4.0129
1 7 1 1 50.5434 54 751 0.830969
1 10 1 1 50.9803 54 9560 0.823848
1 11 1 1 4.39507 54 828 9.55615
1 14 1 1 31.6825 54 5977 1.32565
1 15 1 1 4.03447 54 266 10.4103
1 18 1 1 40.2484 54 2823 1.04352
1 19 1 1 35.3646 54 666 1.18763
1 22 1 1 17.336 54 3124 2.42271
1 23 1 1 6.25025 54 50 6.71973
1 26 1 1 47.8664 54 1955 0.877443
1 27 1 1 7.57266 54 145 5.54627
1 30 1 1 24.1581 54 2521 1.73854
1 31 1 1 14.6479 54 311 2.86731
1 34 1 1 16.6582 54 2694 2.52129
1 35 1 1 18.6879 54 170 2.24744
1 38 1 1 61.0659 54 1064 0.687781
1 39 1 1 11.738 54 60 3.57812
1 42 1 1 27.6002 54 2576 1.52173
1 43 1 1 6.52237 54 5 6.43937
1 44 3 3 3.25262 54 1 12.9127
1 46 1 1 10.0363 54 3633 4.18483
1 47 1 1 5.91397 54 5 7.10183
1 50 1 1 57.9702 54 6266 0.72451
1 51 1 1 16.5578 54 68 2.53657
1 53 1 1 10.7199 54 276 3.91794
1 54 1 1 91.9256 54 2185 0.456891
1 58 1 1 21.1232 54 7160 1.98834
1 62 1 1 18.4084 54 2846 2.28156
1 66 1 1 25.3521 54 1159 1.65666
1 70 1 1 25.5653 54 194 1.64285
1 71 1 1 6.34592 54 15 6.61843
1 74 1 1 10.5497 54 1758 3.98115
1 76 1 1 31.8398 54 139 1.3191
1 78 1 1 16.9696 54 5394 2.47501
1 78 3 3 2.41712 54 1 17.3761
1 79 1 1 12.1619 54 284 3.45339
1 82 1 1 43.829 54 4172 0.95827
1 83 1 1 33.3678 54 734 1.2587
1 83 2 2 50.9996 54 100 0.823536
1 84 1 1 0.984572 54 3 42.6581
1 85 3 3 0.0976008 54 2 430.324
1 86 1 1 25.8299 54 1680 1.62603
1 86 2 2 23.9397 54 158 1.75441
1 86 3 3 0.366148 54 1 114.708
1 87 1 1 8.44968 54 40 4.9706
1 90 1 1 12.2636 54 2030 3.42477
1 90 2 2 9.66659 54 100 4.34486
1 91 1 1 35.5528 54 569 1.18134
1 94 1 1 26.7077 54 2326 1.57258
1 94 3 3 3.8069 54 1 11.0326
1 95 1 1 17.95 54 20 2.33984
1 98 1 1 38.4875 54 5174 1.09126
1 99 1 1 105.395 54 3563 0.398502
1 102 1 1 49.5154 54 17275 0.848221
1 103 1 1 79.3595 54 3730 0.529237
1 106 1 1 52.8813 54 5314 0.794232
1 107 1 1 45.0742 54 32 0.931797
1 110 1 1 67.2631 54 4552 0.624414
1 111 1 1 60.9381 54 692 0.689224
1 113 1 1 8.33379 54 4 5.03973
1 114 1 1 35.7213 54 21772 1.17577
1 114 2 2 72.3732 54 418 0.580326
1 114 3 3 2.75139 54 7 15.265
1 115 1 1 49.0181 54 3886 0.856826
1 118 1 1 45.7596 54 26023 0.917839
1 118 2 2 33.5247 54 207 1.25281
1 119 1 1 131.133 54 1429 0.320285
1 120 3 3 0.913262 54 3 45.989
1 122 1 1 43.8299 54 4936 0.958249
1 123 1 1 85.2844 54 4866 0.49247
1 124 1 1 86.5151 54 1139 0.485465
1 124 3 3 0.136428 54 5 307.854
1 125 3 3 36.6934 54 115 1.14462
1 126 1 1 55.8819 54 6555 0.751585
1 126 2 2 27.5248 54 614 1.5259
1 127 1 1 20.6026 54 1194 2.03857
1 128 1 1 14.6026 54 1407 2.8762
1 129 1 1 9.0481 54 100 4.64186
1 129 3 3 0.221611 54 2 189.522
1 130 1 1 44.8878 54 8511 0.935667
1 130 2 2 89.8006 54 606 0.467703
1 131 1 1 14.7947 54 3350 2.83886
1 132 1 1 5.11071 54 1359 8.21803
1 133 1 1 14.348 54 65 2.92724
1 134 1 1 69.3903 54 8222 0.605272
1 134 2 2 57.8217 54 1170 0.726371
1 135 1 1 306.258 54 5277 0.137139
1 136 1 1 81.0816 54 1455 0.517996
1 137 1 1 2.2166 54 30 18.948
1 138 1 1 240.948 54 4376 0.174312
1 138 2 2 85.6009 54 1146 0.490649
1 139 1 1 21.1038 54 2091 1.99016
1 140 1 1 3.33972 54 137 12.5759
1 141 1 1 10.0791 54 84 4.16703
1 142 1 1 73.8194 54 2700 0.568956
1 142 2 2 62.0152 54 508 0.677253
1 143 1 1 77.6056 54 3778 0.541198
1 144 1 1 3.78172 54 85 11.1061
1 146 1 1 34.1436 54 3632 1.2301
1 146 2 2 28.4787 54 300 1.47479
1 147 1 1 126.022 54 2217 0.333275
1 147 2 2 30.9663 54 224 1.35631
1 148 1 1 18.3658 54 1017 2.28686
1 149 1 1 22.5637 54 41 1.8614
1 150 1 1 70.3136 54 7919 0.597324
1 150 2 2 46.6661 54 3414 0.90001
1 151 1 1 142.108 54 6313 0.295549
1 152 1 1 24.9375 54 3476 1.68421
1 153 1 1 20.4351 54 173 2.05529
1 154 1 1 28.1396 54 17818 1.49256
1 155 1 1 155.79 54 14497 0.269593
1 156 1 1 19.3159 54 3079 2.17437
1 157 1 1 24.5619 54 912 1.70996
1 158 1 1 27.2424 54 12114 1.54172
1 159 1 1 37.9111 54 9998 1.10786
1 160 1 1 8.97306 54 4899 4.68068
1 161 1 1 7.44543 54 67 5.64104
1 162 1 1 23.2196 54 14243 1.80882
1 163 1 1 58.2491 54 16847 0.721041
1 164 1 1 14.0892 54 3786 2.981
1 165 1 1 22.0574 54 659 1.90412
1 166 1 1 39.4151 54 21464 1.06558
1 167 1 1 51.5828 54 12396 0.814225
1 167 3 3 6.82341 54 3 6.15528
1 168 1 1 30.0682 54 8206 1.39683
1 169 1 1 12.5508 54 16 3.34641
1 170 1 1 56.93 54 14156 0.737748
1 171 1 1 132.409 54 10871 0.3172
1 172 1 1 27.0452 54 3499 1.55296
1 173 3 3 2.25545 54 1 18.6215
1 174 1 1 64.5471 54 2813 0.650688
1 175 1 1 5.35793 54 25 7.83885
1 176 1 1 22.9286 54 45 1.83177
1 176 3 3 4.89448 54 2 8.5811
1 178 1 1 27.5192 54 6216 1.52621
1 179 1 1 52.9287 54 6464 0.793521
1 180 1 1 55.2803 54 874 0.759764
1 182 1 1 71.7098 54 13509 0.585694
1 183 1 1 26.4596 54 3065 1.58733
1 184 1 1 27.0497 54 760 1.5527
1 185 1 1 13.9724 54 89 3.00593
1 186 1 1 42.4676 54 7777 0.988988
1 187 1 1 22.4686 54 3087 1.86927
1 188 1 1 113.579 54 2704 0.369786
2 2 1 4 19.1669 54 2480 2.19128
2 3 1 4 58.8685 54 5296 0.713454
2 4 1 4 18.0838 54 499 2.32252
2 6 1 4 11.9612 54 4563 3.51135
2 7 1 4 45.2209 54 5642 0.928774
2 8 1 4 38.4624 54 1425 1.09198
2 10 1 4 25.1476 54 5149 1.67014
2 11 1 4 41.2133 54 4944 1.01909
2 12 1 4 17.5441 54 1010 2.39397
2 12 3 6 0.906245 54 1 46.3451
2 14 1 4 25.6854 54 3782 1.63517
2 15 1 4 27.2154 54 2376 1.54324
2 16 1 4 33.2877 54 450 1.26173
2 16 3 6 14.953 54 13 2.8088
2 17 2 6 14.8901 54 12 2.82067
2 18 1 4 25.7267 54 192 1.63254
2 19 1 4 32.9465 54 4612 1.2748
2 20 1 4 9.0623 54 326 4.63459
2 20 3 6 0.770322 54 2 54.5226
2 22 1 4 19.626 54 1749 2.14002
2 23 1 4 29.3084 54 3446 1.43304
2 24 1 4 61.1463 54 1207 0.686877
2 24 3 6 8.29616 54 7 5.06258
2 25 3 6 3.01701 54 1 13.9211
2 26 1 4 33.3882 54 3571 1.25793
2 27 1 4 44.5521 54 5790 0.942716
2 27 3 6 1.89864 54 6 22.1211
2 28 1 4 19.9398 54 1494 2.10634
2 29 2 6 16.2467 54 5 2.58514
2 30 1 4 37.6731 54 1000 1.11485
2 31 1 4 44.5893 54 2944 0.941931
2 32 1 4 13.0145 54 580 3.22716
2 34 1 4 14.359 54 2396 2.925
2 35 1 4 39.408 54 4728 1.06577
2 36 1 4 20.1038 54 948 2.08916
2 38 1 4 59.8698 54 2378 0.701522
2 39 1 4 55.0782 54 4288 0.762552
2 40 1 4 32.476 54 1850 1.29326
2 42 1 4 24.705 54 2909 1.70006
2 43 1 4 36.5684 54 12716 1.14853
2 44 1 4 24.2742 54 1285 1.73023
2 46 1 4 22.7625 54 8558 1.84514
2 47 1 4 32.5879 54 13450 1.28882
2 48 1 4 37.6174 54 2416 1.1165
2 50 1 4 46.833 54 7592 0.896804
2 51 1 4 41.6665 54 20669 1.008
2 52 1 4 18.9486 54 2348 2.21652
2 52 3 6 8.78409 54 11 4.78137
2 54 1 4 38.9216 54 4523 1.07909
2 55 1 4 27.5308 54 11310 1.52557
2 56 1 4 23.368 54 1729 1.79733
2 56 3 6 33.6062 54 21 1.24977
2 58 1 4 28.2547 54 5222 1.48648
2 59 1 4 46.3474 54 10215 0.906199
2 60 1 4 19.2689 54 2244 2.17968
2 60 3 6 2.4922 54 2 16.8526
2 62 1 4 30.2879 54 6600 1.38669
2 63 1 4 23.9407 54 9644 1.75434
2 63 3 6 4.47377 54 4 9.38805
2 64 1 4 25.1629 54 2075 1.66912
2 66 1 4 33.4873 54 2300 1.25421
2 67 1 4 26.6329 54 7980 1.577
2 67 3 6 1.85917 54 2 22.5907
2 68 1 4 22.5355 54 962 1.86372
2 68 3 6 0.000206078 54 22 203806
2 70 1 4 28.5009 54 3297 1.47364
2 71 1 4 60.56 54 8678 0.693527
2 72 1 4 20.4806 54 3388 2.05072
2 74 1 4 70.9513 54 5464 0.591955
2 75 1 4 43.1448 54 5910 0.973466
2 76 1 4 38.7695 54 1646 1.08333
2 78 1 4 22.405 54 7811 1.87458
2 79 1 4 33.8168 54 14481 1.24199
2 79 3 6 12.452 54 7 3.37295
2 80 1 4 17.1931 54 3615 2.44284
2 80 3 6 2.48572 54 7 16.8965
2 82 1 4 29.9246 54 5030 1.40353
2 83 1 4 33.8471 54 20094 1.24087
2 83 2 5 49.9993 54 974 0.840013
2 84 1 4 26.3404 54 5041 1.59451
2 84 3 6 21.595 54 18 1.9449
2 86 1 4 38.7018 54 9675 1.08522
2 86 2 5 22.5735 54 118 1.86059
2 87 1 4 36.767 54 15213 1.14233
2 87 2 5 25.6083 54 1107 1.64009
2 88 1 4 18.3367 54 3968 2.29048
2 88 3 6 22.9888 54 27 1.82698
2 90 1 4 47.2234 54 8618 0.889391
2 90 2 5 40.447 54 239 1.03839
2 91 1 4 40.5051 54 13488 1.03691
2 91 2 5 74.2704 54 1047 0.565501
2 92 1 4 80.7745 54 6403 0.519966
2 92 2 5 21.4337 54 120 1.95953
2 94 1 4 70.3706 54 8642 0.59684
2 95 1 4 50.3933 54 30146 0.833445
2 96 1 4 18.2861 54 6166 2.29683
2 96 3 6 9.83262 54 3 4.2715
2 98 1 4 32.038 54 1864 1.31094
2 99 1 4 50.8686 54 32928 0.825657
2 99 3 6 0.847833 54 2 49.538
2 100 1 4 65.3504 54 4554 0.642689
2 100 3 6 18.5142 54 5 2.26853
2 102 1 4 57.5435 54 7520 0.729883
2 103 1 4 48.8688 54 29963 0.859444
2 103 3 6 34.5471 54 25 1.21573
2 104 1 4 20.5741 54 13466 2.0414
2 104 3 6 34.5 54 60 1.21739
2 106 1 4 77.0568 54 10129 0.545052
2 107 1 4 56.5663 54 28715 0.742492
2 107 3 6 11.5781 54 8 3.62754
2 108 1 4 162.16 54 10069 0.259004
2 108 3 6 0.0990008 54 5 424.239
2 110 1 4 42.8836 54 6215 0.979396
2 110 3 6 1.59403 54 1 26.3483
2 111 1 4 119.819 54 25165 0.350527
2 111 3 6 0.0981492 54 2 427.92
2 112 1 4 106.131 54 4621 0.395737
2 112 3 6 11.4432 54 6 3.6703
2 114 1 4 53.7836 54 17686 0.780908
2 114 2 5 41.3021 54 2112 1.0169
2 115 1 4 67.1967 54 15945 0.625031
2 115 3 6 4.75941 54 2 8.82463
2 116 1 4 18.9314 54 7007 2.21853
2 116 3 6 2.93439 54 1 14.313
2 118 1 4 135.931 54 19854 0.308979
2 118 2 5 150.565 54 2679 0.278949
2 119 1 4 58.827 54 41459 0.713957
2 119 2 5 61.6254 54 5527 0.681538
2 119 3 6 26.1411 54 24 1.60666
2 120 1 4 24.0481 54 17917 1.7465
2 120 2 5 59.2788 54 105 0.708517
2 120 3 6 25.8357 54 41 1.62566
2 122 1 4 84.5015 54 15179 0.497033
2 122 2 5 40.8341 54 2582 1.02855
2 123 1 4 116.759 54 52821 0.359717
2 123 2 5 44.2506 54 6051 0.94914
2 123 3 6 2.11358 54 1 19.8715
2 124 1 4 57.407 54 11162 0.731618
2 124 3 6 1.2806 54 1 32.797
2 126 1 4 76.2402 54 21947 0.550891
2 126 2 5 63.3645 54 2165 0.662832
2 127 1 4 53.397 54 44291 0.786562
2 127 2 5 72.9923 54 7199 0.575403
2 128 1 4 24.6841 54 23050 1.7015
2 128 2 5 25.866 54 421 1.62375
2 130 1 4 87.7024 54 7949 0.478892
2 130 2 5 40.7534 54 742 1.03059
2 131 1 4 102.42 54 35127 0.410077
2 131 2 5 93.7697 54 812 0.447906
2 131 3 6 6.77437 54 11 6.19984
2 132 1 4 55.3573 54 20085 0.758708
2 132 3 6 12.7484 54 7 3.29453
2 134 1 4 97.8258 54 12097 0.429335
2 134 2 5 82.2938 54 3287 0.510367
2 135 1 4 72.2731 54 42867 0.581129
2 135 2 5 55.1869 54 5968 0.76105
2 136 1 4 26.2775 54 28832 1.59833
2 136 2 5 33.4311 54 224 1.25631
2 138 1 4 84.7139 54 1117 0.495787
2 138 2 5 70.7852 54 5721 0.593344
2 139 1 4 92.6248 54 35555 0.453442
2 139 2 5 75.0047 54 7736 0.559965
2 139 3 6 3.3432 54 3 12.5628
2 140 1 4 20.394 54 13854 2.05943
2 140 3 6 12.0773 54 12 3.47761
2 142 1 4 90.1235 54 3483 0.466027
2 142 2 5 28.1945 54 1783 1.48965
2 143 1 4 120.573 54 30624 0.348336
2 143 2 5 36.4167 54 1533 1.15332
2 144 1 4 46.9794 54 11235 0.894008
2 146 1 4 58.1074 54 3611 0.722799
2 146 2 5 33.5362 54 9855 1.25238
2 147 1 4 63.5069 54 31822 0.661345
2 147 2 5 46.3826 54 5176 0.905512
2 148 1 4 29.0212 54 11552 1.44722
2 150 1 4 97.5439 54 1384 0.430575
2 150 2 5 37.2073 54 1940 1.12881
2 151 1 4 32.7659 54 28929 1.28182
2 151 2 5 91.1211 54 2378 0.460925
2 152 1 4 30.8514 54 11518 1.36137
2 154 1 4 33.7672 54 7225 1.24381
2 154 2 5 35.6168 54 101 1.17922
2 155 1 4 73.8981 54 32680 0.56835
2 155 2 5 13.9586 54 399 3.00889
2 156 1 4 35.2846 54 23992 1.19032
2 157 2 6 4.16393 54 2 10.0866
2 158 1 4 43.0593 54 781 0.975398
2 159 1 4 67.3463 54 25078 0.623642
2 159 2 5 85.1031 54 524 0.493519
2 159 3 6 18.9293 54 4 2.21879
2 160 1 4 23.9735 54 19973 1.75194
2 162 1 4 26.8052 54 712 1.56686
2 163 1 4 40.8533 54 29289 1.02807
2 163 3 6 3.59767 54 2 11.6742
2 164 1 4 35.495 54 16654 1.18326
2 164 3 6 8.27521 54 3 5.0754
2 166 1 4 89.585 54 3589 0.468829
2 167 1 4 62.9264 54 31787 0.667446
2 167 3 6 40.1862 54 25 1.04513
2 168 1 4 41.9857 54 11536 1.00034
2 168 3 6 7.6662 54 2 5.4786
2 169 2 6 2.92864 54 5 14.3411
2 170 1 4 101.578 54 2375 0.413476
2 170 2 5 52.2898 54 951 0.803216
2 171 1 4 176.794 54 25077 0.237564
2 171 2 5 98.9724 54 1933 0.424361
2 171 3 6 20.1782 54 17 2.08145
2 172 1 4 82.9488 54 4010 0.506336
2 172 3 6 60.5761 54 57 0.693343
2 173 2 6 7.62044 54 2 5.51149
2 174 1 4 22.6785 54 9212 1.85198
2 174 2 5 14.7434 54 105 2.84874
2 174 3 6 2.41531 54 4 17.3891
2 175 1 4 126.377 54 27674 0.332338
2 175 3 6 26.1631 54 62 1.60531
2 176 1 4 112.237 54 4015 0.374208
2 176 3 6 0.00291096 54 172 14428.2
2 177 2 6 34.1144 54 18 1.23115
2 178 1 4 38.5725 54 7007 1.08886
2 179 1 4 109.938 54 30797 0.382035
2 179 3 6 17.8626 54 34 2.35128
2 180 1 4 52.5305 54 11795 0.799535
2 180 3 6 48.7503 54 108 0.861534
2 182 1 4 70.9787 54 3167 0.591727
2 182 3 6 0.367624 54 1 114.247
2 183 1 4 79.0164 54 30403 0.531535
2 183 3 6 10.0828 54 11 4.16553
2 184 1 4 17.1536 54 5468 2.44846
2 184 3 6 3.85781 54 76 10.887
2 186 1 4 70.4656 54 6616 0.596036
2 187 1 4 49.7384 54 33982 0.844417
2 187 3 6 16.3278 54 8 2.57231
2 188 1 4 25.4064 54 10140 1.65313
2 188 3 6 21.4732 54 12 1.95592
3 1 1 7 33.4978 54 4462 1.25381
3 2 1 7 103.357 54 12381 0.406359
3 3 1 7 90.4967 54 7817 0.464105
3 4 1 7 31.2717 54 2502 1.34307
3 4 2 9 3.46648 54 2 12.116
3 5 1 7 33.6881 54 1239 1.24673
3 6 1 7 66.1702 54 3891 0.634727
3 7 1 7 76.6949 54 4667 0.547625
3 7 2 9 8.29264 54 9 5.06473
3 8 1 7 34.6377 54 1744 1.21255
3 8 3 9 12.6971 54 4 3.30784
3 9 1 7 41.5747 54 1802 1.01023
3 9 2 9 5.39037 54 7 7.79167
3 10 1 7 73.4854 54 4405 0.571542
3 10 3 9 3.94513 54 5 10.646
3 11 1 7 45.9249 54 2573 0.914536
3 12 1 7 10.8897 54 6734 3.85684
3 12 2 9 10.256 54 72 4.09517
3 13 1 7 24.9161 54 1308 1.68566
3 14 1 7 53.5025 54 3073 0.78501
3 15 1 7 35.7962 54 930 1.17331
3 16 1 7 21.813 54 1072 1.92546
3 17 1 7 32.8155 54 944 1.27988
3 18 1 7 45.2412 54 1000 0.928358
3 19 1 7 14.8957 54 514 2.81961
3 20 1 7 10.2132 54 67 4.11234
3 20 3 9 9.81652 54 4 4.2785
3 21 1 7 24.6437 54 66 1.70429
3 22 1 7 27.8978 54 548 1.50549
3 23 1 7 19.928 54 110 2.10759
3 24 1 7 39.1335 54 150 1.07325
3 25 1 7 2.00569 54 10 20.9404
3 26 1 7 13.6477 54 263 3.07744
3 27 1 7 15.4777 54 53 2.71358
3 27 2 9 0.429078 54 1 97.8843
3 28 1 7 10.1978 54 255 4.11855
3 28 2 9 1.76685 54 5 23.7711
3 29 1 7 22.0395 54 3576 1.90567
3 30 1 7 56.2657 54 2229 0.746459
3 31 1 7 39.259 54 1069 1.06982
3 32 1 7 28.2219 54 111 1.48821
3 33 1 7 49.79 54 411 0.843544
3 34 1 7 22.8852 54 100 1.83525
3 35 1 7 7.73813 54 5 5.42767
3 36 1 7 17.242 54 113 2.43591
3 37 1 7 26.4842 54 272 1.58585
3 38 1 7 31.2846 54 888 1.34251
3 39 1 7 27.6227 54 145 1.52049
3 40 1 7 24.3752 54 160 1.72307
3 41 1 7 40.1785 54 183 1.04534
3 42 1 7 17.4346 54 562 2.40901
3 43 1 7 44.0972 54 35 0.952441
3 44 1 7 29.9555 54 331 1.40208
3 45 1 7 35.1 54 405 1.19658
3 46 1 7 21.1028 54 600 1.99026
3 47 1 7 27.0262 54 70 1.55405
3 48 1 7 24.1168 54 191 1.74153
3 48 3 9 0.341889 54 1 122.847
3 49 1 7 57.5552 54 497 0.729735
3 50 1 7 22.8646 54 132 1.8369
3 50 3 9 0.583314 54 3 72.0024
3 51 1 7 11.7349 54 5 3.57906
3 52 1 7 35.0629 54 132 1.19785
3 53 1 7 32.1057 54 205 1.30818
3 54 1 7 44.0721 54 1094 0.952983
3 54 3 9 8.16541 54 2 5.14365
3 55 1 7 29.1488 54 275 1.44088
3 55 3 9 3.32936 54 1 12.615
3 56 1 7 10.2027 54 100 4.11655
3 57 1 7 13.6241 54 188 3.08277
3 58 1 7 84.6575 54 407 0.496116
3 60 1 7 103.789 54 225 0.404669
3 61 1 7 30.6909 54 518 1.36848
3 62 1 7 8.60204 54 128 4.88256
3 63 1 7 19.9871 54 48 2.10136
3 64 1 7 47.3503 54 150 0.887007
3 65 1 7 36.2918 54 223 1.15729
3 66 1 7 35.7434 54 659 1.17504
3 67 1 7 11.9015 54 86 3.52898
3 68 1 7 28.3499 54 154 1.48149
3 69 1 7 19.3249 54 738 2.17337
3 70 1 7 58.1114 54 1502 0.722749
3 71 1 7 11.9306 54 25 3.52036
3 71 3 9 2.85247 54 2 14.7241
3 72 1 7 53.4276 54 364 0.786111
3 72 3 9 10.1286 54 6 4.14666
3 73 1 7 73.2145 54 293 0.573657
3 74 1 7 76.6371 54 422 0.548037
3 74 3 9 13.2039 54 4 3.18089
3 75 1 7 40.4814 54 435 1.03751
3 76 1 7 12.2122 54 160 3.43918
3 77 1 7 15.1453 54 139 2.77314
3 78 1 7 30.4729 54 192 1.37828
3 78 2 8 20.8922 54 72 2.01032
3 78 3 9 2.27339 54 2 18.4746
3 79 1 7 23.3737 54 15 1.79689
3 79 3 9 2.87106 54 1 14.6287
3 80 1 7 50.9098 54 298 0.824989
3 80 3 9 4.28367 54 1 9.80469
3 81 1 7 12.4803 54 92 3.36529
3 81 3 9 22.5272 54 4 1.86441
3 82 1 7 52.8928 54 898 0.794059
3 82 3 9 20.0828 54 11 2.09134
3 83 1 7 9.00482 54 5 4.66417
3 83 3 9 0.869859 54 3 48.2837
3 84 1 7 65.3831 54 175 0.642368
3 84 3 9 2.76069 54 1 15.2136
3 85 1 7 79.5724 54 428 0.527821
3 86 1 7 77.5116 54 720 0.541855
3 86 3 9 28.2809 54 10 1.4851
3 87 1 7 8.25937 54 7 5.08513
3 87 3 9 3.75045 54 1 11.1987
3 88 1 7 46.1204 54 90 0.910659
3 88 3 9 15.5696 54 7 2.69757
3 89 1 7 29.6359 54 659 1.4172
3 90 1 7 32.8114 54 1182 1.28004
3 91 1 7 30.176 54 25 1.39184
3 92 1 7 91.7683 54 304 0.457674
3 92 3 9 11.4514 54 5 3.66768
3 93 1 7 14.0031 54 829 2.99933
3 93 3 9 3.08096 54 1 13.6321
3 94 1 7 35.5594 54 948 1.18112
3 94 2 8 17.3669 54 240 2.41839
3 95 1 7 13.6577 54 15 3.07518
3 95 3 9 0.59573 54 1 70.5018
3 96 1 7 29.1123 54 212 1.44269
3 96 3 9 2.16879 54 1 19.3656
3 97 1 7 34.5383 54 584 1.21604
3 98 1 7 15.2541 54 280 2.75335
3 98 2 8 18.7751 54 145 2.237
3 98 3 9 12.5377 54 4 3.3499
3 99 2 8 75.8174 54 1868 0.553963
3 99 3 9 13.4656 54 10 3.11906
3 100 1 7 50.207 54 97 0.836537
3 100 2 8 23.899 54 3345 1.75739
3 100 3 9 6.32099 54 10 6.64453
3 101 1 7 54.7861 54 413 0.766618
3 102 1 7 17.0289 54 103 2.4664
3 103 1 7 9.22591 54 57 4.5524
3 103 3 9 9.38256 54 2 4.47639
3 104 1 7 21.2238 54 41 1.97891
3 104 3 9 7.07914 54 10 5.93292
3 105 1 7 15.4823 54 30 2.71278
3 106 1 7 14.6841 54 181 2.86024
3 108 1 7 13.4423 54 60 3.12447
3 109 1 7 43.5139 54 56 0.965208
3 110 1 7 5.17048 54 9 8.12303
3 112 1 7 14.5799 54 99 2.88067
3 113 1 7 9.48853 54 99 4.4264
3 114 1 7 53.1449 54 202 0.790293
3 116 1 7 29.6425 54 48 1.41688
3 116 3 9 4.04312 54 1 10.388
3 118 1 7 93.5512 54 5977 0.448952
3 119 1 7 11.1708 54 15 3.75982
3 120 1 7 9.15662 54 6 4.58684
3 121 1 7 27.8209 54 4625 1.50966
3 121 3 9 0.0613389 54 1 684.721
3 122 1 7 45.993 54 4949 0.913183
3 124 1 7 21.8868 54 627 1.91897
3 124 3 9 3.76723e-07 54 4 1.11488e+08
3 125 1 7 34.7217 54 1285 1.20962
3 125 3 9 0.0436437 54 3 962.339
3 126 1 7 60.9682 54 1296 0.688884
3 126 2 8 84.7092 54 780 0.495814
3 128 1 7 52.6133 54 378 0.798277
3 128 3 9 6.30043 54 3 6.66621
3 129 1 7 32.4239 54 3022 1.29534
3 130 1 7 12.0036 54 393 3.49894
3 131 2 8 3.54569 54 282 11.8454
3 132 1 7 21.6857 54 414 1.93676
3 133 1 7 107.041 54 3098 0.392373
3 134 1 7 16.9253 54 525 2.48149
3 135 1 7 7.84057 54 361 5.35675
3 136 1 7 11.0757 54 313 3.7921
3 137 1 7 33.9882 54 1603 1.23572
3 137 3 9 14.0824 54 20 2.98244
3 138 1 7 124.934 54 1447 0.336178
3 138 3 9 10.736 54 4 3.91208
3 139 1 7 26.6294 54 76 1.5772
3 140 1 7 17.4963 54 175 2.40051
3 140 2 8 3.64651 54 139 11.5179
3 140 3 9 14.2789 54 7 2.94139
3 141 1 7 79.6314 54 640 0.52743
3 142 1 7 68.1917 54 272 0.615911
3 143 1 7 12.2217 54 282 3.4365
3 144 1 7 18.2648 54 547 2.2995
3 145 1 7 90.3356 54 2342 0.464933
3 146 1 7 108.646 54 630 0.386578
3 147 1 7 15.9074 54 50 2.64028
3 148 1 7 23.9599 54 948 1.75293
3 149 1 7 54.2493 54 7373 0.774203
3 150 1 7 64.7287 54 5092 0.648862
3 151 1 7 58.1922 54 1842 0.721746
3 152 1 7 31.2165 54 166 1.34544
3 153 1 7 46.9914 54 7284 0.893781
3 154 1 7 35.381 54 2667 1.18708
3 155 1 7 25.9836 54 682 1.61641
3 156 1 7 5.50508 54 243 7.62932
3 157 1 7 57.3469 54 14501 0.732385
3 157 3 9 8.20288 54 7 5.12016
3 158 1 7 16.3006 54 6628 2.57659
3 158 2 8 9.3002 54 8 4.51603
3 159 1 7 12.3382 54 1061 3.40406
3 160 3 9 11.3571 54 53 3.69811
3 161 1 7 32.1692 54 10178 1.3056
3 162 1 7 35.7365 54 2135 1.17527
3 162 2 8 13.5697 54 17 3.09514
3 163 1 7 14.592 54 966 2.8783
3 164 1 7 25.2228 54 1132 1.66516
3 164 2 8 1.91174 54 28 21.9695
3 165 1 7 7.60241 54 10834 5.52457
3 166 1 7 104.47 54 2765 0.402028
3 166 2 8 22.7019 54 35 1.85007
3 166 3 9 16.2896 54 4 2.57834
3 168 1 7 25.6812 54 502 1.63544
3 169 1 7 12.7121 54 4864 3.30393
3 169 2 8 25.4548 54 58 1.64999
3 169 3 9 20.8586 54 10 2.01356
3 170 1 7 51.7922 54 5051 0.810934
3 170 2 8 14.0378 54 245 2.99192
3 171 3 9 39.116 54 28 1.07373
3 172 1 7 36.1084 54 620 1.16316
3 172 3 9 21.8951 54 15 1.91824
3 173 1 7 10.4268 54 9440 4.02807
3 173 3 9 19.3044 54 123 2.17567
3 174 1 7 46.3991 54 3587 0.905189
3 174 2 8 10.6086 54 199 3.95906
3 174 3 9 12.1514 54 144 3.4564
3 175 3 9 6.11549 54 7 6.8678
3 176 1 7 9.20701 54 610 4.56174
3 176 3 9 1.66921 54 1 25.1616
3 177 1 7 21.6881 54 5029 1.93655
3 177 3 9 37.124 54 63 1.13134
3 178 1 7 51.36 54 711 0.817756
3 178 2 8 20.9357 54 169 2.00614
3 179 2 8 2.31679 54 104 18.1285
3 179 3 9 13.0737 54 9 3.21254
3 180 1 7 19.4069 54 473 2.16418
3 180 3 9 54.9209 54 37 0.764736
3 181 1 7 26.8796 54 2341 1.56252
3 181 2 8 34.6489 54 38 1.21216
3 181 3 9 23.8009 54 54 1.76464
3 182 1 7 16.5398 54 1273 2.53932
3 182 2 8 16.2327 54 97 2.58736
3 182 3 9 17.949 54 9 2.33996
3 183 2 8 6.63975 54 40 6.32554
3 183 3 9 1.67632 54 7 25.0549
3 184 1 7 22.9838 54 914 1.82738
3 184 2 8 27.0392 54 20 1.5533
3 185 3 9 15.0386 54 8 2.79282
3 186 2 8 14.4725 54 30 2.90206
3 187 3 9 4.30879 54 2 9.74752
3 188 3 9 18.158 54 6 2.31303
4 1 1 22 24.561 54 579 1.71003
4 1 2 23 96.8391 54 195 0.433709
4 2 1 22 21.7782 54 540 1.92854
4 2 2 23 39.9969 54 145 1.05008
4 3 1 22 15.273 54 514 2.74996
4 3 2 23 65.9553 54 56 0.636795
4 4 2 23 41.9892 54 83 1.00026
4 5 2 23 172.34 54 267 0.243705
4 6 2 23 48.6214 54 283 0.863818
4 7 1 22 52.331 54 3002 0.802583
4 7 2 23 11.9843 54 90 3.50458
4 8 1 22 2.15695 54 234 19.4719
4 8 2 23 153.119 54 936 0.274297
4 9 2 23 56.8309 54 433 0.739034
4 10 1 22 4.94047 54 68 8.50122
4 10 2 23 73.4368 54 253 0.57192
4 11 1 22 33.7426 54 618 1.24472
4 11 2 23 2.60192e-05 54 73 1.6142e+06
4 12 2 23 16.5364 54 370 2.53985
4 13 2 23 97.8557 54 410 0.429203
4 14 1 22 17.9607 54 81 2.33844
4 14 2 23 20.9253 54 271 2.00714
4 15 1 22 59.0463 54 728 0.711306
4 15 2 23 34.2277 54 165 1.22708
4 16 2 23 93.1299 54 463 0.450983
4 17 1 22 15.8481 54 40 2.65016
4 17 2 23 108.454 54 637 0.387262
4 18 2 23 113.937 54 920 0.368624
4 19 1 22 44.4915 54 172 0.944001
4 19 2 23 49.1986 54 54 0.853683
4 20 2 23 51.6391 54 20 0.813337
4 21 2 23 65.5895 54 44 0.640346
4 22 1 22 25.8186 54 20 1.62674
4 22 2 23 99.5127 54 365 0.422057
4 23 1 22 15.982 54 29 2.62796
4 23 2 23 16.3376 54 29 2.57075
4 24 2 23 37.9928 54 65 1.10547
4 25 2 23 81.4165 54 416 0.515866
4 26 1 22 48.0011 54 1785 0.87498
4 26 2 23 135.516 54 870 0.309925
4 27 1 22 18.1632 54 29 2.31237
4 27 2 23 36.7001 54 227 1.14441
4 28 1 22 5.90988 54 15 7.10675
4 28 2 23 40.7039 54 31 1.03184
4 29 1 22 14.7373 54 338 2.84991
4 29 2 23 13.0966 54 105 3.20693
4 30 1 22 40.1827 54 1011 1.04523
4 30 2 23 96.4645 54 520 0.435393
4 31 2 23 42.2364 54 44 0.994402
4 32 1 22 7.08003 54 230 5.93218
4 32 2 23 65.1223 54 130 0.644941
4 33 2 23 149.124 54 325 0.281645
4 34 2 23 154.369 54 236 0.272075
4 35 2 23 32.1082 54 30 1.30808
4 36 2 23 24.2787 54 90 1.72991
4 37 1 22 16.3448 54 5 2.56963
4 37 2 23 23.0195 54 355 1.82454
4 38 2 23 121.552 54 440 0.34553
4 39 1 22 46.7967 54 70 0.8975
4 39 2 23 35.0976 54 145 1.19666
4 40 2 23 26.7108 54 113 1.5724
4 41 1 22 24.7285 54 45 1.69844
4 41 2 23 69.7295 54 320 0.602328
4 42 1 22 6.11709 54 6 6.86601
4 42 2 23 44.1417 54 165 0.951481
4 43 1 22 37.0677 54 54 1.13306
4 43 2 23 21.2559 54 5 1.97592
4 44 2 23 19.1105 54 27 2.19774
4 45 1 22 33.7451 54 221 1.24463
4 45 2 23 104.362 54 90 0.402444
4 46 1 22 4.31394 54 94 9.73587
4 46 2 23 42.5342 54 227 0.987441
4 47 1 22 6.79968 54 16 6.17677
4 47 2 23 36.9109 54 114 1.13787
4 48 2 23 60.6471 54 87 0.692531
4 49 1 22 44.6292 54 343 0.941088
4 49 2 23 45.0988 54 113 0.931288
4 50 1 22 37.9894 54 148 1.10557
4 50 2 23 12.1612 54 222 3.4536
4 51 2 23 58.8023 54 81 0.714257
4 52 1 22 5.3195 54 25 7.89547
4 52 2 23 34.0152 54 52 1.23474
4 53 1 22 9.33413 54 96 4.49962
4 53 2 23 52.9031 54 67 0.793904
4 54 1 22 38.7319 54 1023 1.08438
4 54 2 23 0.00161918 54 288 25939
4 55 1 22 17.583 54 631 2.38867
4 55 2 23 39.7799 54 76 1.05581
4 56 1 22 76.2505 54 203 0.550816
4 56 2 23 91.9871 54 50 0.456586
4 57 1 22 8.61495 54 35 4.87524
4 57 2 23 50.9553 54 448 0.824252
4 58 2 23 91.6215 54 358 0.458408
4 59 1 22 7.84028 54 13 5.35695
4 59 2 23 92.1598 54 132 0.45573
4 60 1 22 5.53621 54 11 7.58641
4 60 2 23 15.6481 54 15 2.68403
4 61 1 22 78.7429 54 108 0.533381
4 61 2 23 58.3151 54 18 0.720225
4 62 1 22 5.09898 54 25 8.23695
4 62 2 23 51.7414 54 95 0.811729
4 63 1 22 31.1776 54 70 1.34712
4 63 2 23 23.4334 54 21 1.79231
4 64 2 23 11.4622 54 34 3.66423
4 65 1 22 9.55145 54 115 4.39724
4 65 2 23 108.055 54 44 0.388692
4 66 1 22 23.7102 54 57 1.77139
4 66 2 23 56.8874 54 580 0.7383
4 67 2 23 55.5378 54 52 0.756242
4 68 1 22 2.01435 54 9 20.8504
4 68 2 23 47.5261 54 85 0.883725
4 69 1 22 13.627 54 47 3.08211
4 69 2 23 56.8432 54 252 0.738875
4 70 1 22 24.1314 54 102 1.74047
4 70 2 23 38.9081 54 388 1.07947
4 71 2 23 25.6736 54 31 1.63592
4 72 1 22 8.20644 54 79 5.11793
4 72 2 23 30.2965 54 69 1.3863
4 73 1 22 0.90792 54 24 46.2596
4 73 2 23 49.6412 54 27 0.846071
4 74 1 22 38.2829 54 248 1.0971
4 74 2 23 18.0735 54 33 2.32384
4 75 1 22 4.07755 54 75 10.3003
4 75 2 23 4.81385 54 11 8.72482
4 76 1 22 14.395 54 23 2.91768
4 76 2 23 63.7832 54 111 0.658481
4 77 1 22 15.8915 54 104 2.64293
4 77 2 23 236.336 54 765 0.177713
4 78 1 22 70.2236 54 83 0.59809
4 78 2 23 38.9949 54 346 1.07706
4 79 2 23 44.279 54 36 0.948532
4 80 1 22 56.4903 54 70 0.74349
4 80 2 23 43.5731 54 43 0.963897
4 81 2 23 0.000346734 54 159 121130
4 82 1 22 24.0499 54 1034 1.74637
4 82 2 23 68.9709 54 161 0.608952
4 83 2 23 0.574553 54 31 73.1003
4 84 1 22 14.5 54 25 2.89655
4 84 2 23 82.3533 54 123 0.509998
4 85 1 22 6.04058 54 20 6.95298
4 85 2 23 58.8484 54 2165 0.713698
4 86 1 22 11.8084 54 68 3.55678
4 86 2 23 56.6426 54 272 0.741491
4 87 2 23 0.421709 54 17 99.5948
4 88 1 22 19.8734 54 171 2.11338
4 88 2 23 90.8041 54 72 0.462534
4 89 1 22 38.8312 54 110 1.08161
4 89 2 23 187.525 54 437 0.22397
4 90 1 22 22.8937 54 120 1.83456
4 90 2 23 50.4536 54 175 0.832448
4 91 2 23 30.8578 54 18 1.36108
4 92 1 22 15.5603 54 45 2.69918
4 92 2 23 87.1788 54 810 0.481769
4 93 1 22 5.05081 54 6 8.3155
4 93 2 23 71.9031 54 3510 0.584119
4 94 1 22 85.5272 54 215 0.491072
4 94 2 23 20.0485 54 125 2.09492
4 95 2 23 14.9863 54 12 2.80256
4 96 1 22 34.971 54 218 1.20099
4 96 2 23 1.82988e-05 54 32 2.29523e+06
4 97 1 22 22.2788 54 25 1.8852
4 97 2 23 51.926 54 178 0.808843
4 98 1 22 13.4388 54 145 3.12529
4 98 2 23 27.3016 54 176 1.53837
4 99 2 23 23.0161 54 8 1.82481
4 100 1 22 22.8965 54 229 1.83435
4 100 2 23 45.6122 54 44 0.920806
4 101 1 22 3.3899 54 47 12.3897
4 101 2 23 97.3856 54 295 0.431275
4 102 1 22 28.016 54 45 1.49914
4 102 2 23 69.3844 54 233 0.605323
4 103 2 23 24.3513 54 19 1.72475
4 104 1 22 57.1469 54 275 0.734948
4 104 2 23 66.4947 54 40 0.63163
4 105 1 22 25.3562 54 1018 1.6564
4 105 2 23 86.3426 54 103 0.486434
4 106 1 22 8.08372 54 14 5.19563
4 106 2 23 41.556 54 204 1.01068
4 107 2 23 14.7264 54 4 2.85202
4 108 1 22 16.3425 54 491 2.56999
4 108 2 23 52.6443 54 29 0.797807
4 109 1 22 66.7631 54 6476 0.62909
4 109 2 23 94.7483 54 378 0.44328
4 110 1 22 6.30293 54 105 6.66356
4 110 2 23 26.9427 54 400 1.55886
4 111 1 23 4.66421 54 1 9.00475
4 112 1 22 21.8486 54 277 1.92232
4 112 2 23 17.015 54 18 2.46841
4 113 1 22 24.9553 54 3674 1.68301
4 113 2 23 44.4237 54 190 0.945441
4 114 2 23 49.6394 54 73 0.846102
4 115 2 23 12.9299 54 5 3.24827
4 116 1 22 17.3658 54 358 2.41854
4 116 2 23 5.09941e-05 54 56 823625
4 117 2 23 214.069 54 1052 0.196198
4 118 1 22 24.2883 54 3470 1.72923
4 118 2 23 65.4471 54 560 0.64174
4 119 2 23 3.87756 54 2 10.8316
4 120 1 22 22.2804 54 1194 1.88506
4 120 2 23 89.8239 54 58 0.467582
4 121 1 22 22.0695 54 1283 1.90308
4 121 2 23 235.386 54 146 0.17843
4 122 1 22 13.7902 54 3907 3.04565
4 122 2 23 28.9259 54 33 1.45198
4 123 2 23 0.487541 54 17 86.1465
4 124 1 22 35.0458 54 415 1.19843
4 124 2 23 64.5737 54 113 0.65042
4 125 1 22 75.8407 54 1400 0.553792
4 125 2 23 119.836 54 3577 0.35048
4 126 1 22 32.4328 54 2466 1.29498
4 126 2 23 36.062 54 67 1.16466
4 127 1 23 2.95137 54 14 14.2307
4 128 1 22 10.0165 54 234 4.19308
4 128 2 23 40.8 54 36 1.02941
4 129 1 22 15.9114 54 176 2.63962
4 129 2 23 1.07927 54 27 38.9151
4 130 1 22 15.1136 54 104 2.77896
4 130 2 23 75.2321 54 257 0.558273
4 131 2 23 10.4182 54 9 4.03139
4 132 1 22 5.4386 54 250 7.72257
4 132 2 23 57.8825 54 44 0.725607
4 133 2 23 82.0862 54 436 0.511657
4 134 1 22 18.6038 54 149 2.25761
4 134 2 23 2.14364 54 18 19.5928
4 136 1 22 28.0007 54 275 1.49996
4 137 2 23 81.7301 54 98 0.513886
4 138 2 23 10.6089 54 89 3.95895
4 139 2 23 1.98153e-07 54 7 2.11957e+08
4 140 1 22 10.7858 54 183 3.89402
4 140 2 23 90.4982 54 22 0.464098
4 141 1 22 33.7006 54 720 1.24627
4 142 1 22 58.3924 54 329 0.719272
4 144 1 22 84.4811 54 399 0.497153
4 145 1 22 50.246 54 541 0.835888
4 146 1 22 8.92246 54 84 4.70722
4 148 1 22 5.69703 54 150 7.37227
4 152 1 22 9.48936 54 17 4.42601
4 153 1 22 23.4635 54 400 1.79001
4 156 1 22 29.4692 54 330 1.42522
4 157 2 23 100.528 54 187 0.417795
4 158 1 22 13.1979 54 208 3.18234
4 158 2 23 87.6521 54 22 0.479167
4 159 1 22 23.909 54 189 1.75666
4 159 2 23 6.4341 54 5 6.52771
4 160 1 22 14.4958 54 629 2.8974
4 160 2 23 31.4829 54 10 1.33406
4 161 2 23 12.5019 54 118 3.35948
4 162 2 23 13.1597 54 70 3.19157
4 163 1 22 24.0395 54 175 1.74712
4 163 2 23 17.126 54 3 2.45241
4 164 2 23 84.4455 54 586 0.497362
4 165 2 23 55.365 54 266 0.758602
4 166 2 23 26.7795 54 161 1.56837
4 167 2 23 6.32103 54 7 6.64448
4 168 2 23 3.08103 54 24 13.6318
4 169 2 23 79.0359 54 96 0.531404
4 170 2 23 96.8066 54 36 0.433855
4 171 2 23 18.8838 54 41 2.22413
4 172 2 23 21.9683 54 16 1.91184
4 173 1 22 6.6899 54 1394 6.27812
4 173 2 23 114.131 54 251 0.367997
4 174 2 23 88.2336 54 89 0.476009
4 175 2 23 7.60394 54 2 5.52346
4 176 1 22 9.02303 54 50 4.65476
4 176 2 23 43.3467 54 59 0.968932
4 177 1 22 10.1246 54 523 4.1483
4 177 2 23 17.6848 54 70 2.37492
4 178 1 22 32.1877 54 1018 1.30485
4 178 2 23 7.82265e-05 54 134 536902
4 179 2 23 40.6688 54 48 1.03273
4 180 1 22 35.1445 54 200 1.19507
4 180 2 23 1.23502 54 60 34.0075
4 181 1 22 24.6205 54 827 1.7059
4 181 2 23 50.5319 54 76 0.831158
4 182 2 23 78.6031 54 45 0.53433
4 183 2 23 207.16 54 1136 0.202742
4 184 1 22 28.212 54 291 1.48873
4 184 2 23 0.000219168 54 190 191634
4 185 2 23 111.028 54 267 0.378282
4 186 2 23 0.000226084 54 79 185771
4 187 2 23 7.06318 54 20 5.94633
5 2 5 17 7.67141 54 7 5.47487
5 3 5 17 10.9194 54 3 3.84637
5 5 7 17 11.8368 54 5 3.54826
5 6 5 17 17.9272 54 11 2.3428
5 7 5 17 23.3968 54 34 1.79511
5 8 7 17 12.8963 54 23 3.25675
5 9 7 17 0.000131001 54 104 320608
5 10 5 17 14.5841 54 39 2.87985
5 11 6 17 11.2721 54 11 3.726
5 12 7 17 17.6297 54 108 2.38234
5 13 7 17 4.98238 54 19 8.4297
5 14 7 17 2.04352 54 117 20.5528
5 15 7 17 4.20902 54 5 9.97858
5 16 7 17 20.9426 54 45 2.00548
5 17 7 17 28.6486 54 80 1.46604
5 20 7 17 8.59355 54 19 4.88739
5 21 7 17 2.33128 54 1 18.0158
5 23 7 17 4.66734 54 4 8.99871
5 27 7 17 3.0907 54 11 13.5892
5 28 7 17 3.14569 54 9 13.3516
5 29 7 17 0.321822 54 1 130.507
5 33 1 10 10.8233 54 126 3.88053
5 33 3 12 25.9512 54 3957 1.61842
5 34 1 10 4.53155 54 7 9.26834
5 34 3 12 16.072 54 3375 2.61324
5 35 1 10 2.75734 54 25 15.2321
5 35 3 12 18.4343 54 3445 2.27837
5 36 1 10 8.94126 54 175 4.69733
5 36 3 12 26.3574 54 2391 1.59348
5 37 1 10 6.7653 54 154 6.20815
5 37 3 12 19.9699 54 2556 2.10317
5 38 1 10 7.84599 54 189 5.35305
5 38 3 12 21.0495 54 3614 1.9953
5 39 1 10 11.7613 54 100 3.57103
5 39 3 12 27.5602 54 2543 1.52394
5 40 1 10 7.81125 54 95 5.37686
5 40 3 12 43.296 54 1540 0.970066
5 41 1 10 66.8146 54 235 0.628605
5 41 3 12 44.0766 54 1312 0.952886
5 42 1 10 20.5133 54 411 2.04745
5 42 3 12 115.094 54 2347 0.364919
5 43 1 10 25.1554 54 1102 1.66962
5 43 3 12 158.842 54 1728 0.264414
5 44 1 10 47.0656 54 947 0.892371
5 44 3 12 57.4649 54 3435 0.73088
5 44 6 17 8.51131 54 3 4.93461
5 45 1 10 16.223 54 724 2.58892
5 45 3 12 39.9178 54 2759 1.05216
5 46 1 10 22.4377 54 362 1.87185
5 46 3 12 63.1128 54 3902 0.665475
5 47 1 10 23.7357 54 162 1.76948
5 47 3 12 110.922 54 2286 0.378646
5 48 1 10 32.0516 54 617 1.31039
5 48 3 12 28.6539 54 1635 1.46577
5 49 1 10 48.8365 54 1413 0.860013
5 49 3 12 52.5052 54 2152 0.799921
5 50 1 10 59.1749 54 658 0.709761
5 50 3 12 79.2154 54 1459 0.5302
5 51 1 10 26.6803 54 1034 1.5742
5 51 3 12 46.6749 54 1032 0.899842
5 52 1 10 28.2515 54 1493 1.48665
5 52 3 12 57.8559 54 1075 0.725941
5 53 1 10 17.4399 54 1218 2.40827
5 53 3 12 33.1118 54 1263 1.26843
5 53 4 13 33.0663 54 1426 1.27018
5 54 1 10 41.581 54 839 1.01008
5 54 2 11 27.7472 54 2040 1.51367
5 54 3 12 56.2558 54 1046 0.74659
5 54 4 13 29.7438 54 738 1.41206
5 55 1 10 43.0801 54 834 0.974929
5 55 2 11 79.6694 54 3208 0.527179
5 55 3 12 74.7947 54 377 0.561537
5 55 4 13 21.7395 54 2659 1.93197
5 56 1 10 34.4111 54 862 1.22054
5 56 2 11 25.0527 54 4235 1.67646
5 56 3 12 25.276 54 515 1.66165
5 56 4 13 19.3295 54 2555 2.17285
5 57 1 10 11.5163 54 4 3.64701
5 57 4 13 5.02826 54 3677 8.35279
5 58 1 10 26.2727 54 815 1.59862
5 58 3 12 13.4306 54 1890 3.12718
5 58 4 13 28.4051 54 9215 1.47861
5 59 1 10 70.5422 54 810 0.595388
5 59 3 12 25.588 54 1561 1.64139
5 59 4 13 40.7448 54 16489 1.03081
5 60 1 10 81.3136 54 1260 0.516519
5 60 3 12 21.3809 54 2826 1.96437
5 60 4 13 31.7101 54 12907 1.3245
5 61 1 10 55.3265 54 877 0.75913
5 61 3 12 19.0504 54 5114 2.20468
5 61 4 13 22.5449 54 13467 1.86295
5 62 1 10 56.8305 54 1116 0.73904
5 62 2 11 197.113 54 3511 0.213076
5 62 3 12 62.7131 54 884 0.669716
5 62 4 13 19.097 54 19680 2.1993
5 63 1 10 32.7284 54 1310 1.28329
5 63 2 11 130.1 54 4056 0.322828
5 63 3 12 34.4368 54 651 1.21963
5 63 4 13 63.2412 54 16499 0.664124
5 64 1 10 48.0273 54 1700 0.874503
5 64 2 11 76.5895 54 3816 0.548378
5 64 3 12 37.545 54 467 1.11866
5 64 4 13 45.1063 54 21384 0.931133
5 66 6 15 8.58376 54 161 4.89296
5 67 5 14 26.14 54 408 1.60673
5 67 6 15 9.60257 54 96 4.37383
5 70 5 14 7.58023 54 111 5.54073
5 71 6 15 21.349 54 84 1.96731
5 73 4 13 13.6554 54 258 3.07571
5 74 4 13 8.39196 54 619 5.00479
5 75 4 13 3.04426 54 1291 13.7964
5 76 4 13 0.790009 54 1236 53.1639
5 78 5 14 75.9758 54 773 0.552808
5 78 6 15 121.822 54 1152 0.344764
5 79 4 13 9.31709 54 755 4.50785
5 80 4 13 3.04795 54 345 13.7797
5 82 3 12 5.96031 54 103 7.04661
5 85 1 10 82.2132 54 14963 0.510867
5 85 3 12 96.9783 54 11961 0.433087
5 86 1 10 52.6818 54 16437 0.797239
5 86 3 12 153.251 54 9969 0.274061
5 87 1 10 62.6954 54 16367 0.669905
5 87 3 12 54.4966 54 10233 0.77069
5 88 1 10 97.6705 54 13579 0.430017
5 88 3 12 280.676 54 7450 0.149639
5 89 1 10 48.1156 54 16615 0.872898
5 89 3 12 66 54 9794 0.636364
5 90 1 10 103.177 54 16805 0.407066
5 90 3 12 65.6863 54 8121 0.639402
5 91 1 10 131.126 54 13262 0.320303
5 91 3 12 114.207 54 7580 0.367753
5 92 1 10 46.8894 54 10947 0.895726
5 92 3 12 82.8024 54 7253 0.507232
5 94 5 14 10.7205 54 46.9155 3.91771
5 99 5 14 92.595 54 905.681 0.453588
5 99 6 15 64.8581 54 500.874 0.647567
5 100 5 14 17.4616 54 441.75 2.40528
5 101 1 10 22.2551 54 1341 1.88721
5 101 3 12 55.5709 54 3829 0.755792
5 101 5 14 14.9118 54 61.4007 2.81656
5 101 6 15 37.211 54 40.0001 1.1287
5 102 1 10 35.1254 54 1792 1.19572
5 102 3 12 118.21 54 4948 0.355299
5 103 1 10 11.65 54 2598 3.60517
5 103 3 12 94.3562 54 4751 0.445122
5 104 1 10 14.8807 54 759 2.82245
5 104 3 12 40.906 54 664 1.02674
5 105 1 10 4.97093 54 219 8.44912
5 105 3 12 42.0467 54 1266 0.998889
5 106 1 10 45.2403 54 982 0.928376
5 106 3 12 113.646 54 3552 0.369569
5 107 1 10 29.0072 54 2359 1.44792
5 107 3 12 132.826 54 6106 0.316204
5 108 1 10 19.2747 54 39 2.17902
5 108 3 12 29.4959 54 2329 1.42393
5 109 1 10 78.9466 54 532 0.532005
5 109 3 12 57.1153 54 3491 0.735354
5 109 5 14 4.94801 54 87.9746 8.48827
5 109 6 15 14.297 54 180 2.93767
5 110 1 10 52.0038 54 132 0.807633
5 110 3 12 38.0948 54 3037 1.10251
5 110 6 15 24.4012 54 336.926 1.72122
5 110 7 17 6.34831e-08 54 1 6.61593e+08
5 111 1 10 22.892 54 53 1.8347
5 111 3 12 42.2324 54 137 0.994497
5 112 1 10 0.316209 54 64 132.823
5 112 3 12 2.55681 54 128 16.4267
5 113 1 10 38.9847 54 674 1.07735
5 113 3 12 94.1673 54 2935 0.446014
5 114 1 10 21.707 54 574 1.93486
5 114 3 12 155.537 54 3780 0.270033
5 114 5 14 17.4855 54 34 2.40199
5 115 1 10 28.6795 54 858 1.46446
5 115 3 12 42.3741 54 4460 0.991172
5 116 1 10 34.2922 54 468 1.22477
5 116 3 12 69.5291 54 3401 0.604064
5 117 1 10 36.3351 54 575 1.15591
5 117 3 12 34.847 54 4648 1.20527
5 118 1 10 43.7611 54 302 0.959757
5 118 3 12 64.6115 54 6853 0.650039
5 119 1 10 16.0903 54 505 2.61027
5 119 3 12 132.424 54 5094 0.317163
5 120 1 10 8.74056 54 438 4.80518
5 120 3 12 102.229 54 2824 0.410841
5 121 1 10 7.59488 54 340 5.53004
5 121 3 12 66.126 54 3576 0.635151
5 122 1 10 10.5637 54 268 3.97588
5 122 3 12 68.737 54 5519 0.611025
5 123 1 10 14.8205 54 256 2.83392
5 123 3 12 14.1789 54 2935 2.96215
5 124 1 10 31.7362 54 345 1.32341
5 124 3 12 37.2458 54 273 1.12764
5 125 1 10 28.9455 54 203 1.451
5 125 3 12 11.6473 54 1210 3.60598
5 126 1 10 54.0558 54 419 0.776974
5 126 3 12 39.0474 54 2806 1.07562
5 126 5 14 26.5092 54 163.608 1.58436
5 126 6 15 99.3867 54 937.36 0.422592
5 127 1 10 58.0611 54 182 0.723375
5 127 3 12 58.9366 54 2378 0.712631
5 127 6 15 78.5091 54 365 0.53497
5 128 1 10 25.8167 54 85 1.62685
5 128 3 12 71.8357 54 5386 0.584667
5 129 1 10 0.509504 54 105 82.4331
5 129 3 12 86.7433 54 2872 0.484187
5 130 1 10 9.5001 54 5 4.421
5 130 3 12 99.4611 54 905 0.422276
5 131 3 12 55.5241 54 1011 0.756428
5 131 5 14 39.443 54 868.264 1.06483
5 132 1 10 9.14518 54 4 4.59258
5 132 3 12 21.1127 54 1148 1.98933
5 133 1 10 97.0839 54 1890 0.432616
5 133 3 12 42.3169 54 5602 0.992511
5 134 1 10 72.2314 54 896 0.581465
5 134 3 12 79.6743 54 6326 0.527146
5 134 5 14 20.4923 54 320.219 2.04955
5 135 1 10 41.6691 54 1290 1.00794
5 135 3 12 162.227 54 7658 0.258896
5 136 1 10 42.075 54 1324 0.998218
5 136 3 12 48.3246 54 3929 0.869122
5 136 5 14 40.0977 54 49.5678 1.04744
5 136 8 17 6.48341 54 3 6.47807
5 137 1 10 43.1011 54 1465 0.974453
5 137 3 12 141.416 54 3520 0.296995
5 137 5 14 24.9896 54 68.2079 1.6807
5 137 8 17 2.76012 54 1 15.2167
5 138 1 10 77.593 54 1128 0.541286
5 138 3 12 57.1063 54 6594 0.73547
5 138 5 14 19.0975 54 539.127 2.19925
5 138 6 15 10.8176 54 73.0001 3.88255
5 139 1 10 30.9323 54 1301 1.3578
5 139 3 12 141.414 54 9029 0.297001
5 140 1 10 115.087 54 1736 0.36494
5 140 3 12 68.4806 54 6788 0.613313
5 141 1 10 74.4583 54 1326 0.564074
5 141 3 12 53.4957 54 5030 0.78511
5 142 1 10 20.2321 54 1041 2.07591
5 142 3 12 141.99 54 6059 0.295795
5 142 6 15 22.3046 54 30 1.88302
5 143 1 10 75.2815 54 988 0.557906
5 143 3 12 64.2537 54 6914 0.653658
5 144 1 10 113.483 54 1290 0.370101
5 144 3 12 45.2948 54 4145 0.92726
5 144 8 17 0.207669 54 1 202.245
5 145 1 10 57.1837 54 1322 0.734475
5 145 3 12 58.572 54 4153 0.717066
5 145 8 17 2.62044 54 1 16.0279
5 146 1 10 60.6255 54 890 0.692778
5 146 3 12 66.668 54 6133 0.629987
5 147 1 10 28.3684 54 999 1.48052
5 147 3 12 74.9835 54 6221 0.560123
5 148 1 10 63.2934 54 1010 0.663577
5 148 3 12 57.8179 54 6611 0.726418
5 149 1 10 68.3684 54 2559 0.614319
5 149 3 12 35.432 54 4645 1.18537
5 150 1 10 159.712 54 1636 0.262974
5 150 3 12 82.2555 54 5894 0.510604
5 151 1 10 64.6515 54 1911 0.649637
5 151 3 12 72.761 54 1709 0.577232
5 152 1 10 57.6418 54 4312 0.728638
5 152 3 12 31.1359 54 3296 1.34892
5 153 1 10 22.9486 54 2421 1.83018
5 153 2 11 53.4662 54 975 0.785543
5 153 3 12 28.9471 54 2524 1.45092
5 153 4 13 27.1545 54 5606 1.5467
5 153 5 15 129.731 54 62.4888 0.323748
5 153 6 16 2.11667 54 3 19.8424
5 154 1 10 83.8496 54 2489 0.500897
5 154 2 11 62.6233 54 293 0.670677
5 154 3 12 21.0808 54 21104 1.99233
5 154 4 13 46.2264 54 1851 0.908572
5 154 5 14 36.7799 54 1053.48 1.14193
5 155 1 10 56.3596 54 3306 0.745215
5 155 3 12 46.6696 54 31032 0.899944
5 155 4 13 109.275 54 8295 0.38435
5 156 1 10 84.2856 54 3691 0.498305
5 156 2 11 92.4801 54 268 0.454152
5 156 3 12 63.5102 54 34152 0.661311
5 156 4 13 233.595 54 8919 0.179798
5 156 5 14 10.1332 54 85.652 4.1448
5 157 1 10 120.167 54 3345 0.349514
5 157 2 11 56.2196 54 2866 0.74707
5 157 3 12 83.538 54 22897 0.502765
5 157 4 13 55.0463 54 2502 0.762993
5 158 1 10 113.719 54 4866 0.369333
5 158 2 11 143.546 54 1545 0.29259
5 158 3 12 47.492 54 37681 0.88436
5 158 4 13 71.7013 54 1621 0.585764
5 159 1 10 72.7912 54 3866 0.576993
5 159 2 11 80.3813 54 1582 0.52251
5 159 3 12 41.3955 54 32308 1.0146
5 159 4 13 25.314 54 919 1.65916
5 159 7 16 94.0993 54 2799 0.446337
5 160 1 10 55.7145 54 7075 0.753843
5 160 2 11 43.6949 54 5331 0.961212
5 160 3 12 77.2514 54 20662 0.543679
5 160 4 13 33.5803 54 4080 1.25073
5 160 6 16 60.2081 54 4812 0.697581
5 161 1 10 52.0647 54 5141 0.806689
5 161 2 11 49.4631 54 1917 0.849117
5 161 3 12 53.1608 54 12789 0.790055
5 161 4 13 174.574 54 5219 0.240586
5 161 7 16 52.066 54 6269 0.806669
5 161 8 17 9.3279 54 31 4.50262
5 162 1 10 104.463 54 6541 0.402057
5 162 2 11 36.6698 54 558 1.14536
5 162 3 12 40.6101 54 18112 1.03423
5 162 4 13 29.9027 54 186 1.40456
5 162 5 14 55.3882 54 591.123 0.758284
5 162 7 16 182.95 54 9903 0.22957
5 162 8 17 2.41122 54 1 17.4186
5 163 1 10 44.0477 54 12605 0.953511
5 163 2 11 71.5773 54 957 0.586779
5 163 3 12 58.1077 54 20045 0.722796
5 163 4 13 138.018 54 5901 0.304309
5 163 5 15 33.8438 54 154.059 1.241
5 163 6 16 96.796 54 10147 0.433902
5 164 1 10 33.2712 54 7879 1.26235
5 164 2 11 192.638 54 2298 0.218026
5 164 3 12 76.5758 54 35381 0.548476
5 164 4 13 138.706 54 1232 0.3028
5 164 5 14 14.9995 54 519.267 2.8001
5 164 7 16 215.642 54 10422 0.194767
5 165 1 10 19.4886 54 15651 2.15511
5 165 2 11 79.8826 54 2755 0.525772
5 165 3 12 47.2916 54 61525 0.888106
5 165 4 13 155.945 54 2961 0.269325
5 165 5 15 38.8739 54 39.9999 1.08042
5 165 6 16 179.141 54 9995 0.234453
5 166 1 10 36.6654 54 14364 1.1455
5 166 2 11 99.9508 54 1466 0.420207
5 166 3 12 55.4984 54 76078 0.756779
5 166 4 13 158.867 54 4054 0.264372
5 166 5 14 30.9002 54 1638.07 1.35922
5 166 6 15 65.2662 54 511 0.643519
5 166 7 16 132.002 54 11227 0.318177
5 166 8 17 14.4439 54 6 2.9078
5 167 1 10 31.9847 54 9812 1.31313
5 167 2 11 109.387 54 1039 0.383959
5 167 3 12 103.988 54 32022 0.403892
5 167 4 13 138.581 54 5964 0.303073
5 167 5 15 13.9013 54 139.238 3.0213
5 167 6 16 125.595 54 10684 0.334408
5 167 7 17 9.21516 54 13 4.55771
5 168 1 10 20.5049 54 11604 2.04829
5 168 2 11 64.3538 54 1254 0.652642
5 168 3 12 98.3048 54 93684 0.427242
5 168 4 13 59.2359 54 116 0.709029
5 168 5 16 74.4422 54 11233 0.564196
5 168 6 17 3.23628 54 2 12.9779
5 169 1 10 83.4312 54 2634 0.503409
5 169 2 11 18.9515 54 440 2.21618
5 169 3 12 107.754 54 135502 0.389775
5 169 4 13 86.649 54 7276 0.484714
5 169 5 14 31.5998 54 1000 1.32912
5 169 6 15 1.3013 54 84.169 32.2754
5 169 7 16 153.629 54 9564 0.273385
5 170 1 10 110.966 54 8805 0.378495
5 170 2 11 20.4197 54 386 2.05684
5 170 3 12 53.9321 54 240907 0.778758
5 170 4 13 98.7294 54 5821 0.425405
5 170 5 14 73.6971 54 2000 0.569901
5 170 6 15 64.2719 54 1797.25 0.653474
5 170 7 16 151.992 54 24913 0.276331
5 171 1 10 100.727 54 13650 0.416969
5 171 2 11 27.0827 54 392 1.5508
5 171 3 12 197.68 54 44365 0.212465
5 171 4 13 115.065 54 4294 0.365011
5 171 6 16 133.849 54 22787 0.313787
5 171 7 17 7.60357 54 2 5.52372
5 172 1 10 49.5762 54 10851 0.847181
5 172 2 11 13.3203 54 331 3.15308
5 172 3 12 245.209 54 106916 0.171283
5 172 4 13 116.091 54 5155 0.361786
5 172 6 16 135.242 54 14841 0.310555
5 173 1 10 39.4375 54 6151 1.06498
5 173 2 11 83.1015 54 427 0.505406
5 173 3 12 46.8312 54 131732 0.896837
5 173 4 13 45.7219 54 182 0.918596
5 173 7 17 7.38648 54 6 5.68607
5 174 1 10 158.042 54 6401 0.265752
5 174 2 11 43.0893 54 1373 0.974719
5 174 3 12 44.9743 54 123184 0.933867
5 174 4 13 98.3436 54 283 0.427074
5 174 5 14 21.6672 54 1278 1.93842
5 174 8 17 29.754 54 9 1.41157
5 175 1 10 91.2559 54 9603 0.460244
5 175 2 11 69.2428 54 3251 0.606561
5 175 3 12 193.255 54 33421 0.21733
5 175 4 13 103.217 54 877 0.40691
5 175 6 17 30.5085 54 27 1.37666
5 176 1 10 166.759 54 1080 0.251861
5 176 2 11 98.1737 54 837 0.427813
5 176 3 12 80.9113 54 58244 0.519087
5 176 4 13 14.4552 54 88 2.90553
5 176 5 14 77.1002 54 1000 0.544746
5 176 7 17 7.6109 54 6 5.5184
5 177 1 10 86.6431 54 9584 0.484747
5 177 2 11 43.8471 54 365 0.957875
5 177 3 12 138.629 54 48012 0.302967
5 177 4 13 59.2193 54 2940 0.709228
5 177 6 16 136.508 54 25131 0.307674
5 178 1 10 156.58 54 9259 0.268233
5 178 2 11 23.8572 54 279 1.76047
5 178 3 12 166.632 54 43453 0.252053
5 178 4 13 15.4704 54 53 2.71486
5 178 5 14 56.8272 54 1387.52 0.739082
5 178 7 16 115.29 54 27087 0.364299
5 179 1 10 72.7221 54 9165 0.577541
5 179 2 11 49.4159 54 709 0.849929
5 179 3 12 266.986 54 35704 0.157312
5 179 5 14 7.73543 54 139.708 5.42956
5 179 6 15 78.5434 54 507.621 0.534736
5 179 7 16 139.563 54 23577 0.300939
5 179 8 17 2.4539e-05 54 19 1.71156e+06
5 180 1 10 100.134 54 9522 0.419437
5 180 2 11 155.791 54 532 0.269592
5 180 3 12 316.567 54 64491 0.132673
5 180 4 13 22.3352 54 441 1.88044
5 180 5 14 77.9725 54 1000 0.538651
5 180 7 16 124.095 54 22120 0.338451
5 180 8 17 13.8241 54 17 3.03817
5 181 1 10 216.878 54 8737 0.193658
5 181 2 11 38.5447 54 148 1.08964
5 181 3 12 387.854 54 46894 0.108288
5 181 4 13 121.772 54 3589 0.344906
5 181 5 14 86.6167 54 1276.68 0.484895
5 181 6 15 15.9875 54 501.948 2.62706
5 181 7 16 87.6548 54 22321 0.479152
5 181 8 17 22.8181 54 41 1.84064
5 182 1 10 186.403 54 8898 0.225319
5 182 2 11 39.2622 54 624 1.06973
5 182 3 12 526.143 54 49205 0.0798262
5 182 4 13 130.083 54 5669 0.32287
5 182 5 14 22.9549 54 611.789 1.82968
5 182 6 15 55.7227 54 1000 0.753732
5 182 7 16 103.834 54 23832 0.404493
5 182 8 17 7.12182 54 28 5.89737
5 183 1 10 114.278 54 14967 0.367525
5 183 2 11 167.572 54 577 0.250638
5 183 3 12 61.0821 54 60411 0.687599
5 183 4 13 107.742 54 2636 0.389821
5 183 5 14 18.9221 54 275.066 2.21963
5 183 6 15 38.4502 54 1960 1.09232
5 183 7 16 91.8083 54 22259 0.457475
5 183 8 17 45.2332 54 26 0.928521
5 184 1 10 77.6939 54 13029 0.540583
5 184 2 11 58.2944 54 106 0.720481
5 184 3 12 103.258 54 139514 0.406747
5 184 4 13 52.5502 54 2612 0.799236
5 184 5 14 104.552 54 1630.28 0.401713
5 184 6 15 44.616 54 429.076 0.941366
5 184 7 16 86.855 54 21839 0.483565
5 185 1 10 122.515 54 10956 0.342815
5 185 2 11 205.373 54 839 0.204506
5 185 3 12 328.433 54 56723 0.12788
5 185 4 13 128.414 54 1054 0.327067
5 185 5 14 95.9719 54 1000 0.437628
5 185 6 15 43.5028 54 219.988 0.965456
5 185 8 17 6.48142 54 4 6.48006
5 186 1 10 214.416 54 9401 0.195881
5 186 2 11 93.5495 54 389 0.44896
5 186 3 12 239.513 54 66287 0.175356
5 186 4 13 79.6317 54 2236 0.527428
5 186 5 14 76.6868 54 1468 0.547682
5 186 6 15 52.3138 54 2529.33 0.802848
5 186 8 17 3.04063 54 2 13.8129
5 187 1 10 154.809 54 17021 0.271302
5 187 2 11 213.001 54 467 0.197182
5 187 3 12 179.327 54 52164 0.234208
5 187 4 13 107.906 54 4321 0.389229
5 187 5 15 14.2315 54 105.702 2.95119
5 187 7 17 4.36761 54 1 9.61625
5 188 1 10 214.762 54 16407 0.195565
5 188 2 11 85.2658 54 290 0.492577
5 188 3 12 128.141 54 161620 0.327763
5 188 4 13 72.4141 54 2305 0.579998
5 188 5 14 89.0996 54 1080.52 0.471383
5 188 6 15 23.3865 54 388 1.7959
6 1 1 18 28.0749 54 4932 1.496
6 1 2 21 2.97554 54 9 14.1151
6 2 1 18 24.8784 54 6171 1.68821
6 2 2 21 0.000650892 54 120 64526.8
6 3 1 18 46.0477 54 5603 0.912098
6 3 2 21 33.8936 54 162 1.23917
6 4 1 18 50.6639 54 1828 0.828993
6 4 4 21 34.2813 54 362 1.22516
6 5 4 21 4.37707 54 4 9.59547
6 6 4 21 21.7989 54 25 1.9267
6 7 2 21 53.459 54 513 0.785648
6 8 1 18 34.8176 54 1628 1.20629
6 8 4 21 44.0394 54 240 0.953692
6 9 1 18 20.6516 54 1513 2.03374
6 9 4 21 11.6381 54 24 3.60882
6 10 1 18 23.6575 54 2389 1.77533
6 10 2 21 14.5662 54 6 2.88339
6 11 1 18 21.7987 54 3614 1.92672
6 11 3 21 0.000668392 54 321 62837.4
6 12 1 18 18.0459 54 2312 2.3274
6 12 4 21 3.50392 54 262 11.9866
6 13 1 18 39.4927 54 2156 1.06349
6 13 4 21 8.7857 54 11 4.7805
6 14 1 18 19.9336 54 4554 2.107
6 14 3 21 32.4634 54 92 1.29377
6 15 1 18 24.5311 54 7052 1.71211
6 15 3 21 15.226 54 65 2.75845
6 16 1 18 58.0192 54 1622 0.723898
6 16 4 21 11.6376 54 263 3.60898
6 17 1 18 59.1128 54 8039 0.710506
6 17 4 21 4.72193 54 34 8.89466
6 18 1 18 40.658 54 11963 1.03301
6 19 1 18 21.0906 54 8039 1.99141
6 19 3 21 60.4177 54 106 0.69516
6 20 1 18 31.0931 54 7923 1.35078
6 20 4 21 48.5999 54 149 0.864199
6 21 1 18 27.22 54 5727 1.54298
6 21 4 21 2.70174 54 2 15.5455
6 22 1 18 21.3277 54 18621 1.96927
6 23 1 18 23.5069 54 42920 1.78671
6 23 4 21 30.8693 54 84 1.36058
6 24 1 18 32.9312 54 11949 1.27539
6 24 4 21 50.4033 54 60 0.833279
6 25 1 18 46.8448 54 5651 0.896577
6 26 1 18 35.9258 54 13722 1.16908
6 26 4 21 16.7007 54 32 2.51486
6 27 1 18 95.8446 54 19311 0.438209
6 27 3 21 10.5671 54 4 3.97461
6 28 1 18 64.0491 54 13526 0.655747
6 28 3 21 3.99437 54 17 10.5148
6 29 1 18 21.2509 54 2000 1.97638
6 30 1 18 34.9055 54 17499 1.20325
6 31 1 18 17.1484 54 6000 2.44921
6 32 1 18 28.3339 54 6336 1.48232
6 33 1 18 21.7152 54 3998 1.93413
6 34 1 18 68.9683 54 8708 0.608976
6 35 1 18 82.4324 54 6000 0.509509
6 36 1 18 80.3837 54 4002 0.522494
6 51 1 18 44.563 54 1321 0.942486
6 52 1 18 23.5773 54 1350 1.78137
6 53 1 18 18.3889 54 945 2.28399
6 54 1 18 30.2157 54 2841 1.39
6 55 1 18 47.1766 54 3193 0.890272
6 56 1 18 42.8502 54 2011 0.98016
6 58 1 18 65.1837 54 1994 0.644332
6 59 1 18 74.7791 54 422 0.561654
6 61 1 18 75.8426 54 641 0.553779
6 62 1 18 99.9302 54 998 0.420293
6 63 1 18 51.6488 54 182 0.813184
6 67 1 18 37.3869 54 608 1.12339
6 68 1 18 36.4588 54 188 1.15199
6 68 2 19 58.3793 54 687 0.719433
6 68 3 20 76.0811 54 833 0.552042
6 69 1 18 264.933 54 2401 0.15853
6 69 2 19 41.7915 54 2598 1.00499
6 69 3 20 127.915 54 1680 0.328344
6 70 1 18 110.594 54 755 0.379767
6 70 2 19 32.6742 54 3232 1.28542
6 70 3 20 48.2103 54 1204 0.871184
6 71 1 18 25.4238 54 5056 1.652
6 71 3 20 38.4501 54 1795 1.09233
6 72 1 18 23.7765 54 596 1.76645
6 72 2 19 10.255 54 408 4.09558
6 72 3 20 12.2321 54 2345 3.4336
6 73 1 18 89.6527 54 6884 0.468474
6 73 2 19 15.8673 54 244 2.64695
6 73 3 20 14.3112 54 187 2.93476
6 74 1 18 107.164 54 8659 0.391924
6 74 2 19 40.0858 54 457 1.04775
6 74 3 20 40.0096 54 1056 1.04975
6 75 1 18 63.9127 54 50 0.657147
6 75 2 19 11.8046 54 50 3.55792
6 76 1 18 57.3901 54 2101 0.731834
6 76 3 20 70.8745 54 635 0.592597
6 77 1 18 93.662 54 9794 0.448421
6 77 2 19 74.5851 54 1534 0.563115
6 77 3 20 83.7956 54 2658 0.50122
6 78 1 18 8.92009 54 4485 4.70847
6 78 2 19 57.9219 54 1193 0.725114
6 78 3 20 45.1317 54 1484 0.930609
6 79 1 18 23.2583 54 2523 1.8058
6 80 1 18 47.3515 54 6925 0.886984
6 80 3 20 16.2779 54 72 2.58019
6 81 1 18 70.1193 54 783 0.598979
6 81 2 19 24.5994 54 271 1.70736
6 81 3 20 45.4096 54 226 0.924914
6 82 1 18 54.197 54 2446 0.774951
6 83 1 18 15.5144 54 99 2.70716
6 84 1 18 43.3122 54 1173 0.969704
6 85 2 19 28.9072 54 451 1.45293
6 85 3 20 39.355 54 152 1.06721
6 87 3 20 43.4362 54 99.9998 0.966936
6 88 2 19 32.9607 54 472.805 1.27425
6 88 3 20 15.5783 54 249.615 2.69606
6 89 2 19 62.1196 54 535.445 0.676115
6 89 3 20 82.9181 54 166.957 0.506524
6 90 1 18 36.5095 54 38 1.15039
6 90 2 19 109.2 54 679.387 0.384616
6 91 1 18 48.9346 54 927 0.858288
6 91 2 19 2.6861 54 66.3381 15.636
6 92 1 18 64.4471 54 51 0.651698
6 93 1 18 29.518 54 254 1.42286
6 93 2 19 21.6835 54 620 1.93695
6 93 3 20 9.65902 54 406 4.34827
6 94 1 18 48.7112 54 850 0.862225
6 94 2 19 43.7073 54 2188.42 0.960938
6 94 3 20 32.4054 54 1074 1.29608
6 95 2 19 43.852 54 1232 0.957767
6 95 3 20 1.36213 54 1211.82 30.834
6 96 1 18 22.2083 54 1049 1.89119
6 96 2 19 17.2586 54 485.282 2.43357
6 96 3 20 26.384 54 1096.2 1.59187
6 96 4 21 12.4383 54 6 3.37667
6 97 2 19 17.9774 54 1787.28 2.33626
6 97 3 20 11.9355 54 524 3.51891
6 98 1 18 42.519 54 3397 0.987794
6 98 2 19 32.0531 54 737.792 1.31033
6 98 3 20 21.055 54 825.838 1.99478
6 98 4 21 8.4369 54 21 4.97813
6 99 2 19 40.8143 54 1047.07 1.02905
6 99 3 20 27.9402 54 37.7751 1.50321
6 100 1 18 11.8716 54 121 3.53785
6 100 2 19 27.7017 54 1351.26 1.51615
6 101 2 19 26.5227 54 1761.99 1.58355
6 101 3 20 21.9629 54 1603.07 1.91232
6 101 4 21 15.9714 54 5 2.6297
6 102 2 19 38.6793 54 616.063 1.08585
6 103 2 19 42.0715 54 579.289 0.9983
6 104 2 19 24.3895 54 583.834 1.72205
6 104 3 20 11.0664 54 63.454 3.79527
6 104 4 21 5.48945 54 2 7.65104
6 105 2 19 46.4733 54 1073.68 0.903744
6 106 1 18 61.6856 54 1470 0.680872
6 106 2 19 69.5498 54 3198.44 0.603884
6 106 3 20 46.2016 54 962.696 0.90906
6 107 1 18 91.3139 54 14620 0.459952
6 107 2 19 64.3966 54 847.895 0.652208
6 108 1 18 41.3566 54 2238 1.01556
6 108 2 19 38.0699 54 322.241 1.10324
6 109 2 19 43.0204 54 790.034 0.976282
6 109 3 20 42.1675 54 508.258 0.996027
6 110 1 18 61.764 54 13270 0.680008
6 110 2 19 32.6004 54 1586.18 1.28833
6 110 3 20 22.7523 54 58.55 1.84597
6 111 2 19 32.8088 54 1047.24 1.28014
6 111 3 20 16.4748 54 37.0275 2.54934
6 112 1 18 55.8823 54 3398 0.75158
6 112 2 19 7.02243 54 69.6155 5.98084
6 112 4 21 6.73416 54 2 6.23686
6 113 1 18 120.941 54 3384 0.347277
6 113 2 19 29.9532 54 2295.88 1.40219
6 113 3 20 33.1309 54 1323.83 1.2677
6 114 1 18 98.5688 54 3013 0.426098
6 114 2 19 50.1615 54 1826.58 0.837295
6 114 3 20 11.4247 54 1024.6 3.67625
6 114 4 21 25.2037 54 29 1.66642
6 115 1 19 17.5047 54 105.274 2.39936
6 115 2 20 13.2349 54 327.704 3.17343
6 116 1 19 29.6818 54 122.88 1.41501
6 116 3 21 5.66871 54 2 7.40909
6 117 2 19 45.7744 54 944.658 0.917543
6 117 3 20 53.225 54 380.999 0.789103
6 118 2 19 81.386 54 995.299 0.516059
6 118 4 21 12.0065 54 7 3.49811
6 119 2 19 79.3924 54 2139.63 0.529018
6 119 4 21 5.56719 54 6 7.54421
6 120 2 19 112.373 54 2379.96 0.373756
6 120 3 20 92.3334 54 2951.55 0.454874
6 120 4 21 8.07144 54 6 5.20353
6 121 1 18 116.243 54 4368 0.361314
6 121 2 19 51.1404 54 3748.78 0.821269
6 121 3 20 27.3886 54 384.839 1.53348
6 121 4 21 5.6107 54 2 7.48569
6 122 1 18 63.3848 54 16024 0.662619
6 122 2 19 75.0215 54 3453.88 0.559839
6 122 3 20 25.0155 54 1141.42 1.67896
6 122 4 21 23.9908 54 9 1.75067
6 123 1 18 47.605 54 7216 0.88226
6 123 2 19 71.2066 54 3000 0.589833
6 123 3 20 18.0704 54 630.412 2.32424
6 123 4 21 23.5909 54 16 1.78035
6 124 1 18 82.0119 54 9210 0.512121
6 124 2 19 116.404 54 4437.27 0.360812
6 124 3 20 45.5359 54 605.348 0.92235
6 124 4 21 85.044 54 30 0.493862
6 125 1 18 41.6943 54 12042 1.00733
6 125 2 19 128.466 54 5283.51 0.326935
6 125 3 20 20.9679 54 2420.23 2.00306
6 125 4 21 1.52929 54 15 27.4637
6 126 1 18 93.3982 54 5489 0.449687
6 126 2 19 152.416 54 2788.3 0.275561
6 126 3 20 105.137 54 2152 0.399478
6 126 4 21 23.8444 54 13 1.76142
6 127 1 18 83.3275 54 20238 0.504035
6 127 2 19 25.5346 54 2174.77 1.64483
6 127 3 20 56.5317 54 199.336 0.742945
6 127 4 21 78.656 54 34 0.533971
6 128 2 19 33.0748 54 1651.18 1.26985
6 128 3 20 43.0266 54 498.421 0.976141
6 128 4 21 7.35753e-05 54 54 570844
6 129 2 19 44.6226 54 4000 0.941227
6 129 3 20 15.1235 54 675.047 2.77714
6 129 4 21 7.90914 54 3 5.31031
6 130 2 19 53.2993 54 3865.4 0.788003
6 130 3 20 4.89722 54 402.887 8.57629
6 130 4 21 22.3797 54 70 1.8767
6 131 2 19 82.638 54 2947.03 0.508241
6 131 3 20 27.9053 54 819.233 1.50509
6 131 4 21 34.8634 54 43 1.2047
6 132 2 19 54.3823 54 4134.58 0.77231
6 132 3 20 32.0587 54 2486.48 1.3101
6 132 4 21 2.58259 54 6 16.2627
6 133 1 18 39.1895 54 784 1.07172
6 133 2 19 45.3977 54 3579.6 0.925157
6 133 3 20 47.5061 54 2168.15 0.884097
6 133 4 21 1.90708e-08 54 1 2.20232e+09
6 134 2 19 57.4958 54 4000 0.730488
6 134 3 20 42.1979 54 704.236 0.99531
6 134 4 21 3.81345 54 3 11.0136
6 135 2 19 105.665 54 3675.5 0.397483
6 135 3 20 56.7914 54 2143.76 0.739549
6 135 4 21 40.5582 54 105 1.03555
6 136 2 19 92.6208 54 4516.86 0.453462
6 136 3 20 23.3041 54 2764.69 1.80226
6 136 4 21 28.5177 54 77 1.47277
6 137 2 19 42.4936 54 4954.12 0.988384
6 137 3 20 19.6078 54 2340.49 2.14201
6 137 4 21 1.41949 54 9 29.5882
6 138 2 19 131.142 54 4827.01 0.320263
6 138 3 20 43.8307 54 2978.39 0.958232
6 138 4 21 1.85124e-05 54 233 2.26875e+06
6 139 1 18 40.1754 54 3107 1.04541
6 139 2 19 43.6695 54 3000 0.961769
6 139 3 20 34.0712 54 550.041 1.23271
6 139 4 21 14.0338 54 4 2.99278
6 140 2 19 74.5729 54 4128.69 0.563207
6 140 3 20 39.3022 54 2629.92 1.06864
6 140 4 21 59.7651 54 71 0.702752
6 141 2 19 87.5368 54 4231.28 0.479798
6 141 3 20 76.4644 54 3839.53 0.549276
6 141 4 21 25.5059 54 45 1.64668
6 142 2 19 55.8051 54 3561.66 0.752619
6 142 3 20 78.0747 54 3205.2 0.537947
6 142 4 21 44.6705 54 22 0.940219
6 143 2 19 61.0455 54 3637.14 0.688012
6 143 3 20 48.8319 54 1043.96 0.860093
6 144 2 19 140.759 54 3262 0.298382
6 144 3 20 74.201 54 2953.01 0.56603
6 144 4 21 3.42052 54 3 12.2788
6 145 2 19 93.9092 54 3488.12 0.44724
6 145 3 20 47.7519 54 2716.3 0.879546
6 146 2 19 88.9381 54 4653.01 0.472238
6 146 3 20 94.9649 54 3565.18 0.442269
6 146 4 21 9.3559e-05 54 89 448915
6 147 2 19 62.2327 54 3225.09 0.674886
6 147 3 20 11.0598 54 1001.38 3.79754
6 147 4 21 14.4278 54 10 2.91104
6 148 2 19 104.069 54 3999.04 0.403579
6 148 3 20 23.8587 54 3119.29 1.76037
6 148 4 21 15.8122 54 24 2.65617
6 149 2 19 48.4371 54 4967.21 0.867105
6 149 3 20 90.2769 54 2584.74 0.465235
6 149 4 21 15.521 54 26 2.706
6 150 1 19 62.0789 54 4732.4 0.676558
6 150 2 20 45.6154 54 3480.33 0.920741
6 151 1 19 33.4624 54 3000 1.25514
6 151 2 20 13.7935 54 1745.17 3.04492
6 151 3 21 13.2562 54 22 3.16834
6 152 1 19 66.4713 54 3761.93 0.631852
6 152 2 20 41.9009 54 2943.72 1.00237
6 152 3 21 19.2554 54 63 2.1812
6 153 1 19 83.7519 54 5208.12 0.501481
6 153 2 20 81.2835 54 5732.16 0.51671
6 153 3 21 7.3313 54 7 5.72886
6 154 1 19 97.783 54 4114.28 0.429523
6 154 2 20 83.2254 54 4180.52 0.504654
6 155 1 19 75.8536 54 2513.3 0.553698
6 155 2 20 133.441 54 3979.96 0.314745
6 155 3 21 16.4245 54 27 2.55715
6 156 1 19 228.085 54 5959.58 0.184142
6 156 2 20 265.759 54 5935.76 0.158038
6 156 3 21 12.2419 54 29 3.43084
6 157 2 19 305.351 54 5593.17 0.137547
6 157 3 20 246.577 54 5211.89 0.170332
6 157 4 21 32.591 54 71 1.2887
6 158 2 19 98.7866 54 5050.8 0.425159
6 158 3 20 87.2085 54 3447.67 0.481604
6 158 4 21 11.0043 54 22 3.81671
6 159 2 19 55.1605 54 3988.31 0.761414
6 159 3 20 66.9741 54 3788.58 0.627108
6 159 4 21 6.57364e-05 54 32 638915
6 160 2 19 290.271 54 6950.19 0.144692
6 160 3 20 180.079 54 6812.19 0.233232
6 160 4 21 9.1445 54 127 4.59292
6 161 2 19 84.2585 54 5346.6 0.498466
6 161 3 20 216.015 54 5294.54 0.194431
6 161 4 21 27.7486 54 16 1.51359
6 162 2 19 112.354 54 5000 0.373818
6 162 3 20 85.586 54 3641.54 0.490735
6 162 4 21 0.00438457 54 249 9579.04
6 163 2 19 374.302 54 4125.7 0.112209
6 163 3 20 140.786 54 3039.44 0.298325
6 163 4 21 20.1949 54 74 2.07973
6 164 2 19 102.48 54 5858.86 0.409834
6 164 3 20 110.909 54 6910.93 0.378688
6 164 4 21 22.1515 54 48 1.89603
6 165 2 19 223.16 54 5897.44 0.188206
6 165 3 20 82.2581 54 6180.41 0.510588
6 165 4 21 28.423 54 17 1.47768
6 166 2 19 121.996 54 5175.96 0.344273
6 166 3 20 172.957 54 5347.97 0.242835
6 166 4 21 42.7795 54 38 0.981779
6 167 2 19 136.945 54 3098.1 0.306692
6 167 3 20 135.086 54 4184.01 0.310914
6 167 4 21 21.3582 54 17 1.96646
6 168 2 19 151.471 54 6301.58 0.277281
6 168 3 20 117.099 54 6070.58 0.35867
6 168 4 21 17.9987 54 24 2.33351
6 169 2 19 138.119 54 5502.62 0.304085
6 169 3 20 83.4798 54 4988.62 0.503116
6 169 4 21 6.26555 54 9 6.70333
6 170 1 19 156.144 54 4090.92 0.268983
6 170 2 20 64.0409 54 3892.31 0.655831
6 170 3 21 68.7604 54 106 0.610817
6 171 2 19 125.825 54 4086.56 0.333797
6 171 3 20 93.2594 54 3406.5 0.450357
6 171 4 21 30.1849 54 23 1.39143
6 172 1 19 88.0228 54 5781.62 0.477149
6 172 2 20 70.1068 54 5715.14 0.599086
6 172 3 21 0.778535 54 6 53.9475
6 173 2 19 66.2141 54 4789.42 0.634306
6 173 3 20 104.259 54 4321.26 0.402843
6 173 4 21 4.32827 54 11 9.70365
6 174 1 19 78.7433 54 3907.32 0.533379
6 174 2 20 53.8027 54 2761.29 0.780629
6 174 3 21 24.437 54 42 1.7187
6 175 1 19 44.6832 54 4080.87 0.939951
6 175 2 20 77.529 54 2345.61 0.541733
6 175 3 21 25.9435 54 21 1.6189
6 176 2 19 39.5249 54 5326.48 1.06262
6 176 3 20 23.9241 54 3275.48 1.75555
6 176 4 21 37.409 54 200 1.12272
6 177 2 19 51.3693 54 5323.72 0.817608
6 177 3 20 19.8357 54 4772.61 2.11739
6 177 4 21 34.6809 54 59 1.21104
6 178 2 19 59.2281 54 4460.91 0.709122
6 178 3 20 98.7811 54 6490 0.425183
6 178 4 21 22.6187 54 75 1.85687
6 179 2 19 125.156 54 3658.27 0.335582
6 179 3 20 87.0832 54 3701.89 0.482297
6 179 4 21 42.3792 54 83 0.991053
6 180 2 19 157.061 54 5475.84 0.267412
6 180 3 20 249.382 54 6069.82 0.168416
6 180 4 21 46.0119 54 162 0.912808
6 181 2 19 185.529 54 5102.25 0.226379
6 181 3 20 256.73 54 5343.1 0.163596
6 181 4 21 0.000130044 54 59 322969
6 182 2 19 133.081 54 5054.68 0.315597
6 182 3 20 133.038 54 4633.23 0.315699
6 182 4 21 53.7737 54 226 0.781052
6 183 2 19 97.9017 54 3424.97 0.429002
6 183 3 20 102.046 54 3157.2 0.41158
6 183 4 21 27.935 54 415 1.50349
6 184 2 19 190.948 54 4458.81 0.219955
6 184 3 20 194.177 54 6044.87 0.216297
6 184 4 21 4.2548 54 14 9.87121
6 185 2 19 219.922 54 5101.91 0.190977
6 185 3 20 78.3784 54 5263.77 0.535862
6 185 4 21 0.272964 54 12 153.866
6 186 2 19 145.263 54 3412.66 0.28913
6 186 3 20 109.542 54 2824.51 0.383413
6 186 4 21 23.0373 54 132 1.82313
6 187 2 19 169.486 54 1629.17 0.247809
6 187 3 20 168.611 54 2705.03 0.249094
6 187 4 21 12.2814 54 18 3.4198
6 188 2 19 89.258 54 2372.39 0.470546
6 188 3 20 152.103 54 2733.06 0.276128
7 1 1 24 19.0173 54 1345 2.20852
7 1 3 27 56.1592 54 322 0.747874
7 2 1 24 6.8494 54 347 6.13192
7 2 2 27 35.8991 54 23 1.16995
7 3 2 27 1.242 54 24 33.8164
7 4 1 24 14.7434 54 1968 2.84872
7 4 4 27 19.0563 54 80 2.20399
7 5 1 24 51.1689 54 1620 0.82081
7 5 4 27 7.88767 54 34 5.32477
7 6 1 24 21.8512 54 540 1.92209
7 6 4 27 48.7417 54 124 0.861684
7 7 1 24 18.2506 54 1045 2.3013
7 7 2 27 29.3286 54 326 1.43205
7 8 1 24 12.8212 54 2775 3.27582
7 8 4 27 77.6265 54 630 0.541053
7 9 1 24 37.502 54 1358 1.11994
7 9 4 27 82.1008 54 207 0.511567
7 10 2 27 27.8162 54 66 1.50991
7 11 1 24 11.4453 54 360 3.66963
7 11 4 27 17.6153 54 84 2.38428
7 12 1 24 10.3955 54 30 4.04022
7 12 4 27 14.816 54 147 2.83477
7 13 1 24 13.6421 54 230 3.0787
7 13 4 27 17.5974 54 52 2.38671
7 14 4 27 13.9384 54 50 3.01326
7 15 1 24 11.4328 54 654 3.67363
7 15 4 27 8.36691 54 23 5.01978
7 16 1 24 16.8901 54 878 2.48667
7 16 4 27 17.744 54 124 2.367
7 17 1 24 46.6442 54 1424 0.900433
7 17 4 27 26.2569 54 45 1.59958
7 18 1 24 106.442 54 419 0.39458
7 18 3 27 23.3349 54 40 1.79988
7 19 1 24 49.6895 54 492 0.845249
7 19 4 27 21.8815 54 13 1.91943
7 20 4 27 18.1735 54 76 2.31106
7 21 1 24 27.2146 54 25 1.54329
7 21 4 27 12.1124 54 8 3.46753
7 22 4 27 7.99574 54 31 5.2528
7 23 4 27 15.3207 54 11 2.74139
7 24 1 24 14.6144 54 3282 2.87389
7 24 4 27 2.84512 54 36 14.7621
7 25 1 24 19.5107 54 3138 2.15267
7 25 4 27 35.8095 54 18 1.17287
7 26 1 24 31.9121 54 612 1.31611
7 26 4 27 147.891 54 253 0.283994
7 27 1 24 19.7585 54 2025 2.12567
7 27 4 27 34.8409 54 83 1.20548
7 28 1 24 50.7772 54 4367 0.827143
7 28 4 27 32.4821 54 130 1.29302
7 29 1 24 42.5645 54 2511 0.986737
7 29 4 27 4.85268 54 7 8.65502
7 31 1 24 23.9092 54 626 1.75664
7 31 4 27 11.1738 54 26 3.75879
7 32 1 24 13.2997 54 3601 3.15796
7 32 4 27 20.9579 54 27 2.00402
7 33 1 24 82.9686 54 29 0.506216
7 33 4 27 12.9808 54 4 3.23555
7 34 1 24 71.6384 54 1352 0.586278
7 35 1 24 23.1039 54 3995 1.81787
7 35 4 27 19.944 54 26 2.10589
7 36 1 24 11.8159 54 35 3.55453
7 36 4 27 25.085 54 83 1.67431
7 37 1 24 3.29928 54 25 12.7301
7 39 4 27 12.664 54 6 3.31649
7 44 1 24 11.8216 54 27 3.55281
7 49 1 24 10.8992 54 23 3.85349
7 53 1 24 0.927032 54 55 45.3059
7 53 4 27 1.03207 54 1 40.6949
7 55 1 24 9.17075 54 25 4.57978
7 56 1 24 18.4257 54 695 2.27943
7 57 1 24 100.744 54 492 0.416899
7 60 1 24 18.3971 54 205 2.28297
7 61 1 24 99.3636 54 717 0.42269
7 61 4 27 5.40851 54 2 7.76554
7 62 1 24 74.818 54 289 0.561362
7 64 1 24 42.7091 54 190 0.983397
7 65 1 24 27.8734 54 380 1.50681
7 66 1 24 65.9924 54 800 0.636437
7 66 2 25 24.7229 54 271 1.69883
7 66 3 26 52.0187 54 768 0.807402
7 67 1 24 83.5162 54 384 0.502896
7 67 2 25 61.1223 54 1560 0.687147
7 67 3 26 149.889 54 2480 0.280208
7 67 4 27 13.311 54 15 3.15528
7 68 1 24 69.3136 54 1058 0.605942
7 68 2 25 37.1648 54 996 1.1301
7 68 3 26 141.574 54 2119 0.296664
7 68 4 27 17.7486 54 6 2.36638
7 69 1 24 137.317 54 1836 0.305862
7 69 2 25 23.3826 54 994 1.79621
7 69 3 26 65.296 54 357 0.643225
7 70 1 24 27.9617 54 175 1.50206
7 70 2 25 16.6259 54 896 2.52618
7 70 3 26 32.5385 54 1414 1.29078
7 71 3 26 21.3089 54 429 1.97101
7 72 2 25 27.3607 54 829 1.53505
7 72 3 26 16.1582 54 1567 2.5993
7 73 1 24 28.2026 54 202 1.48923
7 73 2 25 27.5971 54 2993 1.5219
7 73 3 26 18.7086 54 563 2.24495
7 74 1 24 45.9249 54 2088 0.914536
7 74 2 25 45.3754 54 1702 0.925611
7 74 3 26 38.6842 54 301 1.08572
7 75 1 24 31.2904 54 3096 1.34227
7 75 2 25 32.971 54 493 1.27385
7 75 3 26 14.7202 54 72 2.85322
7 75 4 27 2.12278 54 1 19.7854
7 76 1 24 9.01411 54 6 4.65936
7 76 2 25 34.3583 54 648 1.22241
7 76 3 26 46.0468 54 1163 0.912115
7 77 1 24 26.5267 54 1297 1.58331
7 77 2 25 79.9959 54 894 0.525027
7 77 3 26 94.6328 54 3477 0.443821
7 78 1 24 57.3573 54 2500 0.732253
7 78 2 25 41.3124 54 449 1.01664
7 78 3 26 46.8022 54 1040 0.897394
7 79 1 24 92.5266 54 5257 0.453923
7 79 2 25 16.6698 54 1012 2.51952
7 79 3 26 76.5847 54 897 0.548412
7 79 4 27 3.61049 54 1 11.6328
7 80 1 24 42.9307 54 243 0.97832
7 80 2 25 8.39431 54 825 5.00339
7 80 3 26 15.6228 54 897 2.68837
7 80 4 27 16.3552 54 4 2.56799
7 81 1 24 79.7984 54 551 0.526326
7 81 2 25 6.58982 54 292 6.37347
7 81 3 26 27.3458 54 769 1.53589
7 82 1 24 24.1689 54 75 1.73777
7 82 4 27 2.25943 54 1 18.5887
7 83 1 24 19.8178 54 1962 2.1193
7 83 2 25 65.5421 54 2307 0.640809
7 83 3 26 33.1886 54 2044 1.26549
7 83 4 27 9.16225 54 3 4.58403
7 84 1 24 83.3477 54 799 0.503913
7 84 2 25 28.0788 54 2077 1.49579
7 84 3 26 29.0827 54 1719 1.44416
7 85 1 24 63.5027 54 311 0.661389
7 85 2 25 26.0122 54 708.479 1.61463
7 85 3 26 85.9381 54 745 0.488724
7 86 2 25 22.3204 54 1003.85 1.88169
7 86 3 26 30.2077 54 583.442 1.39037
7 86 4 27 15.672 54 10 2.67994
7 87 2 25 21.0159 54 255.604 1.99848
7 87 3 26 60.8099 54 438.24 0.690677
7 87 4 27 4.2449 54 2 9.89423
7 88 1 24 4.64679 54 110 9.03849
7 88 2 25 62.189 54 991.627 0.675361
7 88 3 26 67.961 54 926.974 0.618001
7 89 1 24 16.5018 54 75 2.54517
7 89 2 25 109.733 54 5108.62 0.382748
7 89 3 26 73.0608 54 497 0.574864
7 89 4 27 1.25907 54 1 33.3579
7 90 2 25 114.622 54 1495 0.366422
7 90 3 26 116.585 54 329.295 0.360252
7 90 4 27 32.5063 54 12 1.29206
7 91 1 24 31.1813 54 442 1.34696
7 91 2 25 11.456 54 1138.65 3.66621
7 91 3 26 115.698 54 954.628 0.363015
7 91 4 27 63.5601 54 34 0.660792
7 92 1 24 18.1296 54 159 2.31666
7 92 2 25 12.4432 54 2336.89 3.37535
7 92 3 26 21.4358 54 519.123 1.95934
7 92 4 27 9.07059 54 4 4.63035
7 93 1 24 95.2373 54 171 0.441004
7 93 2 25 57.7436 54 1130.4 0.727354
7 93 3 26 0.329917 54 2065.77 127.305
7 94 1 24 194.214 54 101 0.216257
7 94 2 25 60.3938 54 2998.07 0.695436
7 94 3 26 107.505 54 2316.56 0.39068
7 94 4 27 35.7247 54 31 1.17566
7 95 2 25 34.7038 54 1149.92 1.21024
7 95 3 26 54.5835 54 2433 0.769463
7 95 4 27 31.7109 54 36 1.32447
7 96 1 24 8.65718 54 20 4.85146
7 96 2 25 21.466 54 864.706 1.95658
7 96 3 26 32.3268 54 4132 1.29923
7 96 4 27 31.7517 54 50 1.32277
7 97 1 24 23.5503 54 60 1.78342
7 97 2 25 53.2046 54 5218.62 0.789405
7 97 3 26 56.6539 54 3934.93 0.741343
7 97 4 27 1.56093 54 1 26.9071
7 98 1 24 126.461 54 221 0.332117
7 98 2 25 48.5125 54 1769.31 0.865756
7 98 3 26 43.6342 54 1757 0.962549
7 98 4 27 8.00772 54 5 5.24494
7 99 2 25 74.077 54 2663.19 0.566978
7 99 3 26 41.7169 54 2340.91 1.00679
7 99 4 27 18.7926 54 33 2.23492
7 100 1 24 3.16006 54 20 13.2909
7 100 2 25 54.8162 54 2601.75 0.766197
7 100 3 26 58.729 54 1157.84 0.715149
7 100 4 27 48.6685 54 93 0.862981
7 101 1 24 40.9757 54 127 1.025
7 101 2 25 120.917 54 3089.87 0.347345
7 101 3 26 58.399 54 856.097 0.719191
7 101 4 27 17.538 54 72 2.3948
7 102 2 25 58.186 54 859.005 0.721823
7 102 3 26 18.6445 54 307.323 2.25267
7 102 4 27 23.2604 54 33 1.80564
7 103 2 25 47.2236 54 319.048 0.889385
7 103 4 27 27.06 54 18 1.55211
7 104 1 24 23.309 54 171 1.80188
7 104 2 25 35.5501 54 1388.94 1.18143
7 104 3 26 30.327 54 32.9999 1.3849
7 104 4 27 0.980884 54 4 42.8185
7 105 2 25 50.4772 54 3564.06 0.832058
7 105 3 26 84.4021 54 1133.86 0.497618
7 105 4 27 0.0427509 54 5 982.436
7 106 2 25 97.8946 54 4105.76 0.429033
7 106 3 26 58.3105 54 3370.62 0.720281
7 106 4 27 3.47331e-05 54 50 1.20922e+06
7 107 2 25 105.905 54 1510.7 0.396583
7 107 3 26 109.176 54 972.648 0.384699
7 107 4 27 18.5023 54 20 2.26999
7 108 1 24 10.425 54 25 4.02879
7 108 2 25 102.916 54 2756.1 0.408101
7 108 3 26 76.7836 54 1883.87 0.546992
7 108 4 27 1.34727 54 4 31.1741
7 109 1 24 19.6223 54 1485 2.14042
7 109 2 25 60.0977 54 2861.61 0.698862
7 109 3 26 185.02 54 1320.81 0.227002
7 109 4 27 1.48542 54 2 28.2747
7 110 2 25 53.7835 54 3051.41 0.780909
7 110 3 26 2.43808 54 471.208 17.2267
7 110 4 27 13.1734 54 18 3.18825
7 111 2 25 27.2121 54 3757.86 1.54343
7 111 3 26 25.3232 54 1777.25 1.65856
7 111 4 27 12.627 54 5 3.3262
7 112 1 24 41.9819 54 207 1.00043
7 112 2 25 42.8856 54 1158.59 0.979349
7 112 3 26 3.19387 54 2050.63 13.1502
7 112 4 27 21.6067 54 11 1.94384
7 113 1 24 19.1752 54 2134 2.19033
7 113 2 25 118.052 54 3655.57 0.355776
7 113 3 26 74.4333 54 1898.43 0.564263
7 113 4 27 10.413 54 6 4.03341
7 114 1 24 20.4002 54 40 2.0588
7 114 2 25 96.2606 54 4208.85 0.436316
7 114 3 26 44.9173 54 1677 0.935051
7 114 4 27 12.2375 54 4 3.43207
7 115 1 25 54.7923 54 1689.01 0.766531
7 115 2 26 67.8542 54 637.029 0.618974
7 115 3 27 34.7229 54 53 1.20958
7 116 2 25 65.118 54 1798.13 0.644983
7 116 3 26 73.2823 54 1261.62 0.573126
7 116 4 27 24.8225 54 12 1.69202
7 117 2 25 103.403 54 2890.21 0.406176
7 117 3 26 145.257 54 2566.56 0.289144
7 117 4 27 24.0922 54 19 1.7433
7 118 2 25 104.509 54 3547.26 0.401878
7 118 3 26 133.046 54 3016.77 0.315681
7 119 1 25 45.2498 54 1380.11 0.92818
7 119 2 26 80.087 54 816.63 0.52443
7 119 3 27 24.9477 54 46 1.68352
7 120 2 25 25.1276 54 1484.91 1.67147
7 120 3 26 81.0909 54 555.694 0.517938
7 120 4 27 44.7345 54 36 0.938872
7 121 1 24 7.80143 54 380 5.38363
7 121 2 25 159.719 54 3420.93 0.262961
7 121 3 26 82.3901 54 1572.81 0.50977
7 121 4 27 61.6777 54 33 0.680959
7 122 1 24 7.30461 54 6 5.74979
7 122 2 25 74.8249 54 1507.87 0.56131
7 122 3 26 42.1399 54 1271.79 0.996681
7 122 4 27 0.343963 54 26 122.106
7 123 2 25 70.9302 54 2923.99 0.592132
7 123 3 26 47.1313 54 568.736 0.891127
7 123 4 27 60.7304 54 53 0.691581
7 124 2 25 277.017 54 1603.97 0.151615
7 124 3 26 234.217 54 2764.12 0.179321
7 124 4 27 11.1541 54 52 3.76543
7 125 1 24 75.1617 54 2518 0.558795
7 125 2 25 173.579 54 3374.75 0.241964
7 125 3 26 215.111 54 3329.01 0.195248
7 125 4 27 5.63083e-05 54 290 745893
7 126 1 24 43.7081 54 3466 0.960921
7 126 2 25 92.947 54 1882.13 0.45187
7 126 3 26 94.2621 54 2313.82 0.445566
7 126 4 27 116.818 54 73 0.359533
7 127 2 25 30.0238 54 2302.67 1.39889
7 127 3 26 49.284 54 2274.82 0.852204
7 127 4 27 2.99997 54 6 14.0001
7 128 2 25 45.7924 54 1389.78 0.917183
7 128 3 26 36.3792 54 532.657 1.15451
7 128 4 27 4.41935 54 40 9.50366
7 129 1 24 39.9046 54 97 1.05251
7 129 2 25 35.7534 54 2737.52 1.17471
7 129 3 26 49.5038 54 1751.46 0.84842
7 129 4 27 16.2981 54 44 2.57698
7 130 2 25 53.1367 54 3842.75 0.790414
7 130 3 26 39.8339 54 4056.05 1.05438
7 130 4 27 39.9078 54 80 1.05243
7 131 2 25 145.844 54 4673 0.28798
7 131 3 26 93.7009 54 2021 0.448235
7 131 4 27 0.00272749 54 198 15398.8
7 132 2 25 200.541 54 6544.27 0.209434
7 132 3 26 146.39 54 2697.59 0.286905
7 132 4 27 57.1022 54 37 0.735523
7 133 1 24 73.4136 54 1263 0.572101
7 133 2 25 92.7064 54 3162.58 0.453043
7 133 3 26 155.523 54 4051.43 0.270056
7 133 4 27 32.6989 54 59 1.28445
7 134 2 25 119.108 54 4969.41 0.352622
7 134 3 26 120.073 54 4078.81 0.349787
7 134 4 27 0.0361971 54 870 1160.31
7 135 2 25 91.3147 54 3827.76 0.459948
7 135 3 26 70.2701 54 3762.76 0.597694
7 135 4 27 68.921 54 83 0.609394
7 136 2 25 140.845 54 5107.1 0.298199
7 136 3 26 92.498 54 1569.72 0.454064
7 136 4 27 48.2304 54 77 0.87082
7 137 2 25 57.1485 54 5907.93 0.734927
7 137 3 26 61.2411 54 2378.36 0.685814
7 137 4 27 80.1541 54 73 0.523991
7 138 2 25 129.593 54 6697.24 0.324092
7 138 3 26 109.265 54 4520.66 0.384385
7 138 4 27 0.000173097 54 108 242638
7 139 2 25 65.1587 54 2305.87 0.64458
7 139 3 26 64.6813 54 1398.61 0.649338
7 139 4 27 0.0082014 54 525 5121.08
7 140 1 24 3.95864 54 239 10.6097
7 140 2 25 106.596 54 5389.2 0.394013
7 140 3 26 45.9501 54 2125.14 0.914034
7 140 4 27 92.001 54 169 0.456517
7 141 2 25 104.944 54 9052.2 0.400212
7 141 3 26 43.5578 54 3550.04 0.964236
7 141 4 27 22.686 54 183 1.85136
7 142 2 25 87.0415 54 7702.18 0.482528
7 142 3 26 64.9675 54 4862.3 0.646477
7 142 4 27 0.000245383 54 49 171161
7 143 2 25 51.0945 54 3795.72 0.822007
7 143 3 26 76.698 54 4844.64 0.547602
7 143 4 27 52.6316 54 88 0.797999
7 144 2 25 173.04 54 8442.57 0.242719
7 144 3 26 244.144 54 5727.26 0.17203
7 144 4 27 62.5566 54 67 0.671392
7 145 2 25 154.461 54 9102.91 0.271913
7 145 3 26 160.656 54 4000.84 0.261429
7 145 4 27 62.047 54 43 0.676907
7 146 2 25 94.935 54 6620.91 0.442408
7 146 3 26 64.7774 54 3706.81 0.648375
7 146 4 27 8.00876 54 140 5.24425
7 147 2 25 90.4204 54 6599.04 0.464497
7 147 3 26 35.0189 54 3656.77 1.19935
7 147 4 27 10.3013 54 343 4.07715
7 148 2 25 102.038 54 5961.81 0.41161
7 148 3 26 53.0875 54 2208.36 0.791147
7 148 4 27 59.5095 54 172 0.705769
7 149 2 25 85.6964 54 5444.18 0.490102
7 149 3 26 109.246 54 3733.77 0.384452
7 149 4 27 0.00090865 54 273 46222.4
7 150 2 25 95.8126 54 8675.98 0.438356
7 150 3 26 68.688 54 7005.29 0.61146
7 150 4 27 21.3068 54 176 1.9712
7 151 2 25 126.336 54 5833.38 0.332446
7 151 3 26 136.688 54 5552.48 0.307269
7 151 4 27 8.18734 54 206 5.12987
7 152 2 25 149.255 54 6578.46 0.281398
7 152 3 26 53.9272 54 1478.57 0.778827
7 152 4 27 0.455439 54 24 92.2187
7 153 2 25 65.0294 54 9791.04 0.645861
7 153 3 26 111.989 54 8227.69 0.375037
7 153 4 27 23.9358 54 69 1.75469
7 154 2 25 35.346 54 11676.3 1.18825
7 154 3 26 75.5459 54 12449.9 0.555953
7 154 4 27 33.3544 54 18 1.2592
7 155 1 25 12.3238 54 3103.43 3.40803
7 155 2 26 47.6488 54 10147.5 0.881449
7 155 3 27 16.8676 54 122 2.48998
7 156 2 25 99.9606 54 14011.2 0.420165
7 156 3 26 68.9031 54 8600.41 0.609551
7 156 4 27 6.61869 54 20 6.34566
7 157 2 25 175.385 54 13918.5 0.239473
7 157 3 26 181.202 54 7651.18 0.231786
7 157 4 27 6.59836 54 5 6.36521
7 158 2 25 86.1563 54 13576.9 0.487486
7 158 3 26 49.7744 54 7490.41 0.843807
7 158 4 27 3.20742 54 10 13.0946
7 159 2 25 24.6527 54 5298.67 1.70367
7 159 3 26 68.8739 54 9867.98 0.60981
7 160 2 25 62.4719 54 12636.1 0.672303
7 160 3 26 50.8578 54 7162.9 0.825832
7 160 4 27 0.00849895 54 393 4941.79
7 161 2 25 329.768 54 10949.2 0.127362
7 161 3 26 137.886 54 7971.38 0.3046
7 161 4 27 32.8289 54 37 1.27936
7 162 2 25 125.199 54 17265 0.335466
7 162 3 26 57.8253 54 9993.42 0.726325
7 162 4 27 0.00389854 54 193 10773.3
7 163 1 25 50.7564 54 6965.7 0.827481
7 163 2 26 119.538 54 5138.19 0.351353
7 163 3 27 0.00462993 54 308 9071.42
7 164 2 25 148.2 54 12145.3 0.2834
7 164 3 26 79.9102 54 7861.46 0.52559
7 164 4 27 3.77617 54 81 11.1224
7 165 2 25 283.424 54 11790 0.148188
7 165 3 26 75.6615 54 11336.1 0.555104
7 165 4 27 71.124 54 93 0.590518
7 166 2 25 143.928 54 13063.8 0.291812
7 166 3 26 59.0412 54 13092.2 0.711367
7 166 4 27 0.00846821 54 576 4959.72
7 167 2 25 93.7371 54 5407.31 0.448062
7 167 3 26 218.842 54 10068.9 0.19192
7 167 4 27 69.6867 54 25 0.602698
7 168 2 25 122.374 54 10500 0.343211
7 168 3 26 227.447 54 9811.34 0.184659
7 168 4 27 0.0158259 54 376 2653.87
7 169 2 25 202.73 54 11913.1 0.207172
7 169 3 26 87.7671 54 9061.35 0.478539
7 169 4 27 13.0309 54 278 3.22311
7 170 2 25 220.213 54 11921.7 0.190725
7 170 3 26 157.648 54 10182.9 0.266417
7 170 4 27 0.00518106 54 468 8106.45
7 171 2 25 67.5896 54 5593.99 0.621397
7 171 3 26 175.272 54 9733.32 0.239627
7 171 4 27 44.6439 54 298 0.940779
7 172 2 25 246.43 54 9859.74 0.170434
7 172 3 26 171.705 54 7247.14 0.244606
7 172 4 27 0.00136251 54 152 30825.4
7 173 2 25 172.163 54 11593.6 0.243955
7 173 3 26 62.6753 54 9966.52 0.670121
7 173 4 27 42.1131 54 55 0.997315
7 174 2 25 166.355 54 9355.71 0.252472
7 174 3 26 198.52 54 9327.86 0.211565
7 174 4 27 50.499 54 131 0.831699
7 175 1 25 75.6704 54 1355.31 0.555039
7 175 2 26 46.9737 54 8211.84 0.894118
7 175 3 27 19.5642 54 75 2.14678
7 176 2 25 65.9246 54 9262 0.637091
7 176 3 26 288.067 54 10714.3 0.145799
7 176 4 27 40.659 54 149 1.03298
7 177 2 25 49.5677 54 10649.2 0.847326
7 177 3 26 131.226 54 12268.5 0.320058
7 177 4 27 20.2516 54 18 2.07391
7 178 2 25 91.6358 54 15459.7 0.458336
7 178 3 26 100.276 54 16272.8 0.418845
7 178 4 27 2.48439 54 2 16.9056
7 179 2 25 58.7942 54 3866.55 0.714356
7 179 3 26 81.9752 54 10166 0.51235
7 179 4 27 74.0797 54 138 0.566957
7 180 2 25 204.044 54 12704.7 0.205838
7 180 3 26 128.806 54 13658.2 0.326071
7 180 4 27 48.4022 54 81 0.86773
7 181 2 25 177.524 54 13424.5 0.236587
7 181 3 26 114.397 54 15552.3 0.367144
7 181 4 27 4.48454 54 2 9.3655
7 182 1 25 57.2655 54 15156.1 0.733426
7 182 2 26 40.2609 54 10432.4 1.04319
7 182 3 27 40.6433 54 66 1.03338
7 183 1 25 106.8 54 3755.43 0.393257
7 183 2 26 59.836 54 10780.4 0.701919
7 183 3 27 32.2469 54 297 1.30245
7 184 2 25 171.533 54 11873.6 0.24485
7 184 3 26 159.307 54 7919.02 0.263642
7 184 4 27 0.000157506 54 126 266657
7 185 2 25 198.628 54 13192.4 0.21145
7 185 3 26 126.316 54 13219.4 0.3325
7 185 4 27 0.000454233 54 88 92463.6
7 186 2 25 139.849 54 12341.9 0.300324
7 186 3 26 72.657 54 11408.3 0.578058
7 186 4 27 58.7487 54 197 0.714909
7 187 1 25 63.4828 54 3131.97 0.661596
7 187 2 26 60.2415 54 10577.6 0.697194
7 187 3 27 7.20238 54 81 5.8314
7 188 2 25 153.186 54 9478.26 0.274177
7 188 3 26 141.456 54 4923.4 0.296912
7 188 4 27 3.25738 54 61 12.8938
8 1 2 31 11.1889 54 398 3.7537
8 2 2 31 31.3125 54 1517 1.34132
8 3 2 31 0.00952545 54 996 4409.24
8 4 2 31 58.4798 54 125 0.718197
8 5 2 31 0.00132358 54 335 31732.2
8 6 1 31 63.8239 54 694 0.65806
8 7 2 31 0.00845884 54 900 4965.22
8 8 2 31 40.6105 54 485 1.03422
8 9 2 31 48.6803 54 210 0.862771
8 10 1 28 56.857 54 180 0.738696
8 10 2 31 66.0604 54 1173 0.635782
8 11 2 31 45.6969 54 801 0.919099
8 12 2 31 32.2178 54 77 1.30363
8 13 2 31 15.591 54 7 2.69387
8 14 2 31 10.7053 54 103 3.92329
8 15 1 28 24.2956 54 284 1.72871
8 15 2 31 32.8266 54 78 1.27945
8 17 1 28 34.4139 54 310 1.22044
8 17 2 31 61.2705 54 154 0.685485
8 18 4 31 47.8171 54 319 0.878346
8 19 2 31 39.3387 54 758 1.06765
8 20 2 31 92.2079 54 131 0.455492
8 21 1 28 10.976 54 30 3.82653
8 21 2 31 25.5185 54 193 1.64587
8 22 2 31 52.5644 54 127 0.799019
8 23 2 31 95.4832 54 261 0.439868
8 24 1 28 9.52193 54 3 4.41087
8 24 2 31 64.5619 54 878 0.650538
8 25 1 28 28.4228 54 4714 1.47769
8 25 2 31 173.626 54 1386 0.2419
8 26 1 28 31.9747 54 24364 1.31354
8 26 2 31 50.8605 54 85 0.825789
8 27 1 28 23.2301 54 7520 1.808
8 27 3 31 4.16638 54 66 10.0807
8 28 1 28 25.5598 54 2236 1.64321
8 28 2 31 41.4707 54 316 1.01276
8 29 1 28 25.589 54 2885 1.64133
8 29 2 31 49.6492 54 288 0.845935
8 30 2 31 70.4142 54 192 0.59647
8 31 1 28 47.6538 54 1007 0.881357
8 31 2 31 41.3804 54 287 1.01497
8 32 1 28 35.1915 54 1173 1.19347
8 32 2 31 68.3413 54 590 0.614563
8 33 1 28 45.1733 54 1761 0.929753
8 33 2 31 74.2798 54 193 0.56543
8 34 1 28 50.1864 54 15382 0.836881
8 35 1 28 7.47466 54 356 5.61899
8 35 2 31 43.7927 54 83 0.959063
8 36 1 28 1.20092 54 56 34.9731
8 36 2 31 35.7306 54 296 1.17546
8 37 2 31 18.6901 54 71 2.24718
8 39 3 31 20.1092 54 103 2.08859
8 40 1 28 41.1162 54 205 1.0215
8 40 4 31 26.3286 54 284 1.59522
8 41 1 28 12.2912 54 8 3.41709
8 41 4 31 22.5438 54 168 1.86304
8 42 4 31 18.4723 54 22 2.27367
8 43 4 31 29.7762 54 84 1.41052
8 44 1 28 24.6804 54 40 1.70176
8 44 4 31 29.44 54 524 1.42663
8 45 1 28 5.44764 54 46 7.70976
8 45 4 31 61.1596 54 240 0.686728
8 46 4 31 5.80694 54 11 7.23273
8 47 4 31 22.6164 54 40 1.85706
8 48 1 28 51.5414 54 47 0.814878
8 48 4 31 55.9396 54 979 0.75081
8 49 1 28 2.98016 54 51 14.0932
8 49 4 31 38.6919 54 1037 1.0855
8 50 4 31 18.9781 54 5 2.21308
8 51 4 31 25.755 54 33 1.63075
8 52 1 28 22.3554 54 34 1.87874
8 52 4 31 48.2487 54 181 0.870491
8 53 4 31 54.5805 54 168 0.769505
8 54 4 31 34.4309 54 23 1.21983
8 55 4 31 37.33 54 110 1.1251
8 56 1 28 10.1716 54 205 4.12914
8 56 4 31 96.2428 54 104 0.436396
8 57 4 31 85.3006 54 968 0.492376
8 58 4 31 4.06019 54 5 10.3443
8 59 4 31 75.1483 54 152 0.558895
8 60 1 28 44.4775 54 476 0.944298
8 60 4 31 62.9519 54 158 0.667176
8 61 1 28 31.076 54 141 1.35153
8 61 4 31 57.3435 54 73 0.732429
8 62 1 28 15.2411 54 137 2.75572
8 62 4 31 84.5131 54 53 0.496964
8 63 4 31 11.9415 54 15 3.51716
8 64 4 31 35.2224 54 21 1.19242
8 65 4 31 46.992 54 215 0.89377
8 66 1 28 19.5417 54 371 2.14925
8 66 2 29 33.4786 54 324 1.25453
8 66 3 30 27.5908 54 186 1.52225
8 67 4 31 24.9009 54 37 1.68669
8 68 1 28 8.9566 54 157 4.68928
8 68 4 31 34.7924 54 143 1.20716
8 69 4 31 31.1306 54 351 1.34915
8 70 4 31 17.7161 54 16 2.37072
8 71 4 31 26.7566 54 25 1.56971
8 72 1 28 28.2171 54 137 1.48846
8 72 2 29 6.53363 54 241 6.42828
8 72 3 30 16.7571 54 150 2.5064
8 72 4 31 43.8035 54 183 0.958827
8 73 2 29 36.8804 54 1796 1.13881
8 73 3 30 52.9877 54 1849 0.792637
8 73 4 31 28.2451 54 24 1.48698
8 74 2 29 36.386 54 168 1.15429
8 74 3 30 55.7024 54 1652 0.754007
8 74 4 31 25.6065 54 19 1.64021
8 75 2 29 41.1644 54 1943 1.0203
8 75 3 30 44.7935 54 5116 0.937635
8 75 4 31 10.4343 54 5 4.02519
8 76 1 28 93.6495 54 921 0.448481
8 76 2 29 42.7398 54 1096 0.98269
8 76 3 30 129.942 54 6260 0.323221
8 76 4 31 134.447 54 137 0.31239
8 77 1 28 19.3142 54 8 2.17457
8 77 3 30 36.4889 54 82.5 1.15104
8 77 4 31 70.6289 54 793 0.594657
8 78 2 29 16.4692 54 50 2.55022
8 78 3 30 55.8358 54 2631 0.752205
8 79 1 28 31.8274 54 9065 1.31962
8 79 2 29 30.2947 54 86 1.38638
8 79 3 30 50.2783 54 4541 0.83535
8 79 4 31 25.7906 54 26 1.6285
8 80 1 28 31.8733 54 346 1.31772
8 80 2 29 34.0387 54 629 1.23389
8 80 3 30 40.1065 54 3988 1.04721
8 80 4 31 83.2291 54 127 0.504631
8 81 1 28 16.4078 54 3535 2.55976
8 81 2 29 46.5974 54 3240 0.901338
8 81 3 30 43.553 54 2855 0.964342
8 81 4 31 15.8401 54 19 2.65151
8 82 1 28 14.8291 54 2879 2.83226
8 82 2 29 41.185 54 2631 1.01979
8 82 3 30 29.1407 54 3579 1.44128
8 82 4 31 9.89327 54 9 4.24531
8 83 1 28 11.9445 54 655 3.51626
8 83 2 29 51.9281 54 1114 0.808811
8 83 3 30 34.5753 54 1269 1.21474
8 83 4 31 1.60018e-06 54 15 2.6247e+07
8 84 1 28 17.4745 54 100 2.4035
8 84 2 29 29.637 54 1250 1.41715
8 84 3 30 42.6203 54 900 0.985445
8 84 4 31 21.3023 54 111 1.97162
8 85 2 29 26.2987 54 3006 1.59704
8 85 3 30 34.1798 54 1366 1.2288
8 85 4 31 23.7943 54 71 1.76513
8 86 2 29 21.7361 54 1527 1.93227
8 86 3 30 64.7158 54 4683 0.648992
8 86 4 31 14.1423 54 11 2.96982
8 87 2 29 20.4086 54 3075 2.05796
8 87 3 30 35.3245 54 4635 1.18898
8 87 4 31 55.7237 54 26 0.753719
8 88 1 28 6.20347 54 60 6.7704
8 88 2 29 51.1022 54 1370 0.821883
8 88 3 30 24.3629 54 2638 1.72393
8 88 4 31 6.4959 54 60 6.46562
8 89 1 28 53.9916 54 297 0.777899
8 89 2 29 54.7566 54 3325.79 0.767031
8 89 3 30 62.3019 54 1912 0.674137
8 89 4 31 8.83726 54 8 4.75261
8 90 1 28 45.7259 54 257 0.918516
8 90 2 29 32.7453 54 764 1.28263
8 90 3 30 62.6907 54 4179 0.669956
8 91 2 29 46.0364 54 582 0.912322
8 91 3 30 67.8733 54 4010 0.6188
8 92 1 28 60.5424 54 553 0.693729
8 92 2 29 32.2395 54 1623 1.30275
8 92 3 30 137.993 54 5898 0.304364
8 92 4 31 72.1064 54 167 0.582473
8 93 1 28 138.72 54 656 0.302768
8 93 2 29 63.2733 54 668 0.663787
8 93 3 30 97.9231 54 2243 0.428908
8 93 4 31 20.6018 54 155 2.03866
8 94 1 28 56.8684 54 413 0.738548
8 94 3 31 27.6294 54 20 1.52012
8 95 1 28 28.3782 54 51 1.48001
8 95 2 29 17.2772 54 70 2.43095
8 95 3 30 29.9981 54 150 1.40009
8 95 4 31 2.71364 54 1 15.4773
8 96 1 28 15.5155 54 180 2.70697
8 96 2 29 16.7977 54 82 2.50034
8 96 4 31 10.6123 54 6 3.95768
8 97 2 29 26.598 54 1686 1.57907
8 97 3 30 20.1795 54 385 2.08132
8 97 4 31 1.11743 54 1 37.5864
8 98 1 28 49.3845 54 845 0.85047
8 98 2 29 51.8687 54 1135 0.809736
8 98 3 30 51.6393 54 2655 0.813334
8 98 4 31 30.5216 54 32 1.37608
8 99 1 28 86.548 54 271 0.48528
8 99 2 29 32.8171 54 1757 1.27982
8 99 3 30 66.0653 54 3614 0.635735
8 99 4 31 3.01162 54 58 13.946
8 100 1 28 24.5911 54 300 1.70794
8 100 2 29 44.7059 54 3307 0.939472
8 100 4 31 23.2811 54 27 1.80404
8 101 2 29 51.1773 54 3248 0.820676
8 101 3 30 9.61206 54 55 4.36951
8 101 4 31 5.79429 54 2 7.24851
8 102 2 29 32.9007 54 5388 1.27657
8 102 3 30 20.6149 54 1577 2.03736
8 102 4 31 27.783 54 7 1.51172
8 103 2 29 18.6437 54 1750 2.25277
8 103 3 30 39.1222 54 3660 1.07356
8 103 4 31 25.0896 54 41 1.674
8 104 2 29 32.0805 54 1670.94 1.30921
8 104 3 30 18.4376 54 175 2.27795
8 104 4 31 2.15521 54 4 19.4877
8 105 2 29 49.3187 54 6393 0.851603
8 105 3 30 16.9772 54 219.685 2.47391
8 106 2 29 31.2288 54 5246.55 1.34491
8 106 3 30 66.9617 54 788.062 0.627224
8 106 4 31 4.47761 54 5 9.38001
8 107 2 29 51.0364 54 6318.22 0.822941
8 107 3 30 45.4017 54 5854.41 0.925076
8 107 4 31 5.75539 54 4 7.29751
8 108 1 28 13.6753 54 50 3.07123
8 108 2 29 55.853 54 6036.8 0.751974
8 108 3 30 64.1128 54 2544 0.655096
8 108 4 31 13.161 54 110 3.19126
8 109 1 28 45.4624 54 548 0.92384
8 109 2 29 55.7493 54 5739.48 0.753372
8 109 3 30 17.9781 54 69 2.33618
8 109 4 31 12.8495 54 107 3.26861
8 110 2 29 30.8921 54 8470.21 1.35957
8 110 4 31 176.046 54 87 0.238575
8 111 2 29 25.3741 54 8208.14 1.65523
8 111 4 31 14.8295 54 49 2.83218
8 112 1 28 28.5932 54 765 1.46888
8 112 2 29 26.6728 54 5583.05 1.57464
8 112 3 30 3.55043 54 280.802 11.8295
8 112 4 31 23.3015 54 9 1.80246
8 113 2 29 116.006 54 8509.18 0.36205
8 113 3 30 43.2037 54 443.825 0.972139
8 113 4 31 22.2556 54 14 1.88717
8 114 2 29 35.9192 54 8426.35 1.16929
8 114 3 30 30.342 54 335 1.38422
8 114 4 31 32.262 54 30 1.30184
8 115 2 29 84.7532 54 8858.42 0.495557
8 115 3 30 43.3165 54 2637.78 0.969606
8 115 4 31 29.4473 54 65 1.42628
8 116 1 28 41.9568 54 58 1.00103
8 116 2 29 70.1729 54 5049.14 0.598521
8 116 3 30 25.5186 54 945.806 1.64586
8 116 4 31 24.2768 54 63 1.73005
8 117 2 29 43.0159 54 4125.88 0.976382
8 117 3 30 12.1581 54 67 3.45448
8 117 4 31 37.6427 54 69 1.11575
8 118 2 29 74.4532 54 4883.05 0.564113
8 118 3 30 134.1 54 3155.87 0.313198
8 118 4 31 99.304 54 94 0.422944
8 119 2 29 88.8792 54 6853.64 0.472552
8 119 3 30 147.856 54 3676.13 0.284061
8 119 4 31 28.6264 54 229 1.46718
8 120 1 28 8.57843 54 54 4.896
8 120 2 29 166.286 54 5362.6 0.252576
8 120 3 30 60.1097 54 752 0.698722
8 120 4 31 36.5269 54 65 1.14984
8 121 2 29 171.448 54 6169.53 0.244972
8 121 3 30 35.1469 54 3125.3 1.19499
8 121 4 31 0.000810087 54 509 51846.3
8 122 2 29 65.1218 54 4266.49 0.644945
8 122 3 30 37.8332 54 5594.71 1.11014
8 122 4 31 0.0848594 54 1998 494.936
8 123 2 29 101.992 54 1392.32 0.411799
8 123 3 30 39.5917 54 5295.14 1.06083
8 123 4 31 106.837 54 3617 0.393121
8 124 1 28 32.4392 54 75 1.29473
8 124 2 29 159.949 54 1048.08 0.262584
8 124 3 30 68.3898 54 5271.49 0.614127
8 124 4 31 0.00562351 54 2075 7468.65
8 125 4 31 168.326 54 1166 0.249516
8 126 3 31 143.628 54 2107 0.292422
8 127 1 29 37.1471 54 1271.68 1.13064
8 127 3 31 367.543 54 2298 0.114272
8 128 2 29 67.2113 54 4164.44 0.624895
8 128 3 30 30.9704 54 1317 1.35613
8 128 4 31 118.854 54 649 0.353376
8 129 2 29 81.3981 54 3050.49 0.515982
8 129 3 30 31.3793 54 635.023 1.33846
8 129 4 31 0.0274697 54 1197 1528.96
8 130 2 29 45.8956 54 4267.5 0.91512
8 130 3 30 15.4703 54 2716.11 2.71488
8 130 4 31 0.0186339 54 1108 2253.96
8 131 1 29 85.2718 54 3217.4 0.492542
8 131 2 30 108.711 54 1275 0.386344
8 131 3 31 0.0346087 54 3233 1213.57
8 132 2 29 49.8297 54 1848.44 0.842871
8 132 3 30 52.8058 54 463 0.795367
8 132 4 31 0.00725263 54 673 5791
8 133 2 29 9.58928 54 2144.41 4.37989
8 133 3 30 50.0521 54 671 0.839126
8 133 4 31 117.692 54 359 0.356864
8 134 2 29 94.2546 54 2022.88 0.445602
8 134 3 30 95.559 54 2165.67 0.439519
8 134 4 31 0.0695348 54 2521 604.014
8 135 1 29 65.0528 54 2197.53 0.645629
8 135 2 30 194.788 54 3693.73 0.215619
8 135 3 31 258.082 54 1422 0.162739
8 136 2 29 23.1621 54 1783.28 1.81331
8 136 3 30 154.3 54 5401.5 0.272197
8 136 4 31 74.1118 54 1021 0.566712
8 137 2 29 33.0455 54 309 1.27097
8 137 3 30 23.9678 54 52 1.75235
8 137 4 31 0.0109742 54 900 3827.17
8 138 2 29 126.151 54 3620.86 0.332935
8 138 4 31 194.719 54 2822 0.215695
8 139 1 29 78.0815 54 5414.93 0.537899
8 139 2 30 137.52 54 2610.71 0.305411
8 139 3 31 138.357 54 3927 0.303563
8 140 1 29 140.334 54 7444.51 0.299286
8 140 2 30 72.5475 54 1096.2 0.578931
8 140 3 31 0.00107183 54 647 39185.3
8 141 2 29 25.2471 54 1865.35 1.66356
8 141 3 30 15.2402 54 129.083 2.75587
8 141 4 31 175.19 54 710 0.23974
8 142 2 29 117.805 54 6310.57 0.356521
8 142 3 30 45.087 54 2010.38 0.931532
8 142 4 31 73.8412 54 1524 0.568788
8 143 1 29 87.0112 54 6610.51 0.482696
8 143 2 30 132.142 54 4502 0.317839
8 143 3 31 148.644 54 955 0.282555
8 144 2 29 91.1943 54 4550 0.460555
8 144 3 30 55.0316 54 3884 0.763198
8 144 4 31 183.746 54 777 0.228576
8 145 2 29 115.957 54 2809.96 0.362203
8 145 3 30 43.3237 54 1107.47 0.969446
8 145 4 31 148.236 54 499 0.283333
8 146 1 29 73.6178 54 8413.96 0.570514
8 146 2 30 78.9494 54 3773.08 0.531986
8 146 3 31 44.7877 54 872 0.937758
8 147 1 29 59.8433 54 3661.7 0.701834
8 147 2 30 104.926 54 3284.95 0.400283
8 147 3 31 22.3729 54 1447 1.87727
8 148 2 29 186.895 54 6341.68 0.224725
8 148 3 30 65.154 54 3233.36 0.644627
8 148 4 31 50.3183 54 746 0.834687
8 149 2 29 128.776 54 5725.53 0.326149
8 149 3 30 39.2994 54 489.906 1.06872
8 149 4 31 58.5969 54 378 0.716762
8 150 2 29 100.662 54 8816.42 0.417237
8 150 3 30 39.3007 54 2988.54 1.06868
8 150 4 31 113.341 54 2057 0.370562
8 151 2 29 90.2226 54 7706.29 0.465515
8 151 3 30 537.804 54 9967.38 0.0780953
8 151 4 31 0.235105 54 3591 178.643
8 152 2 29 211.531 54 9598.51 0.198552
8 152 3 30 295.275 54 5869.61 0.14224
8 152 4 31 136.017 54 2042 0.308786
8 153 2 29 205.31 54 15411 0.204568
8 153 3 30 103.705 54 9741.19 0.404996
8 153 4 31 88.9092 54 855 0.472392
8 154 1 29 179.565 54 8803.33 0.233899
8 154 2 30 8.24136 54 8242.96 5.09625
8 154 3 31 202.516 54 2502 0.207391
8 155 2 30 57.997 54 8077.36 0.724175
8 155 3 31 238.295 54 2370 0.176252
8 156 2 29 123.417 54 10095.4 0.340309
8 156 3 30 73.0216 54 6163 0.575172
8 156 4 31 162.401 54 2465 0.258619
8 157 2 29 254.16 54 12535.8 0.16525
8 157 3 30 46.4021 54 465 0.905132
8 157 4 31 82.086 54 2603 0.511659
8 158 2 29 110.217 54 22550.9 0.381067
8 158 3 30 16.0848 54 397.087 2.61116
8 158 4 31 0.0113545 54 2155 3698.98
8 159 1 29 18.1045 54 308.068 2.31987
8 159 2 30 27.315 54 2315.69 1.53762
8 159 3 31 209.059 54 1349 0.2009
8 160 2 29 37.1881 54 13473.2 1.12939
8 160 3 30 28.5964 54 7541.16 1.46872
8 160 4 31 25.5627 54 780 1.64302
8 161 2 29 79.4384 54 13969.8 0.528712
8 161 3 30 82.0175 54 9822.73 0.512086
8 161 4 31 67.6222 54 317 0.621098
8 162 1 29 92.651 54 18282.1 0.453314
8 162 2 30 104.669 54 11579.5 0.401266
8 162 3 31 60.3415 54 420 0.696038
8 163 1 29 44.8822 54 3267.9 0.935784
8 163 2 30 81.6461 54 15021 0.514415
8 163 3 31 148.313 54 453 0.283185
8 164 2 29 201.265 54 14673.8 0.20868
8 164 3 30 217.632 54 7390.17 0.192986
8 164 4 31 0.0836074 54 2244 502.348
8 165 2 29 67.1281 54 15849.6 0.625669
8 165 3 30 123.54 54 1634.68 0.339971
8 165 4 31 0.000489858 54 681 85739.1
8 166 2 29 170.188 54 11372.6 0.246786
8 166 3 30 147.246 54 5219.65 0.285237
8 166 4 31 273.42 54 1424 0.15361
8 167 2 29 61.39 54 2653.12 0.684151
8 167 3 30 30.0683 54 12221.4 1.39682
8 167 4 31 98.1431 54 1076 0.427946
8 168 2 29 57.1529 54 17007.1 0.734871
8 168 3 30 174.56 54 10654.8 0.240605
8 168 4 31 201.521 54 1082 0.208415
8 169 2 29 115.677 54 20371.6 0.36308
8 169 3 30 137.204 54 9879.64 0.306113
8 169 4 31 124.558 54 291 0.337193
8 170 2 29 179.66 54 20714.6 0.233775
8 170 3 30 176.011 54 10414.4 0.238621
8 170 4 31 0.00396004 54 1074 10606
8 171 2 29 122.436 54 6015.41 0.343035
8 171 3 30 95.9788 54 17709 0.437596
8 171 4 31 0.0568531 54 3535 738.746
8 172 2 29 154.792 54 16758.6 0.271332
8 172 3 30 88.0515 54 18353.5 0.476994
8 172 4 31 79.0244 54 1205 0.531482
8 173 2 29 170.935 54 21563.7 0.245708
8 173 3 30 24.0588 54 14876.8 1.74572
8 173 4 31 56.947 54 496 0.737528
8 174 2 29 187.954 54 19494.1 0.223459
8 174 3 30 48.3656 54 15075.7 0.868386
8 174 4 31 189.118 54 2648 0.222084
8 175 1 29 98.4564 54 8391.33 0.426585
8 175 2 30 214.34 54 20375 0.19595
8 175 3 31 71.8362 54 999 0.584664
8 176 2 29 92.7847 54 22358.5 0.452661
8 176 3 30 63.01 54 20914.7 0.666561
8 176 4 31 0.0577648 54 2715 727.086
8 177 2 29 69.0582 54 19338.8 0.608182
8 177 3 30 87.3315 54 11623.9 0.480926
8 177 4 31 50.8479 54 1175 0.825992
8 178 1 29 220.187 54 23115.1 0.190747
8 178 2 30 69.4364 54 12713 0.60487
8 178 3 31 176.813 54 1780 0.237539
8 179 1 29 118.099 54 4536.64 0.355635
8 179 2 30 52.3018 54 11720.5 0.803031
8 179 3 31 0.0122328 54 1905 3433.4
8 180 2 29 364.173 54 23938.1 0.11533
8 180 3 30 67.9082 54 7359.08 0.618482
8 180 4 31 1.69996e-05 54 1392 2.47065e+06
8 181 2 29 166.072 54 23157.7 0.252902
8 181 3 30 127.237 54 4587 0.330093
8 181 4 31 5.1056e-05 54 406 822625
8 182 1 29 247.521 54 20944 0.169682
8 182 2 30 41.1677 54 8286.79 1.02022
8 182 3 31 115.871 54 1159 0.362473
8 183 1 29 119.005 54 9289.17 0.352925
8 183 2 30 84.5184 54 9372.63 0.496933
8 183 3 31 51.8413 54 1528 0.810166
8 184 2 29 130.099 54 15218.2 0.32283
8 184 3 30 67.098 54 6362.4 0.625951
8 184 4 31 0.00768373 54 1029 5466.09
8 185 2 29 130.435 54 20837.9 0.321999
8 185 3 30 63.6325 54 5508.26 0.660041
8 185 4 31 264.652 54 1170 0.158699
8 186 2 29 215.624 54 19978.4 0.194783
8 186 3 30 46.1065 54 8434.86 0.910934
8 186 4 31 40.0063 54 1132 1.04983
8 187 1 29 64.4351 54 6973.46 0.651819
8 187 2 30 18.6566 54 13774.6 2.25121
8 187 3 31 0.0889025 54 1665 472.428
8 188 1 29 164.891 54 25815.1 0.254713
8 188 2 30 200.054 54 9103.48 0.209944
8 188 3 31 0.133076 54 1957 315.61
