234943 234943 0.000161311 0.0017407 0.0167901 0.0215122 0.0151038 0.011431 0.0103621 0.0101563 0.0102005 0.0102741 0.0102989 0.0102671 0.0102007 0.0101254 0.0100631 0.0100378  4.86583e+07 2.99366e+07 6.06301e+06 2.25654e+06 953156 440865 149771 123413 98649.5 61899.4 26237 19635.6 14516.1 8898.28 3928.18 882.505
6.60328e+06 6.60328e+06 0.00271585 0.0288556 0.242233 0.298606 0.222229 0.173911 0.159236 0.156369 0.156939 0.157878 0.158109 0.157542 0.156503 0.155363 0.154435 0.154062  8.7441e+06 2.78165e+07 1.64651e+07 3.60028e+06 1.65945e+06 938087 511532 189101 152662 122667 78066.5 34162.9 24977.3 18214.5 11122.9 6328.44
1.99657e+06 1.99657e+06 0.0023131 0.0246326 0.210963 0.261374 0.192915 0.150261 0.137392 0.134891 0.135406 0.136247 0.136469 0.135993 0.1351 0.134115 0.13331 0.132986  2.31531e+06 1.62092e+06 5.13345e+06 2.47486e+06 555695 319509 210231 122770 47089.4 36978.4 29203.5 18365.3 7984.67 5674.74 4064.04 3880.56
534868 534868 0.000954459 0.0102498 0.0945873 0.119672 0.0856307 0.065507 0.0595702 0.0584214 0.0586625 0.0590625 0.0591871 0.0589948 0.0586109 0.0581801 0.057825 0.0576816  8.27784e+06 1.22253e+06 880692 2.3487e+06 1.16467e+06 317063 200394 134428 77404.6 28845.7 21881.9 16657.2 10106.7 4258.09 2953.01 4058.94
320453 320453 0.000382598 0.00412307 0.0392817 0.0501531 0.0354015 0.0268741 0.0243834 0.0239034 0.0240061 0.0241765 0.0242327 0.0241567 0.0240002 0.0238233 0.023677 0.0236177  4.63853e+07 1.20797e+07 3.18625e+06 720952 1.40034e+06 791610 267860 202835 156620 98681.4 43193.5 32739.3 24475.3 15168.3 6775.86 11088.5
5.99008e+06 5.99008e+06 0.003446 0.0364603 0.295206 0.360613 0.272342 0.214925 0.19726 0.193771 0.194419 0.195504 0.195732 0.194999 0.193704 0.192298 0.191157 0.1907  8.42349e+07 3.03629e+07 9.48169e+06 2.78098e+06 640851 1.27192e+06 777676 293650 227935 180139 116122 52500.2 38652.6 28200.5 17372.2 20568.6
2.39342e+06 2.39342e+06 0.00269496 0.0286159 0.239052 0.2938 0.218951 0.171628 0.157295 0.154551 0.155171 0.156135 0.156386 0.15584 0.154821 0.153698 0.152781 0.152412  2.76741e+06 1.44467e+07 5.63388e+06 1.39545e+06 417884 121339 270345 174067 68098.4 51871.1 40292.5 25562.1 11407 8149.37 5822.25 7768.25
573269 573269 0.000448208 0.00482867 0.0458746 0.0585374 0.0413724 0.0314245 0.0285135 0.0279501 0.0280678 0.0282652 0.0283297 0.0282402 0.028057 0.0278501 0.0276791 0.0276099  4.93525e+07 1.46018e+06 7.79308e+06 2.41549e+06 604229 224816 72834.5 166308 105751 40205.8 29577.5 22139 13547.7 5857.57 4083.16 6682.24
167592 167592 0.000150751 0.0016272 0.0157342 0.0201845 0.014159 0.010708 0.00970339 0.009509 0.00954947 0.00961773 0.00964059 0.0096106 0.00954832 0.00947778 0.00941935 0.0093957  1.93507e+07 1.99923e+07 626372 4.06093e+06 1.69024e+06 734360 351420 93028.3 177105 113723 48932.4 36609.3 27280.9 16889 7551.09 13796.7
8.55689e+06 8.55689e+06 0.00551254 0.0575945 0.420085 0.499522 0.392644 0.317532 0.293647 0.288891 0.289728 0.291101 0.291252 0.290068 0.288125 0.286062 0.28441 0.283751  3.31955e+07 1.2907e+07 1.20906e+07 471589 3.21534e+06 1.58566e+06 844563 433234 110652 198987 128273 57081.2 41752 30454.6 18727.5 23757.9
1.44058e+06 1.44058e+06 0.00301479 0.0319438 0.262025 0.320336 0.240446 0.18932 0.173769 0.170804 0.171492 0.172543 0.172808 0.172197 0.171071 0.169834 0.168826 0.168421  5.12025e+06 5.80405e+06 2.32146e+06 1.29069e+06 54487.4 474209 287619 172975 90532.5 22398.8 38639.9 24390.1 10749.1 7642.16 5463.13 7566.36
791592 791592 0.0013645 0.0146205 0.132204 0.166416 0.120129 0.0923307 0.0840645 0.0824492 0.0827689 0.0833102 0.0834691 0.0831887 0.082644 0.082037 0.0815384 0.0813373  4.50728e+07 2.70022e+06 3.11445e+06 948540 526090 28110.4 275887 172072 102281 52018.2 12425.1 20647 12567.7 5365.63 3721.82 6226.58
182500 182500 0.000261393 0.00281995 0.0271295 0.0347638 0.0244421 0.0185056 0.0167733 0.0164366 0.0165049 0.0166213 0.0166596 0.0166072 0.0164993 0.0163774 0.0162765 0.0162357  1.84533e+07 1.51698e+07 1.32874e+06 1.44499e+06 863267 657098 49183 372714 207089 141900 76253.2 17571.5 27290.5 16678.9 7400.99 13721.7
5.92754e+06 5.92754e+06 0.0047483 0.0498574 0.378629 0.455157 0.352485 0.282331 0.260258 0.255832 0.256573 0.257842 0.25802 0.25699 0.255268 0.253427 0.251947 0.251357  5.03449e+07 1.22207e+07 9.07473e+06 1.13318e+06 1.13506e+06 908405 728500 66319.5 436334 236899 170918 91764 20542.2 30624 18545.1 23624.5
1.48758e+06 1.48758e+06 0.00315006 0.0333628 0.272598 0.333211 0.250575 0.197417 0.18118 0.178043 0.178717 0.17978 0.180034 0.179386 0.178207 0.176917 0.175867 0.175445  1.04499e+07 8.85991e+06 2.24932e+06 1.10817e+06 159140 181041 184512 152565 15004.8 91729.3 48270.1 34810.5 18232.5 3957.3 5748.46 7854.17
722617 722617 0.000812126 0.0087331 0.0815577 0.103655 0.0738206 0.056286 0.0511149 0.050101 0.0502969 0.0506357 0.0507407 0.0505745 0.0502441 0.0498736 0.0495683 0.049445  1.64797e+08 5.51044e+06 4.74934e+06 909686 446924 81611.3 104853 109866 89735.1 8571.09 50565 25622.9 17815.4 9038.34 1913.86 6455.33
205167 205167 0.000176058 0.00190012 0.0183503 0.0235334 0.0165172 0.0124947 0.0113229 0.0110958 0.0111428 0.0112222 0.0112487 0.0112136 0.0111409 0.0110586 0.0109905 0.0109629  6.36797e+07 4.06213e+07 2.97104e+06 1.63547e+06 652760 421086 135073 124150 151957 116198 13266.7 68495.7 33305.6 24070.9 12425.2 11330.8
1.64474e+07 1.64474e+07 0.00868795 0.0887286 0.544755 0.618172 0.514328 0.433267 0.406802 0.402154 0.403735 0.405591 0.405703 0.404048 0.401425 0.398677 0.396493 0.395627  3.65787e+07 2.98171e+07 1.94702e+07 2.38197e+06 1.1822e+06 634089 465057 182801 140891 183416 134521 16492.1 77996.8 36946.4 26776.8 26329.3
3.61128e+06 3.61128e+06 0.00542464 0.0565368 0.405016 0.476512 0.376111 0.305966 0.283983 0.280004 0.281217 0.282809 0.283119 0.282071 0.280243 0.27827 0.276676 0.276039  8.28751e+07 6.83353e+06 4.92589e+06 1.24431e+06 176584 121674 89119.8 74859.4 32937.7 22412.7 29777.7 20833.4 2576.63 11584.7 5360.61 7697.53
909171 909171 0.000860814 0.00925282 0.0860916 0.10927 0.0779327 0.0594744 0.054023 0.0529542 0.0531621 0.0535206 0.0536318 0.0534565 0.0531076 0.0527165 0.0523941 0.052264  1.53962e+07 4.35276e+07 3.51952e+06 1.38532e+06 316573 65600.6 55385.1 42845.4 35806.2 15302 10027.7 12801 8619.97 1031.55 4522.3 5000.92
403989 403989 0.000237049 0.0025578 0.0246493 0.0316041 0.0222047 0.0168037 0.0152278 0.014921 0.0149827 0.0150883 0.0151232 0.0150756 0.0149776 0.0148669 0.0147753 0.0147382  1.37638e+07 8.71748e+06 1.18649e+07 1.58359e+06 925879 416465 192202 98823.4 80374.2 67050.2 33118.9 19546.4 25610.3 16792.1 2230.82 19130.9
1.02618e+07 1.02618e+07 0.00789928 0.0812748 0.526354 0.607368 0.497601 0.413644 0.386075 0.380691 0.381769 0.383334 0.383334 0.381691 0.379145 0.376492 0.37439 0.373557  7.24212e+07 9.1156e+06 6.5958e+06 6.49696e+06 1.38396e+06 929260 481207 262284 127701 100267 83842.7 42463.9 23393 30365.8 19444.8 24812
1.376e+06 1.376e+06 0.00269021 0.0285925 0.240684 0.297031 0.220833 0.172663 0.158011 0.155124 0.155672 0.156596 0.156821 0.156256 0.155225 0.154093 0.153172 0.152801  9.74269e+07 1.27159e+07 1.60693e+06 605875 434589 181637 149554 83643.7 49186.4 22974.1 17302.1 14215 7144.16 3728.13 4786.75 6877.27
1.51098e+06 1.51098e+06 0.000961556 0.0103314 0.0957562 0.121464 0.0867882 0.0662897 0.0602264 0.0590335 0.059259 0.0596524 0.0597717 0.0595736 0.0591835 0.0587473 0.0583882 0.0582432  1.84238e+08 5.14205e+07 6.87585e+06 703013 270250 239302 110926 93295.9 51439.1 29367.3 13240.5 9605.75 7610.99 3705.84 1886.85 5792.44
1.5435e+06 1.5435e+06 0.000658299 0.00708468 0.0666597 0.0848755 0.0602488 0.0458623 0.0416353 0.0408116 0.0409764 0.0412573 0.0413462 0.0412126 0.040944 0.040642 0.0403929 0.0402922  1.52097e+07 4.3661e+07 1.40081e+07 2.45994e+06 541797 361127 272565 182634 140857 76463.8 48480.5 21117.4 14941.7 11690.2 5758.66 11805.6
1.7207e+07 1.7207e+07 0.00762187 0.0786831 0.522145 0.607861 0.494555 0.408463 0.380049 0.374188 0.374969 0.376361 0.376274 0.374602 0.372061 0.369427 0.367345 0.366521  8.36387e+06 8.24204e+06 2.0011e+07 7.33244e+06 1.72688e+06 542503 427271 303559 236950 172138 90871.5 58902.8 24932.6 17000.6 13087.5 19551.7
2.30283e+06 2.30283e+06 0.00612979 0.0638686 0.455491 0.539743 0.42811 0.347739 0.321761 0.316387 0.317095 0.318424 0.318471 0.317112 0.314963 0.312706 0.310908 0.310194  5.07779e+07 1.54266e+06 1.40303e+06 1.55285e+06 541884 217486 91186.3 79857.5 54726 45199.8 31140.8 15773.8 10112.3 4139.16 2750.23 5229.82
2.0124e+06 2.0124e+06 0.00342659 0.0362592 0.293875 0.35908 0.27106 0.213825 0.196187 0.192685 0.193321 0.1944 0.194628 0.1939 0.192614 0.191216 0.190082 0.189627  1.37261e+08 2.6675e+07 794204 389961 397599 204881 100339 44116.8 38200.8 25305.9 20060.1 13249.1 6450.25 3998.03 1595.1 3015.63
1.10801e+06 1.10801e+06 0.000841415 0.00904726 0.0844195 0.10729 0.0764442 0.0582973 0.052944 0.0518933 0.0520941 0.052443 0.0525502 0.0523772 0.0520345 0.0516506 0.0513344 0.0512067  5.40766e+07 3.51764e+07 7.07958e+06 584430 312167 369796 293712 156047 80883 68210.4 43231.6 38794.1 24719.9 11983.7 7628.07 8670.83
1.55149e+07 1.55149e+07 0.00848493 0.0872344 0.560885 0.649614 0.534736 0.444496 0.414119 0.407603 0.408171 0.409427 0.409155 0.407243 0.404445 0.401584 0.399338 0.398452  4.02656e+07 2.57095e+07 1.69096e+07 3.76067e+06 614152 324740 402538 353381 193160 102358 84628.4 51222.9 46906 28772.6 13697.8 18566.2
1.87183e+06 1.87183e+06 0.00283665 0.030104 0.25025 0.307375 0.229571 0.180105 0.165053 0.162132 0.162747 0.163732 0.163977 0.163394 0.162322 0.161144 0.160183 0.159797  3.4519e+07 7.01095e+06 4.27019e+06 1.20742e+06 268294 91690.8 52055.8 68665.3 63036.3 34474.6 17885.4 14383.2 8317.17 7571.83 4516.17 4993.64
995366 995366 0.00104667 0.0112407 0.103742 0.131453 0.0940978 0.0719413 0.0653747 0.0640789 0.0643198 0.0647429 0.0648697 0.0646532 0.0642294 0.0637561 0.0633667 0.0632096  8.46338e+07 1.82114e+07 3.77696e+06 1.8075e+06 515435 143081 54668.8 31804.5 41408.2 36923 19494.4 9742.66 7555.9 4232.89 3759.81 4635.06
532690 532690 0.000414807 0.00447074 0.0426349 0.0544922 0.0384576 0.0291789 0.0264638 0.0259355 0.0260421 0.0262239 0.026283 0.0261994 0.026029 0.0258369 0.025678 0.0256138  5.36842e+07 2.66087e+07 6.00479e+06 1.33673e+06 907971 425361 202481 126763 53870.7 61071.9 59239.4 31030.6 16215.1 12186.5 6647.04 13588
1.52318e+07 1.52318e+07 0.00901665 0.0922071 0.570562 0.652535 0.543026 0.455811 0.42658 0.420716 0.42169 0.423176 0.423003 0.421103 0.418273 0.415362 0.413072 0.412168  2.36438e+07 2.82365e+07 1.49065e+07 3.84522e+06 989266 800539 440909 257240 176075 67985.5 73139.2 71517.9 36530.8 18991 13889.3 22788.1
1.42749e+06 1.42749e+06 0.00226815 0.0241337 0.205326 0.253286 0.187283 0.146214 0.133878 0.131551 0.132125 0.132993 0.133241 0.132794 0.131933 0.130977 0.130193 0.129877  994422 4.2587e+06 4.61664e+06 1.0519e+06 268727 112103 114988 70652.6 45968 31977.8 11384.9 11698.6 11259.8 5613.51 2865.62 5456.23
813051 813051 0.00124439 0.0133461 0.121683 0.153601 0.110508 0.0847475 0.0770922 0.0755863 0.0758726 0.0763681 0.0765143 0.0762573 0.0757575 0.0752002 0.0747422 0.0745575  9.69584e+07 524930 2.30893e+06 2.07574e+06 481686 149935 69129.6 72513.6 44010.7 27852.3 18730.2 6430.42 6376.67 5948.33 2893.9 4208.24
492649 492649 0.000747159 0.00803664 0.0752437 0.0956704 0.0680551 0.0518661 0.0471017 0.0461725 0.0463576 0.0466734 0.0467724 0.0466204 0.0463164 0.0459749 0.0456934 0.0455796  1.26458e+07 2.56832e+07 246968 1.32276e+06 1.13174e+06 504416 219072 108836 99042.6 63613 46009.7 32211.7 10908.2 10063.6 9620.11 11275.6
6.58529e+06 6.58529e+06 0.00504788 0.0524265 0.366539 0.423775 0.335899 0.275808 0.257753 0.255292 0.257142 0.259078 0.259666 0.258889 0.257317 0.255559 0.254116 0.253534  1.8676e+07 8.44347e+06 1.36255e+07 182999 1.11809e+06 956874 559322 276290 139610 117954 75206.3 55739.1 38479.8 12703.2 11296 23312.8
1.2324e+06 1.2324e+06 0.00331863 0.0351168 0.284737 0.347448 0.262103 0.206845 0.189901 0.186607 0.187291 0.188383 0.188633 0.187946 0.186708 0.185357 0.184258 0.183818  2.86504e+07 3.75529e+06 1.51151e+06 1.32836e+06 18108.1 158666 152276 106028 55659.2 28016 22455.4 13953.8 10253.6 6912.73 2218.05 5938.18
938628 938628 0.00148466 0.0158985 0.142983 0.179768 0.130073 0.100086 0.0911384 0.0893781 0.0897134 0.0902907 0.0904566 0.0901493 0.0895578 0.0889001 0.0883604 0.0881428  1.38681e+08 1.51049e+07 2.00862e+06 598974 522781 9136.18 90774.6 89643.5 61650.7 31420 15256.8 11772.6 7051.77 5018.69 3300.74 3818.31
459169 459169 0.000436523 0.00470403 0.0447933 0.0572222 0.0404089 0.030671 0.0278204 0.027266 0.0273783 0.0275693 0.0276313 0.0275435 0.0273644 0.0271624 0.0269955 0.026928  2.14014e+07 3.36984e+07 4.02481e+06 1.10643e+06 513397 424849 18093.5 165633 114770 90265.2 48799.5 24532.5 17402.4 10611 7576.99 10839
1.13789e+07 1.13789e+07 0.00675899 0.0700556 0.479793 0.561364 0.451267 0.370332 0.344139 0.338962 0.339924 0.341415 0.341494 0.340063 0.337788 0.335398 0.333494 0.332737  3.12331e+07 1.57937e+07 1.63391e+07 2.15743e+06 977144 538982 468300 24565.4 212453 129389 108338 59114.2 29218 19760.8 11906.5 20583.3
2.15151e+06 2.15151e+06 0.00429459 0.0452429 0.353028 0.427866 0.328045 0.260953 0.23991 0.235612 0.236244 0.237415 0.237589 0.236644 0.235053 0.233348 0.231975 0.231427  4.42465e+06 6.51146e+06 2.98098e+06 1.44903e+06 177097 139695 96064.1 89195.2 4955.5 41693.5 23219.2 19687.3 10552.7 5084.01 3331.34 5423.31
819367 819367 0.0014423 0.0154501 0.139358 0.175385 0.126752 0.0974545 0.0887154 0.0869922 0.0873159 0.0878775 0.0880391 0.08774 0.087164 0.0865235 0.0859978 0.0857859  1.63819e+07 2.33051e+06 3.44518e+06 1.06565e+06 506027 82745.5 75470.3 53583 49071.4 2640.27 21379.9 11442.1 9340.76 4845.84 2276.74 3845.81
224771 224771 0.000358499 0.00386497 0.0369568 0.0472646 0.0333166 0.0252625 0.022908 0.0224505 0.0225436 0.022702 0.0227539 0.022682 0.0225346 0.0223683 0.0222307 0.022175  2.88622e+07 1.00598e+07 1.35786e+06 1.78539e+06 646949 358403 88505 120701 88251.1 71235.8 4571 35776.7 17085.1 14812.9 7814.78 9832.53
7.79127e+06 7.79127e+06 0.00704454 0.0729425 0.495513 0.579486 0.467453 0.384148 0.356962 0.351452 0.352305 0.353736 0.353742 0.352216 0.349841 0.34736 0.345391 0.34461  2.38549e+07 2.10423e+07 8.08394e+06 1.24341e+06 1.63528e+06 669561 390781 107300 156957 112919 88247.3 5859.93 43231.5 19522.5 17039.4 20216.1
1.53776e+06 1.53776e+06 0.00290879 0.0308225 0.253054 0.309037 0.231768 0.182509 0.167574 0.16477 0.165482 0.166532 0.166812 0.166238 0.165158 0.163968 0.162995 0.162603  5.52947e+06 4.52426e+06 3.932e+06 853361 133521 236109 118523 73132.7 20613.6 30300.1 21166.1 15930.1 1035.02 7409.99 3222.34 6136.43
946549 946549 0.00145189 0.0155528 0.140277 0.176564 0.127613 0.0981154 0.0893152 0.0875783 0.0879019 0.0884655 0.0886269 0.088325 0.0877448 0.0870998 0.0865705 0.0863572  1.36331e+08 2.91595e+06 2.42799e+06 1.61017e+06 347729 68733.4 137106 70827.4 43226.5 11847 16820.3 11321.9 8218.76 517.357 3613.9 4477.01
224474 224474 0.000219145 0.00236308 0.0226486 0.0289396 0.020369 0.0154443 0.0140114 0.0137381 0.0138002 0.0139009 0.0139351 0.0138925 0.013803 0.0137014 0.0136172 0.0135831  2.24366e+07 4.24139e+07 1.42902e+06 1.83967e+06 957377 423695 110168 204882 95609.2 57736.5 17674.6 26394.4 17542 12333.4 808 12192.1
1.43383e+07 1.43383e+07 0.0072316 0.0743063 0.477859 0.544926 0.445536 0.372107 0.349028 0.345463 0.347369 0.349424 0.349829 0.348573 0.34638 0.344018 0.342113 0.341353  1.54415e+07 1.45606e+07 2.29623e+07 1.14046e+06 1.66627e+06 989472 545297 153039 269243 120840 71655.9 21959.4 32124 20732.9 14258.5 14859.6
1.51197e+06 1.51197e+06 0.00278401 0.0294786 0.240721 0.292579 0.21964 0.173369 0.159464 0.156982 0.157784 0.158866 0.159184 0.158667 0.157654 0.156526 0.1556 0.155227  8.40902e+07 2.71486e+06 2.41378e+06 1.70905e+06 95951.6 197330 158722 100561 29150.6 49296.6 21308.9 12200.4 3644.34 5208.77 3288.17 4547.06
1.16223e+06 1.16223e+06 0.00127299 0.0136373 0.123157 0.154695 0.11166 0.0858927 0.0782581 0.0767948 0.0771226 0.077648 0.0778098 0.0775567 0.0770535 0.0764897 0.0760254 0.075838  9.58636e+07 4.43324e+07 1.45417e+06 974068 678614 48290.9 112672 93635.3 58829.2 16609.4 27159.7 11320 6253.73 1810.23 2524.68 3726.69
1.40029e+06 1.40029e+06 0.000832698 0.00895011 0.0832468 0.105594 0.0753128 0.0574993 0.0522536 0.0512362 0.0514462 0.0517979 0.0519083 0.0517401 0.0514031 0.0510248 0.0507128 0.0505868  1.68013e+07 2.30018e+07 1.13714e+07 1.08487e+06 616739 700801 90127.9 197011 136907 94828.8 27246.1 44008.1 17719.6 9732.3 2864.73 9821.39
8.3277e+06 8.3277e+06 0.00557171 0.0574823 0.382397 0.434244 0.34928 0.290578 0.273277 0.271487 0.273865 0.276143 0.276898 0.276156 0.274542 0.272711 0.271198 0.270587  3.74817e+07 9.28665e+06 1.11345e+07 5.60056e+06 868033 551573 780663 122226 247899 172511 120284 33986.3 52823.3 20607.1 11147.1 14358.7
1.09628e+06 1.09628e+06 0.00295406 0.0312432 0.252662 0.306236 0.230758 0.182574 0.168062 0.16548 0.166326 0.16746 0.167789 0.167241 0.166174 0.164987 0.164013 0.163621  3.39713e+06 6.5515e+06 1.68698e+06 936530 386768 97687.2 82345.6 139352 23865.7 46483.4 32018.7 21898.8 6009.18 9047.15 3445.58 4200.13
754523 754523 0.00110524 0.0118514 0.107943 0.135881 0.0977229 0.0750215 0.0683152 0.0670334 0.0673252 0.0677909 0.0679374 0.0677194 0.067281 0.0667885 0.0663824 0.0662184  1.79524e+08 1.79047e+06 3.49923e+06 663351 359933 190289 54839.8 47848.3 80331.7 13398.8 25229.7 16753.8 11054.8 2939.4 4318.1 3581.53
378454 378454 0.000340329 0.0036665 0.0348524 0.04441 0.031365 0.0238327 0.0216378 0.0212207 0.0213179 0.0214732 0.0215257 0.0214598 0.0213217 0.021165 0.0210351 0.0209825  4.90562e+07 5.01426e+07 1.9235e+06 1.58368e+06 566584 386227 204538 99361.2 72111.6 129446 23028.4 41510.3 27334.9 18066 4685.85 12558.6
1.45764e+07 1.45764e+07 0.00548355 0.0569878 0.39969 0.46551 0.369534 0.30259 0.281932 0.278588 0.280139 0.281927 0.28236 0.281391 0.279616 0.277675 0.276098 0.275466  7.89225e+07 2.85698e+07 2.70113e+07 1.48264e+06 1.32377e+06 660144 472069 231726 115964 84561.2 157912 28723.4 48999.2 31861.5 20750.1 19466.6
2.10156e+06 2.10156e+06 0.0022853 0.0242924 0.205034 0.251881 0.186723 0.146152 0.134011 0.131786 0.13242 0.133324 0.133593 0.133158 0.132303 0.131349 0.130565 0.130249  5.31327e+06 1.36416e+07 4.85406e+06 2.62734e+06 132813 192769 128213 95595.3 44335.2 21708.1 15739 29473.3 5278.02 8685.6 5548.02 6903.38
1.03236e+06 1.03236e+06 0.0008087 0.00869063 0.0807202 0.102268 0.0729649 0.0557368 0.0506686 0.0496927 0.0499041 0.0502507 0.0503613 0.0502003 0.0498747 0.0495083 0.0492058 0.0490836  1.08853e+08 2.80392e+06 7.3778e+06 2.13718e+06 1.16702e+06 72370.1 116798 79693.3 58791.9 26545.9 12571.1 8791.51 15890.2 2758.08 4429.31 6232.02
420175 420175 0.000371438 0.00400316 0.0381697 0.0487469 0.0343975 0.0261064 0.0236851 0.0232182 0.0233177 0.0234832 0.0235378 0.0234641 0.023312 0.0231402 0.022998 0.0229404  3.28865e+07 2.92592e+07 1.28297e+06 3.13452e+06 1.40307e+06 973028 134679 193030 134235 89492.9 35450.7 17429.5 12152.2 22710.4 4013.73 15232.2
5.68589e+06 5.68589e+06 0.00286577 0.0303287 0.246586 0.299359 0.225126 0.177905 0.163718 0.161199 0.162025 0.163132 0.163455 0.162921 0.161881 0.160722 0.159772 0.15939  2.48914e+07 1.68567e+07 1.51321e+07 911545 2.52335e+06 1.25319e+06 1.06487e+06 160276 253540 176180 112265 41555.2 19859.9 13699.8 25590.3 21593.2
1.67175e+06 1.67175e+06 0.00268916 0.028527 0.236501 0.289427 0.216187 0.169892 0.155933 0.153342 0.154034 0.155038 0.155316 0.154791 0.15379 0.152681 0.151773 0.151407  3.29383e+06 4.31568e+06 2.98056e+06 2.12316e+06 134379 490107 258941 248450 37336.3 61164.7 41714.3 25527.7 8981.55 4165.39 2829.67 9688.48
626052 626052 0.00108909 0.0116838 0.106854 0.134789 0.0968021 0.0742253 0.0675545 0.0662694 0.0665468 0.0670001 0.0671405 0.066922 0.0664869 0.0659991 0.0655972 0.0654349  4.62325e+07 1.73743e+06 2.32241e+06 1.25227e+06 892007 70590.6 288997 156994 149033 21787.4 34491.9 22674.9 13387.2 4564.04 2065.37 6084.43
240502 240502 0.000303306 0.0032661 0.0309268 0.0392982 0.0277863 0.0211455 0.0192168 0.0188578 0.0189512 0.0190938 0.0191433 0.0190863 0.0189644 0.0188256 0.0187102 0.0186635  2.56009e+07 2.17992e+07 1.2664e+06 1.80757e+06 674566 721747 87110 357416 161917 172485 27199.5 46031.2 29361.7 16665.3 5454.79 9908.05
6.63656e+06 6.63656e+06 0.00389976 0.0410067 0.31585 0.378029 0.290314 0.232358 0.214679 0.211552 0.212595 0.21396 0.214313 0.21358 0.21221 0.210703 0.209474 0.20898  2.01158e+07 1.55238e+07 1.43267e+07 1.1223e+06 1.49993e+06 573039 807908 106802 442552 176755 201933 31083.6 53701.7 33246.1 18389.9 16667.8
1.49098e+06 1.49098e+06 0.00255043 0.0270525 0.2242 0.27376 0.204358 0.160715 0.147635 0.14528 0.146009 0.147012 0.147309 0.146831 0.145892 0.144845 0.143984 0.143638  5.1845e+07 3.68569e+06 2.74005e+06 1.81098e+06 163038 244369 108792 180946 24031.7 99172.5 36538 42109.9 6261.67 10697.3 6479.8 6699.65
916223 916223 0.00114941 0.0123077 0.11078 0.138624 0.100107 0.0771421 0.0703852 0.0691374 0.0694782 0.0699816 0.0701466 0.06993 0.0694827 0.0689773 0.0685596 0.0683906  7.60228e+07 2.73447e+07 1.98273e+06 1.1499e+06 756022 85005.1 143273 65707 108283 14005.7 55896.4 19860.9 22089.7 3183.37 5306.99 6418.75
739598 739598 0.000534898 0.00575845 0.0543547 0.0691983 0.0490368 0.0373114 0.0338787 0.033218 0.0333607 0.0335959 0.0336727 0.0335664 0.0333489 0.0331034 0.0329004 0.0328183  2.61245e+07 2.55242e+07 7.31641e+06 1.3979e+06 707785 678508 161367 183909 68309.6 143274 19431.5 74936.1 24003 28331.2 4031.31 15172.6
3.39065e+06 3.39065e+06 0.00138519 0.0148058 0.13117 0.163285 0.118669 0.0918268 0.0839179 0.0824766 0.0828951 0.083496 0.0836912 0.0834323 0.0828996 0.0822985 0.0818019 0.0816012  1.12666e+08 1.579e+07 1.53903e+07 3.90615e+06 1.2338e+06 657566 758791 225821 217967 76709.6 176868 23815.8 88328.2 26714.8 31878.5 21408.8
1.91093e+06 1.91093e+06 0.00214203 0.022817 0.195971 0.242556 0.17871 0.139184 0.127331 0.12508 0.125612 0.126432 0.126665 0.126238 0.125417 0.124505 0.123758 0.123457  4.8505e+06 1.94834e+07 2.86613e+06 2.71279e+06 697037 277356 157719 197066 62434.9 55731.1 18943.4 44135 5755.34 20779 6076.41 12049
900786 900786 0.000597392 0.00642921 0.0605092 0.0769818 0.0546233 0.0415888 0.0377673 0.0370299 0.0371869 0.0374471 0.0375313 0.0374121 0.0371694 0.0368957 0.0366696 0.0365782  5.90705e+07 2.56118e+06 1.05923e+07 1.32076e+06 1.28284e+06 398021 174055 101021 124605 38393.2 33129.4 10859.6 24418.2 3086.19 10873.5 9303.47
364621 364621 0.000379113 0.00408542 0.0389161 0.0496786 0.035068 0.026623 0.0241569 0.0236822 0.0237844 0.0239536 0.0240095 0.0239344 0.0237794 0.0236042 0.0234592 0.0234005  3.74513e+07 1.82864e+07 1.03635e+06 3.3006e+06 851101 817328 245862 195138 100158 135394 49448.1 37723 11605 27593 3564.9 22333.5
3.81601e+06 3.81601e+06 0.00223829 0.0237694 0.199084 0.243375 0.180807 0.141925 0.130377 0.128356 0.129061 0.129995 0.13029 0.129885 0.129063 0.128138 0.127376 0.127068  1.27607e+08 2.19728e+07 1.06757e+07 730905 2.09139e+06 739304 802591 241039 228199 111403 155572 59056.1 41970.8 12450.3 29887.6 27736.3
3.57913e+06 3.57913e+06 0.00434816 0.0456679 0.348018 0.416787 0.321777 0.257889 0.238098 0.234388 0.235335 0.236691 0.236979 0.236109 0.234566 0.23289 0.231533 0.23099  3.52997e+07 2.18234e+07 4.24813e+06 1.63884e+06 116771 386733 156705 186861 56158.7 54504.3 25515.9 35388.8 13284.6 9032.43 2612.67 12030.2
1.10357e+06 1.10357e+06 0.000658978 0.00708998 0.0665504 0.0846215 0.0601162 0.0457958 0.0415903 0.0407757 0.0409456 0.0412297 0.0413207 0.0411886 0.0409209 0.0406196 0.0403708 0.0402703  5.40278e+07 1.85758e+07 1.14578e+07 1.42223e+06 520351 50671.7 197733 83535.2 98759.5 28825 26966.9 12142.2 16221.5 5894.98 3909.15 6209.74
781665 781665 0.000546517 0.00588254 0.0554431 0.0705369 0.0500133 0.0380708 0.0345746 0.0339032 0.0340504 0.0342912 0.0343701 0.034262 0.0340402 0.0337897 0.0335826 0.0334989  3.31969e+07 2.09045e+07 5.76646e+06 3.48319e+06 799622 430581 64338.2 158016 90733.4 109411 32855.4 36376.4 15482.4 21306.2 8031.39 13362.2
5.86975e+06 5.86975e+06 0.00286671 0.0303895 0.250383 0.306179 0.229342 0.180451 0.165649 0.162869 0.163567 0.164601 0.164875 0.164304 0.163236 0.162057 0.161094 0.160707  1.13076e+08 2.07406e+07 1.20824e+07 3.53497e+06 2.13354e+06 776635 467864 80999.7 165960 98880.5 125297 37445.5 42140.1 17398.6 23749.1 23765.5
1.44071e+06 1.44071e+06 0.00168108 0.0179318 0.156039 0.193183 0.141414 0.109909 0.100583 0.0988901 0.0993936 0.100107 0.100335 0.100021 0.0993833 0.0986649 0.0980722 0.0978327  6.3193e+06 1.93289e+07 3.79486e+06 1.70613e+06 539596 388974 177689 111192 19885.2 37856.2 22101.5 28078.2 8178.97 9052.76 3639.41 9862.62
786742 786742 0.000530485 0.0057103 0.0538495 0.0685133 0.0485653 0.0369644 0.0335691 0.0329176 0.0330612 0.0332957 0.0333727 0.033268 0.0330528 0.0328096 0.0326086 0.0325272  1.28303e+07 3.33752e+06 1.05432e+07 1.80792e+06 834481 313831 247437 115447 71452 12450.6 22948 12934.1 15869.4 4482.1 4842.18 7081.65
396434 396434 0.000424913 0.00457897 0.0436087 0.0557033 0.0393325 0.0298551 0.0270826 0.0265447 0.0266551 0.0268418 0.0269026 0.0268173 0.0266431 0.0264465 0.0262839 0.0262182  5.90245e+07 7.53135e+06 1.5175e+06 3.37795e+06 1.14312e+06 628108 251692 176243 111125 74852.7 15273.4 23388.4 13783.1 17303.4 4948.08 13542.8
3.92061e+06 3.92061e+06 0.00308021 0.0325575 0.261895 0.3171 0.239485 0.189718 0.174711 0.17204 0.172907 0.174069 0.174398 0.173821 0.172709 0.171474 0.170463 0.170056  8.50467e+07 2.86753e+07 5.27274e+06 1.20321e+06 2.14343e+06 1.07148e+06 635526 286748 181640 128773 86498.4 18301.1 25640.3 14836.7 18665.8 20017.2
1.85299e+06 1.85299e+06 0.00241349 0.0256554 0.216461 0.266375 0.197623 0.154612 0.141676 0.139247 0.139858 0.140771 0.141028 0.140552 0.13964 0.13863 0.137801 0.137468  4.40305e+06 1.47965e+07 5.05742e+06 747980 183262 364151 226972 141192 66725 40091 28887.8 18836.9 3914.07 5239.85 2972.49 7715.33
796614 796614 0.000648199 0.00697592 0.0656346 0.0835553 0.0593084 0.0451476 0.0409871 0.040177 0.0403403 0.0406178 0.0407061 0.040575 0.0403108 0.0400136 0.0397684 0.0396692  3.48816e+07 2.32371e+06 8.00313e+06 2.22508e+06 333316 100346 221465 141406 86932.5 39960.4 23206.4 16122.1 10144.2 2042.7 2668.5 5337.1
190452 190452 0.00021145 0.00227995 0.0218389 0.0278923 0.0196351 0.0148916 0.0135123 0.0132501 0.0133109 0.0134086 0.0134419 0.013401 0.0133148 0.0132169 0.0131356 0.0131027  3.50351e+07 1.94303e+07 867784 3.02079e+06 1.10066e+06 340380 121749 170967 158010 97370 46749.2 25416 18958.6 11993 2529.87 9395.59
5.9946e+06 5.9946e+06 0.00363596 0.0380135 0.280529 0.327135 0.25384 0.206169 0.192278 0.190575 0.19221 0.193885 0.194484 0.19399 0.192847 0.191532 0.190437 0.189993  1.40892e+08 2.27141e+07 1.22428e+07 612843 2.25684e+06 923061 388453 156039 175771 183870 111860 54974.8 28274.3 21125.7 13169.4 13013.1
2.86113e+06 2.86113e+06 0.0037402 0.0394668 0.312529 0.378797 0.288369 0.228887 0.210548 0.207004 0.207768 0.208957 0.209215 0.208444 0.207071 0.205578 0.204367 0.203882  6.14857e+06 2.39068e+07 3.92693e+06 1.29525e+06 67107.5 333402 158588 78813.6 33386.6 34194.4 36772.1 21763.4 10545.1 5224.55 3863.05 4718.09
833093 833093 0.000507588 0.00546444 0.0515841 0.0656454 0.0465102 0.0353907 0.0321367 0.0315121 0.0316498 0.0318749 0.0319491 0.0318492 0.0316432 0.0314105 0.031218 0.0311401  5.694e+07 3.23939e+06 1.26986e+07 1.46039e+06 470681 32037 183041 89995 44222.5 18184.8 17958.7 18583.5 10598.4 4972.55 2403.14 3873.53
119071 119071 0.000103823 0.00112049 0.0108222 0.0138636 0.00972647 0.00736035 0.00667298 0.00654149 0.00657086 0.00661888 0.00663529 0.00661506 0.00657242 0.00652397 0.00648379 0.00646751  4.4901e+07 2.04908e+07 1.30082e+06 4.27135e+06 1.06578e+06 557315 48013.8 245192 99759 62691.1 27326.1 22252.6 25589.3 14535.8 6948.92 8700.75
4.07519e+06 4.07519e+06 0.00219365 0.0233375 0.198364 0.244298 0.180631 0.141135 0.129334 0.127161 0.127762 0.128631 0.128888 0.128466 0.127638 0.126716 0.125958 0.125652  3.12137e+07 2.62785e+07 1.17806e+07 952516 2.83905e+06 1.00314e+06 623913 65376.7 312905 115344 77839.3 34145.4 25393.2 29440.4 16469.4 17714.6
1.74775e+06 1.74775e+06 0.00210868 0.0224703 0.193619 0.239955 0.176585 0.137404 0.125652 0.123409 0.123924 0.124728 0.124955 0.124531 0.12372 0.12282 0.122082 0.121785  1.47352e+07 5.8651e+06 5.05748e+06 1.80938e+06 162927 543352 225665 151858 16919.3 78686.7 27321 18411.9 7890.65 5599.47 6420.21 7350.92
593477 593477 0.000620448 0.00667436 0.062573 0.0794607 0.0564625 0.0430397 0.0391068 0.0383538 0.0385221 0.0387949 0.038884 0.0387618 0.0385111 0.0382281 0.0379941 0.0378994  1.21995e+08 7.78137e+06 3.19166e+06 2.35023e+06 865356 93810.2 343102 145312 96495.5 10454.1 46997.1 15736.2 10234.7 4251.19 2944.02 7107
1.16736e+06 1.16736e+06 0.00102933 0.011045 0.101214 0.127699 0.0916225 0.0702301 0.0639206 0.0627115 0.0629805 0.0634144 0.0635505 0.0633456 0.0629346 0.0624731 0.0620926 0.0619389  7.24563e+07 3.69189e+07 2.63437e+06 1.76083e+06 1.16392e+06 608493 95489.5 242095 142134 106683 13077.1 55510.1 17092.9 11637.6 4883.1 11135.6
4.75157e+06 4.75157e+06 0.00172133 0.0183826 0.16148 0.201096 0.146799 0.113724 0.103879 0.102017 0.102465 0.103154 0.10336 0.10302 0.102352 0.101606 0.100993 0.100746  1.00894e+07 3.66428e+07 2.03766e+07 1.55715e+06 1.36533e+06 1.0348e+06 592979 116122 236835 154665 120515 15607.3 62404.3 18304.1 12520.2 17029.9
2.26786e+06 2.26786e+06 0.00206625 0.0220046 0.188685 0.233059 0.171735 0.133873 0.122565 0.120463 0.121021 0.121841 0.122084 0.121684 0.120899 0.120024 0.119304 0.119014  1.53916e+06 1.79509e+06 6.68074e+06 3.44839e+06 283428 300964 257136 149279 30863.6 57947.6 38044.1 29311.1 3747.28 14522.2 4132.93 6608.36
1.0798e+06 1.0798e+06 0.00134322 0.0143799 0.129091 0.161783 0.117049 0.0901918 0.082239 0.080729 0.0810843 0.0816407 0.0818126 0.0815477 0.0810196 0.0804278 0.0799403 0.0797435  1.47234e+08 812630 975304 3.06507e+06 1.61598e+06 160475 187670 163925 94054.5 18926.5 34369.7 21767.7 16189 2006.19 7587.59 5506.34
675217 675217 0.000881243 0.00947369 0.0882413 0.112105 0.0799388 0.0609872 0.0553927 0.0542935 0.0545018 0.054865 0.0549758 0.054794 0.0544351 0.0540335 0.0537028 0.0535693  3.99793e+07 3.47645e+07 484113 608080 1.35294e+06 909632 133134 174282 149141 92601.2 22087 33018 22827.9 17286.8 2258.58 14059.7
7.67293e+06 7.67293e+06 0.00418589 0.0439643 0.335267 0.400752 0.309083 0.247856 0.229042 0.225642 0.226675 0.228064 0.228395 0.227587 0.226116 0.224508 0.223201 0.222676  3.65472e+07 2.30818e+07 1.65154e+07 407770 490435 1.12849e+06 886518 152811 198157 172052 104818 26469 35719.1 24852.2 18675.5 17607.5
2.23269e+06 2.23269e+06 0.00327271 0.0345422 0.274534 0.331168 0.251234 0.199609 0.183999 0.181237 0.182161 0.183383 0.183728 0.18312 0.181951 0.180654 0.179592 0.179165  4.94114e+06 7.03073e+06 4.38587e+06 1.9276e+06 54870.2 78636.2 214041 185571 33568.4 42288.9 36340.3 21361.2 5341.75 6858.81 4714.91 6822.55
1.10013e+06 1.10013e+06 0.00115031 0.012347 0.113378 0.143486 0.102939 0.0787952 0.0716276 0.0702109 0.0704708 0.0709293 0.0710643 0.070825 0.0703599 0.0698414 0.0694153 0.0692434  2.69137e+08 2.60295e+06 3.73612e+06 1.6461e+06 698953 25934.3 42846.7 121111 104247 18362.7 22355.5 18513.2 10495.9 2542.82 3185.54 5257.81
1.22879e+06 1.22879e+06 0.000993707 0.0106707 0.0984072 0.124536 0.089148 0.0681986 0.0620102 0.0608065 0.0610511 0.0614628 0.0615895 0.0613876 0.0609872 0.0605386 0.0601691 0.0600199  9.88841e+07 6.36834e+07 1.22547e+06 1.62038e+06 791687 438387 45553.3 58133.9 129687 118593 25205.1 29601.4 24235.6 13666.7 3533.64 11052
1.08479e+07 1.08479e+07 0.00343998 0.0361957 0.280673 0.334946 0.256128 0.204974 0.189642 0.187148 0.18829 0.189657 0.190075 0.189486 0.188302 0.186977 0.185887 0.185448  3.907e+07 4.59432e+07 2.8862e+07 904289 1.23088e+06 727594 438351 61381.8 66573.7 142245 134589 29869.3 33619 27027.9 14895.1 15900
2.36929e+06 2.36929e+06 0.001884 0.0200952 0.174653 0.216749 0.158889 0.123414 0.112826 0.11083 0.111321 0.112069 0.112291 0.111921 0.111196 0.110388 0.109724 0.109457  8.95477e+06 6.75138e+06 7.9888e+06 3.39267e+06 123915 211909 152104 95915.5 14445.4 14492.8 30175.3 28424.6 6235.96 6790.24 5363.46 6017.51
1.02008e+06 1.02008e+06 0.000824545 0.00886224 0.0824128 0.10451 0.0745409 0.0569142 0.0517238 0.0507183 0.0509277 0.0512772 0.0513874 0.0512214 0.0508882 0.0505139 0.0502051 0.0500803  1.59413e+08 4.72976e+06 3.68245e+06 3.79528e+06 1.66381e+06 72479.7 135377 99024.5 61643.3 9032.99 8765.28 17607 16011.3 3405.1 3618.61 5953.61
1.18197e+06 1.18197e+06 0.00104922 0.0112634 0.103586 0.131 0.093888 0.0718722 0.065363 0.064096 0.0643521 0.0647837 0.0649154 0.0647016 0.0642792 0.0638065 0.0634172 0.0632601  2.99525e+07 4.53666e+07 2.15454e+06 1.46992e+06 1.48523e+06 750805 82696.9 134909 106435 69506.3 12597.9 10755 20181.2 18761.2 4264.66 11583.7
5.20591e+06 5.20591e+06 0.00186554 0.0198852 0.171912 0.212661 0.156144 0.121517 0.111227 0.109338 0.109869 0.110634 0.11087 0.110514 0.109805 0.10901 0.108356 0.108092  1.07221e+08 1.82385e+07 2.28264e+07 1.40242e+06 985001 1.11167e+06 631245 104952 159150 127967 81927.7 15449.8 12202.1 22034.6 20359.5 17271.5
2.16498e+06 2.16498e+06 0.00225093 0.0239427 0.203183 0.250225 0.185155 0.144696 0.132578 0.130328 0.130929 0.131807 0.132064 0.131628 0.130778 0.129832 0.129056 0.128743  7.76791e+06 1.82633e+07 3.29232e+06 3.57682e+06 243115 201770 254493 152410 27921.9 40662.5 32198 19966.6 3689.14 2800.64 4937.4 8350.58
1.19483e+06 1.19483e+06 0.000810456 0.00871153 0.0810728 0.102832 0.0733207 0.0559731 0.0508668 0.049878 0.0500844 0.0504285 0.0505372 0.0503741 0.0500464 0.0496782 0.0493745 0.0492518  6.96576e+07 4.10004e+06 9.89362e+06 1.47035e+06 1.62072e+06 134491 123651 159731 94575.3 16861.8 23744.7 18133.9 10853.2 1943.59 1439.9 6702.44
1.12102e+06 1.12102e+06 0.00116931 0.0125493 0.11511 0.14563 0.104529 0.0800389 0.0727717 0.0713382 0.0716036 0.0720692 0.072206 0.0719625 0.0714898 0.0709629 0.07053 0.0703554  2.76704e+07 2.14778e+07 1.28228e+06 3.34133e+06 777220 841589 117903 96939.3 122859 78056.1 20012.3 26140.9 20211.4 12055.3 2257.7 8942
5.86439e+06 5.86439e+06 0.00425364 0.0442601 0.314571 0.362892 0.285271 0.23381 0.218805 0.217119 0.219047 0.22096 0.221637 0.221076 0.219784 0.2183 0.217066 0.216566  7.08439e+07 1.62944e+07 1.12789e+07 734743 2.04811e+06 659915 763416 135133 103381 130267 84493.1 23797 29554.7 22440 13126.9 12084
1.31132e+06 1.31132e+06 0.00235737 0.0250914 0.21398 0.264661 0.195642 0.152559 0.139556 0.137041 0.137576 0.138438 0.138668 0.138186 0.137281 0.136282 0.135465 0.135136  9.23511e+06 1.20537e+07 2.79756e+06 1.07671e+06 70134.6 260541 111630 143220 27601.3 20284 25156.3 16099.1 4550.69 5456.28 4063.41 4495.58
1.26609e+06 1.26609e+06 0.00108524 0.011649 0.107036 0.13537 0.0970643 0.0743072 0.0675671 0.0662476 0.0665059 0.0669479 0.0670815 0.0668592 0.066422 0.0659333 0.0655312 0.0653689  2.40254e+08 4.87565e+06 6.54089e+06 1.26586e+06 499202 39578.9 162052 70857.8 89672.7 16793.5 11922.6 14252.9 8800.38 2410.59 2820.35 4342.73
2.49519e+06 2.49519e+06 0.00200221 0.0213847 0.187821 0.234885 0.171716 0.132841 0.121128 0.11879 0.11919 0.119909 0.120095 0.119668 0.118875 0.118002 0.117288 0.117001  9.85375e+07 5.7795e+07 1.72875e+06 2.15352e+06 717703 387827 48234.7 162795 83834.7 101772 22826.7 14771.5 17322.9 10835.6 3235.9 9295.26
1.19005e+07 1.19005e+07 0.00401542 0.0422251 0.325226 0.389882 0.299598 0.239661 0.221272 0.217927 0.218913 0.220258 0.220583 0.219804 0.218382 0.216825 0.21556 0.215052  8.84926e+07 4.40883e+07 2.63437e+07 1.01012e+06 1.23573e+06 617041 391101 59405.1 176837 96125 116011 26786.1 16439.9 18821 11642.1 13538.5
3.87425e+06 3.87425e+06 0.00328677 0.0347574 0.280428 0.341108 0.257657 0.203698 0.187224 0.184104 0.184857 0.185985 0.186264 0.185604 0.184393 0.183064 0.181982 0.181547  6.08192e+06 1.50354e+07 7.66581e+06 3.06691e+06 131170 201996 126403 85831.8 13769.3 38553.2 20889.4 24681 5597.31 3314.12 3714.81 4915.97
1.62763e+06 1.62763e+06 0.00122949 0.0131767 0.119425 0.150209 0.108273 0.0832088 0.0757871 0.0743609 0.0746746 0.0751816 0.0753374 0.0750917 0.0746038 0.0740574 0.0736074 0.0734257  1.67746e+07 3.2058e+06 8.02889e+06 2.99717e+06 1.18195e+06 65059.9 114101 73657.6 49475.4 7712.55 20843.5 10876 12389.1 2721.51 1572.04 4017.43
656659 656659 0.000795725 0.00854895 0.0792329 0.100241 0.0715663 0.0547137 0.0497649 0.0488222 0.0490391 0.0493853 0.0494974 0.0493412 0.0490224 0.0486629 0.0483658 0.0482457  3.37419e+07 1.06496e+07 2.12188e+06 2.34517e+06 1.12605e+06 626846 80003 111185 89326.5 61340.4 10903.5 26379.8 14401 16083.6 3673.55 7292.28
4.24324e+06 4.24324e+06 0.00350736 0.0369754 0.290934 0.35024 0.266806 0.212457 0.195959 0.193021 0.193974 0.195242 0.195584 0.194923 0.193673 0.192293 0.191165 0.190711  5.92401e+07 1.7289e+07 7.04626e+06 1.59506e+06 1.42396e+06 900308 601370 103694 129052 109057 74410.8 13563.5 30677.8 16622.6 18195.8 12332.5
1.52026e+06 1.52026e+06 0.00284667 0.0301152 0.244131 0.295823 0.22263 0.176097 0.162134 0.159688 0.160542 0.161663 0.161999 0.16148 0.160455 0.15931 0.15837 0.157991  6.98212e+06 1.01562e+07 3.13339e+06 911298 220426 236699 183524 132951 24704.4 29181.2 24497.8 16253.9 2902.86 6320.19 3364.93 6094.99
989020 989020 0.00125091 0.0134097 0.12179 0.153415 0.11052 0.0848656 0.0772542 0.0757747 0.0760784 0.076585 0.0767374 0.0764834 0.0759843 0.0754266 0.0749679 0.0747828  9.13372e+06 3.68007e+06 5.42781e+06 1.23998e+06 352274 108741 133149 106907 76881 13920.3 15902.7 12873.9 8242.11 1426.46 3030.56 4449.68
569996 569996 0.000955716 0.0102634 0.094715 0.119838 0.085749 0.0655962 0.0596503 0.0584991 0.0587401 0.0591404 0.059265 0.0590724 0.0586879 0.0582565 0.057901 0.0577574  6.00245e+07 6.69369e+06 1.362e+06 1.70143e+06 680380 331876 153834 108916 101784 82450 18919.6 19738.7 16422.5 10471.8 1898.96 9464.33
2.49756e+06 2.49756e+06 0.00242355 0.0257797 0.218685 0.269957 0.19996 0.156164 0.142958 0.140426 0.140992 0.141881 0.14212 0.141627 0.140702 0.139679 0.138842 0.138506  2.68745e+07 2.81486e+07 4.67401e+06 857190 1.05227e+06 663652 369064 195367 118523 115895 95335.2 22810.7 22456.3 18380.6 11538.7 12412
1.92144e+06 1.92144e+06 0.00286449 0.0303758 0.25092 0.30726 0.229961 0.180768 0.165837 0.162996 0.163665 0.164683 0.164948 0.164372 0.163299 0.162118 0.161154 0.160767  4.6566e+07 4.74425e+06 5.1104e+06 734738 141910 205373 161548 92122.1 50265.1 28636.2 27728.4 22313.2 5243.38 4984.06 4001 5134.55
1.24221e+06 1.24221e+06 0.00141115 0.0151122 0.136014 0.170884 0.12357 0.0950959 0.0866252 0.0849783 0.0853165 0.085879 0.0860454 0.0857582 0.0851982 0.0845735 0.0840602 0.0838532  6.0423e+07 2.45616e+07 2.55084e+06 2.12715e+06 306251 74309.7 120799 97603.7 55003.6 29169.1 16047.8 14971.7 11619.8 2645.41 2453.45 4413.27
1.10347e+06 1.10347e+06 0.000937559 0.0100705 0.0931087 0.117896 0.0842995 0.0644526 0.0585962 0.0574592 0.0576931 0.0580848 0.0582065 0.0580168 0.0576389 0.057215 0.0568656 0.0567245  3.42689e+07 2.19493e+07 6.52751e+06 1.04254e+06 933772 248227 70507.5 88616.8 112054 63402.2 36594.1 17672.5 16963.9 13333.5 3178.86 8001.03
5.28438e+06 5.28438e+06 0.00298859 0.0316432 0.2581 0.314448 0.236395 0.186502 0.171396 0.168598 0.169354 0.17044 0.170731 0.170146 0.169044 0.167827 0.166833 0.166433  2.88529e+07 1.74733e+07 1.22033e+07 3.2501e+06 808940 819915 269839 83854.2 91981 134508 73653.5 42554.7 19433.8 18375.6 14239 11895
1.86867e+06 1.86867e+06 0.00315582 0.0334395 0.274246 0.335939 0.252349 0.198559 0.182086 0.178852 0.179481 0.18052 0.180758 0.180097 0.178907 0.177608 0.176552 0.176129  2.64018e+07 5.01984e+06 3.09919e+06 1.65908e+06 448885 160497 183364 64173.6 20392.8 21004.5 31565.6 16629.6 9379.94 4122.3 3826.42 5371.5
1.62341e+06 1.62341e+06 0.00217837 0.0232151 0.200129 0.248347 0.182796 0.142158 0.129924 0.127549 0.128043 0.128849 0.129068 0.128622 0.127779 0.126847 0.126085 0.125778  1.15021e+08 1.39242e+07 2.69411e+06 1.26602e+06 679226 232956 93777.8 109957 37975.8 11713.5 11639.1 16840.4 8552.86 4672.66 2003.37 4386.1
1.13901e+06 1.13901e+06 0.00131066 0.014052 0.127724 0.161113 0.116072 0.089082 0.0810558 0.0794765 0.079775 0.0802921 0.0804428 0.0801709 0.0796447 0.0790587 0.0785774 0.0783834  2.70359e+07 2.7712e+07 3.6807e+06 695634 487059 416424 139126 108776 115757 43680.4 14575.6 12610.4 20736.3 10279.7 5644.74 7617.58
5.07228e+06 5.07228e+06 0.00309135 0.0325534 0.254327 0.303212 0.230952 0.18467 0.170963 0.168857 0.170011 0.17134 0.171779 0.171283 0.170231 0.169039 0.168054 0.167656  4.71564e+07 2.08195e+07 1.3219e+07 1.81227e+06 422459 400399 420020 143653 137443 138777 52105.2 17423.6 14095.5 23273.5 11271.6 14385.3
2.22949e+06 2.22949e+06 0.00333146 0.0352966 0.289018 0.35464 0.266763 0.209828 0.192267 0.188718 0.189282 0.190308 0.190514 0.18979 0.188522 0.187148 0.186034 0.185588  2.73732e+06 8.55944e+06 4.16828e+06 1.64608e+06 219923 70408.3 79897.8 92938.9 32235.3 32159.4 31338.4 11421.6 3724.3 2897.38 4733.82 5126.97
1.38365e+06 1.38365e+06 0.00186623 0.0199384 0.175653 0.219585 0.160258 0.123925 0.113014 0.110862 0.111266 0.111962 0.112152 0.111763 0.111027 0.110214 0.109547 0.109279  1.60677e+07 1.44371e+06 4.59277e+06 1.69603e+06 673946 114491 41234.7 47938.6 54943.8 18475.7 17767.2 16660.2 5851.59 1847.75 1402.25 4684.24
784286 784286 0.00128082 0.0137347 0.125061 0.157837 0.113628 0.0871665 0.0792995 0.0777504 0.078042 0.0785486 0.0786966 0.0784309 0.0779162 0.0773428 0.0768718 0.0766819  3.23555e+07 1.67583e+07 631028 1.64458e+06 1.06669e+06 328825 79541.9 34089.5 47796.1 64876.7 21167.4 23765.2 21262.1 7435.28 2385.3 7635.66
5.01875e+06 5.01875e+06 0.00340407 0.0359922 0.28991 0.352928 0.266885 0.21101 0.193895 0.190604 0.19133 0.192456 0.192717 0.192017 0.190755 0.189377 0.188257 0.187808  2.54965e+07 2.01085e+07 1.15734e+07 463601 1.16826e+06 1.17144e+06 321224 87878.1 39175.1 55407.3 77225.5 24749.3 27984.6 24105.4 8290.73 11024.1
1.2036e+06 1.2036e+06 0.00193733 0.020697 0.182211 0.227944 0.166458 0.128708 0.117347 0.115085 0.115482 0.116187 0.116373 0.115962 0.115195 0.114349 0.113658 0.11338  7.97537e+06 4.40897e+06 3.56432e+06 1.56425e+06 72513.9 218782 279072 74929.3 20874.7 9183.19 12658.6 17340.2 5382.95 5968.09 5013.45 3951.05
756301 756301 0.00123262 0.0132214 0.120679 0.152401 0.1096 0.0840285 0.0764326 0.0749381 0.075221 0.0757116 0.075856 0.0756009 0.075105 0.0745523 0.0740981 0.0739149  1.45471e+07 4.21459e+06 2.41455e+06 1.75075e+06 807378 44199.3 144145 186270 49202.8 13310.2 5656.49 7517.11 9936.68 2989.57 3234.55 4771.42
369766 369766 0.00065877 0.00708997 0.0667276 0.0849756 0.060314 0.0459067 0.0416722 0.0408459 0.0410098 0.0412904 0.0413791 0.0412453 0.0409764 0.0406741 0.0404247 0.040324  1.39642e+07 1.39837e+07 1.38732e+06 842343 832166 590816 48615.7 121197 216108 47365.2 14437.5 6254.34 8409.34 11314.8 3362.59 9102.06
3.08764e+06 3.08764e+06 0.00243027 0.025822 0.217058 0.266632 0.19806 0.15514 0.142255 0.139866 0.140507 0.141438 0.141705 0.141232 0.140319 0.139305 0.138474 0.138139  1.43727e+07 8.47345e+06 1.00819e+07 909903 599201 716933 631095 64418.7 139181 271842 55689.6 17047.2 7219.38 9445.67 12535.1 13689.3
783579 783579 0.00192525 0.0205645 0.180803 0.225972 0.165078 0.127706 0.116471 0.114249 0.114657 0.115366 0.115556 0.115152 0.114393 0.113554 0.112868 0.112591  2.30129e+06 2.57843e+06 1.55778e+06 1.55683e+06 150915 118078 159921 154090 16572.2 33818.6 66379.1 12981.9 3869.81 1593.93 2039.54 5584.13
588821 588821 0.00140114 0.0149977 0.134442 0.168502 0.122001 0.0940204 0.0857157 0.0841263 0.0844851 0.0850569 0.0852309 0.084952 0.0844005 0.0837836 0.0832758 0.0830709  8.1987e+07 1.21605e+06 1.41146e+06 762524 799131 91568.9 77531.2 106452 100954 10545.5 20792.2 39348.6 7426.47 2145.6 862.431 4044.54
574111 574111 0.00106596 0.0114422 0.105159 0.13297 0.0953293 0.0729838 0.0663724 0.0650832 0.0653414 0.0657784 0.0659114 0.065694 0.065265 0.064785 0.0643898 0.0642303  4.81816e+07 2.26582e+07 827110 566611 356781 542367 76843.3 59966.2 89441.8 102220 12274.6 21371.1 43050.9 7744.34 2272.67 5187.95
4.02966e+06 4.02966e+06 0.00322473 0.0333375 0.226861 0.252817 0.199828 0.166609 0.158022 0.158259 0.160656 0.162721 0.163644 0.163489 0.162681 0.161656 0.160768 0.160402  4.52226e+07 2.36024e+07 1.1502e+07 678819 440290 332195 593834 95402.4 68636.2 100296 119770 14902.7 24138.3 48135.9 8451.73 8064.59
1.71901e+06 1.71901e+06 0.00305217 0.0323406 0.265298 0.324523 0.243618 0.191753 0.175925 0.172869 0.173534 0.17458 0.174837 0.174214 0.173072 0.17182 0.170799 0.17039  4.63958e+06 7.7497e+06 4.00788e+06 987868 64101 54431.1 53758.4 110001 18805.4 13033.8 18722.8 22325.9 2738.01 4273.14 8396.61 2829.23
881300 881300 0.0011286 0.0120931 0.10947 0.137377 0.0990083 0.0761506 0.069406 0.0681357 0.0684509 0.0689356 0.0690916 0.0688743 0.0684313 0.0679322 0.06752 0.0673534  1.03506e+08 2.44678e+06 4.15883e+06 1.63799e+06 403297 33129.3 31698.9 32163 65002.4 10793.9 7220.98 9990.3 11486.8 1364.62 2077.82 5365.88
548636 548636 0.000758377 0.00815767 0.0764029 0.0971799 0.0691235 0.0526684 0.0478203 0.0468704 0.0470547 0.0473731 0.0474724 0.0473175 0.0470085 0.0466618 0.046376 0.0462605  3.85473e+07 2.8259e+07 939589 1.44315e+06 676291 290860 63412.6 43724.2 44583 93384.5 16122.9 9909.39 13532.8 15847 1955.86 10193.2
3.38236e+06 3.38236e+06 0.00195058 0.0207726 0.178194 0.219768 0.161826 0.126206 0.115621 0.1137 0.114271 0.115076 0.115326 0.11496 0.114225 0.1134 0.112721 0.112447  1.86385e+07 1.82154e+07 1.40312e+07 652294 1.01579e+06 591386 330821 91807.5 59009 58161.5 119047 20567 12042.2 15776.4 18194.4 13807.8
1.24949e+06 1.24949e+06 0.0019871 0.0211618 0.181524 0.223992 0.164964 0.12862 0.117791 0.115805 0.116368 0.117177 0.117425 0.117049 0.116298 0.115458 0.114767 0.114488  1.11191e+07 3.22719e+06 3.2756e+06 2.14915e+06 113674 205740 138571 84542.9 24430.5 15094.1 14516.6 28858.5 4837.66 2736.2 3504.23 7010.76
725058 725058 0.00123914 0.0132863 0.120878 0.152388 0.10971 0.0842002 0.0766294 0.0751526 0.075449 0.0759488 0.0760985 0.0758455 0.07535 0.0747965 0.0743414 0.0741577  5.27579e+07 5.87036e+06 1.75336e+06 1.50407e+06 1.00568e+06 64194.3 128019 88211.2 53221.9 14976.6 8953.05 8308.59 15946.5 2591.4 1430.48 5392.13
458067 458067 0.000899928 0.00967106 0.0897977 0.113912 0.0813185 0.0620952 0.0564201 0.0553101 0.0555281 0.0559017 0.0560168 0.0558331 0.0554684 0.0550598 0.0547232 0.0545873  2.70489e+07 1.33927e+07 1.73402e+06 539884 511255 432725 52047.2 91053.3 72306.5 54358.5 17591.3 9737.92 9067.62 17152 2809.07 7176.08
3.51925e+06 3.51925e+06 0.00512136 0.0520315 0.312066 0.335958 0.275611 0.236631 0.227258 0.228741 0.23265 0.235805 0.237225 0.237073 0.235979 0.234565 0.233333 0.232824  2.48069e+07 1.23698e+07 6.58874e+06 984935 349168 383968 377462 62790.9 100015 81331 63792.6 20980.4 11148.8 10028 18487.7 10647.5
1.72242e+06 1.72242e+06 0.00706229 0.0729797 0.488676 0.567411 0.459245 0.378931 0.35285 0.347815 0.348939 0.350543 0.350671 0.349238 0.346933 0.344502 0.342563 0.341792  1.59703e+07 4.26246e+06 2.00525e+06 401052 52786.4 29402 45311.7 53662.4 10424 15943.8 13042.4 10194.1 3284.93 1687.06 1489.26 4262.89
1.15712e+06 1.15712e+06 0.00290807 0.0308795 0.257794 0.317714 0.237035 0.185555 0.169732 0.166531 0.167054 0.168005 0.168222 0.167603 0.166492 0.165279 0.164293 0.163897  5.58104e+07 8.37153e+06 2.14935e+06 462877 80517.2 16751.9 11893 19528.3 22993 4324.42 6348.97 4977.09 3737.5 1164.1 582.656 1947.09
635356 635356 0.00107014 0.0114786 0.104842 0.132114 0.0949059 0.0727971 0.0662614 0.0650054 0.0652838 0.065734 0.0658757 0.065664 0.0652387 0.064761 0.064367 0.0642078  3.94293e+07 1.68316e+07 2.67782e+06 610559 203014 102591 39097.1 22060.6 30636.2 40221.7 9421.99 12695.7 10249.1 7942.92 2508.19 5351.24
3.5203e+06 3.5203e+06 0.00279935 0.0296858 0.245326 0.300192 0.224567 0.17656 0.16203 0.159299 0.159985 0.161004 0.161277 0.160723 0.159679 0.158526 0.157584 0.157204  2.66088e+07 2.05884e+07 8.8829e+06 1.55898e+06 417434 196866 132180 55562.9 29852.6 39274.4 51195.6 12193.5 15683.4 12239 9327.18 9115.88
1.28072e+06 1.28072e+06 0.00225694 0.0240216 0.204874 0.253026 0.186929 0.14581 0.133432 0.131071 0.131624 0.132479 0.13272 0.132272 0.131413 0.13046 0.129678 0.129364  1.13458e+07 4.65844e+06 3.65618e+06 1.26278e+06 239797 81619.1 46016.6 33585.3 14281.9 7406.5 9441.57 12004.1 2783.37 3460.99 2646.73 3925.82
798131 798131 0.00129827 0.0139079 0.125567 0.15776 0.113894 0.0876012 0.0797979 0.0782931 0.0786198 0.0791508 0.079313 0.0790535 0.0785399 0.077965 0.0774917 0.0773007  3.6766e+07 5.98969e+06 2.52755e+06 1.65447e+06 583531 134714 50574.7 29122.9 20981.6 8675.94 4348.81 5345.5 6558.59 1473.83 1788.38 3332.44
313023 313023 0.000579009 0.00623531 0.0590047 0.0752789 0.0533101 0.0405155 0.036756 0.0360189 0.0361613 0.0364087 0.0364872 0.0363693 0.0361321 0.0358654 0.0356452 0.0355562  3.55115e+07 1.14993e+07 1.73793e+06 822024 651915 308463 114608 43128 29358.8 24554 10724.4 5204.78 6260.33 7732.18 1749.09 5998.85
3.9348e+06 3.9348e+06 0.00466954 0.048769 0.355803 0.418308 0.327322 0.265625 0.24679 0.243725 0.245126 0.246773 0.247215 0.246397 0.244848 0.243139 0.241744 0.241184  1.17956e+07 1.58865e+07 6.16085e+06 1.02451e+06 585103 540834 305924 139718 51439.2 35810.6 30373.9 13154.6 6167.23 7140.66 8650.08 8593.7
1.58129e+06 1.58129e+06 0.0047554 0.0499446 0.380011 0.457321 0.353957 0.283257 0.260913 0.256357 0.257043 0.258288 0.258451 0.257413 0.255684 0.253838 0.252355 0.251764  8.46933e+06 2.03512e+06 2.72154e+06 628645 104985 85095.3 95493.7 61041.9 29663.1 10590.3 7265.67 6021.58 2528.44 1147.36 1298.83 3090.97
812750 812750 0.00233723 0.0248875 0.212975 0.26384 0.194792 0.15171 0.138671 0.136114 0.136619 0.137462 0.137684 0.137202 0.136301 0.135308 0.134496 0.134169  7.14177e+07 4.45755e+06 1.06863e+06 907801 201256 46180.3 43938.1 51138.2 32271.6 15183.7 5214.45 3436.12 2740.79 1113.59 492.745 1848.4
652793 652793 0.00139109 0.0149087 0.135048 0.170234 0.122826 0.094325 0.0858246 0.0841407 0.0844471 0.0849877 0.0851428 0.0848526 0.0842948 0.0836747 0.0831657 0.0829606  5.71766e+07 1.77914e+07 1.35899e+06 305793 302983 161241 50884.6 47084.8 54116.9 40418.4 22075.1 7348.39 4936.05 3979.79 1612.92 3366.15
3.73384e+06 3.73384e+06 0.00360156 0.0373409 0.259118 0.29289 0.230842 0.191063 0.180201 0.179786 0.182052 0.184091 0.184944 0.184652 0.183673 0.182482 0.181467 0.181052  4.07012e+07 2.57765e+07 8.56007e+06 776323 210871 244229 177437 64694.6 57118 63194.1 48400.3 26777.7 8638.63 5635.53 4464.45 5505.7
1.39743e+06 1.39743e+06 0.00233231 0.0247298 0.204521 0.24864 0.185497 0.146091 0.134371 0.132361 0.133133 0.134127 0.134452 0.134048 0.133208 0.132261 0.131478 0.131161  4.07178e+07 7.52607e+06 4.34678e+06 777202 69501.3 27976.8 39305.6 33527.8 13136.4 11332 12197.3 9291.27 5034.74 1575.35 1007.22 1754.49
1.14268e+06 1.14268e+06 0.00125574 0.0134622 0.12231 0.15411 0.111003 0.0852089 0.0775389 0.076037 0.0763347 0.0768402 0.0769921 0.0767367 0.0762358 0.0756763 0.0752161 0.0750305  2.71911e+07 2.14715e+07 4.04458e+06 1.81334e+06 319235 35630.2 16184.7 23490.4 19897.3 7605.58 6353.11 6600.42 4854.62 2550.19 778.765 1339.36
481112 481112 0.000483775 0.00521266 0.0495824 0.063348 0.0447609 0.0339757 0.0308117 0.0301919 0.0303123 0.0305213 0.0305883 0.0304902 0.0302915 0.0300678 0.0298831 0.0298084  2.46963e+07 1.03335e+07 5.72581e+06 1.35698e+06 710913 241882 53657.4 23507.5 27427.5 28837.8 11561.2 9269.4 9235.5 6951.04 3641.22 3008.24
4.6196e+06 4.6196e+06 0.00451916 0.0470733 0.336903 0.391406 0.307559 0.251249 0.234463 0.232192 0.233935 0.235768 0.236355 0.235675 0.234252 0.232648 0.231327 0.230793  2.14384e+07 1.18342e+07 6.47528e+06 3.0666e+06 1.02274e+06 601850 277952 73067.6 31630.2 33483.6 36077.3 14514 11153.8 10700.1 7932.54 7531.76
1.61266e+06 1.61266e+06 0.00532226 0.0556157 0.406431 0.482511 0.378669 0.306221 0.283295 0.278835 0.27977 0.281197 0.281411 0.280308 0.278454 0.27647 0.274874 0.274238  5.84227e+06 3.6622e+06 2.05917e+06 690304 276739 147043 104398 56642.1 15586 6613.84 6664.24 7069 2778.95 2067.86 1934.8 2763.02
854140 854140 0.00243742 0.0259585 0.222346 0.276009 0.203825 0.158625 0.144887 0.142135 0.142606 0.143446 0.143652 0.143133 0.142185 0.141145 0.140297 0.139956  4.19763e+07 3.07082e+06 1.89879e+06 613271 190501 109398 70104.5 52159.7 28044.5 7480.12 3053.66 2954.79 3015.83 1147 832.185 1854.75
294861 294861 0.000822917 0.00884902 0.082627 0.105022 0.0748014 0.0570316 0.0517873 0.0507565 0.0509529 0.0512949 0.0514006 0.0512318 0.0508969 0.0505215 0.0502123 0.0500874  1.31999e+07 1.10579e+07 1.03685e+06 498626 268393 207735 100625 79286 61271 42657.2 12169.4 4865.15 4452.91 4692.76 1808.7 4177.78
2.73905e+06 2.73905e+06 0.00425659 0.0442944 0.315002 0.363511 0.285713 0.234113 0.219044 0.217329 0.219244 0.221151 0.221825 0.221261 0.219966 0.21848 0.217245 0.216745  2.41835e+07 7.5619e+06 5.57874e+06 672431 332058 263694 261271 121471 100263 75453.4 54197.2 15325.5 5949.15 5198.48 5403.01 6815.34
1.16056e+06 1.16056e+06 0.00531534 0.0556737 0.41409 0.496171 0.387541 0.311611 0.287296 0.282214 0.282834 0.284081 0.284176 0.282988 0.281071 0.279042 0.27742 0.276775  2.56885e+06 4.13688e+06 1.34156e+06 545036 66949.7 44399 47742.4 53441.5 24713.2 20479.5 14974.2 10626.3 2915.86 1098 935.419 2168.92
879243 879243 0.00320327 0.033968 0.280213 0.344585 0.258425 0.202842 0.185675 0.182171 0.182699 0.183691 0.183895 0.183199 0.181976 0.180649 0.179573 0.179141  5.03812e+06 1.35121e+06 2.15775e+06 420161 161986 28050.9 22104.1 24708.6 27288.6 12202.2 9714.7 6815.97 4652.19 1234.76 453.304 1256.54
195562 195562 0.000756437 0.0081378 0.0762956 0.0970969 0.0690368 0.0525785 0.0477221 0.0467647 0.0469443 0.0472601 0.0473583 0.0472033 0.0468948 0.0465488 0.0462636 0.0461485  1.02107e+07 6.36325e+06 561764 640675 213094 134985 42484.6 24084.7 32802.9 40909.7 17735 14563.5 10261.7 7215.04 1890.55 2598.95
2.74285e+06 2.74285e+06 0.00536589 0.0558659 0.397212 0.46515 0.36774 0.299954 0.278907 0.275312 0.276699 0.278387 0.27877 0.277784 0.276012 0.274083 0.272519 0.271893  8.877e+06 7.11318e+06 4.46884e+06 384666 444896 219874 166343 58298.3 30543.7 41615 51185.5 21462.1 17198 11775 8149.64 5001.25
670063 670063 0.00353378 0.0374086 0.304036 0.372638 0.281192 0.221445 0.202866 0.199036 0.199566 0.200604 0.200793 0.200015 0.198674 0.197225 0.196054 0.195585  2.17191e+06 1.77166e+06 1.26832e+06 434457 38036 59256.9 40878.8 34628 12380.1 6187.64 8260.26 9865.19 3984.22 3104.87 2076.13 2285.97
625537 625537 0.00318749 0.0337966 0.278545 0.342281 0.256741 0.201584 0.184557 0.181096 0.181637 0.182637 0.182848 0.182161 0.180949 0.17963 0.178561 0.178132  2.56755e+07 1.1453e+06 948671 505996 173940 19520.8 34313.3 24240.7 20212.5 7000.44 3370.66 4328.11 4980.11 1947.44 1480.31 2041.25
282996 282996 0.00104385 0.0112106 0.103484 0.131132 0.0938587 0.07175 0.065193 0.0638964 0.0641352 0.0645568 0.0646833 0.0644676 0.0640451 0.0635732 0.063185 0.0630283  1.84275e+07 7.85954e+06 638371 399823 355431 187255 28028.3 34753.3 32147 29787.2 10622.5 4779.93 6192.62 7120.85 2744.31 4967.3
1.54731e+06 1.54731e+06 0.00222669 0.0236993 0.202122 0.249515 0.184319 0.143821 0.13167 0.129381 0.129947 0.130803 0.131047 0.130608 0.129761 0.12882 0.128049 0.127738  1.36623e+07 1.08063e+07 4.71161e+06 549529 335525 381614 218296 37290.4 40921.6 40649.1 37579.2 13145.2 5691.68 7140.28 8025.95 8558.07
913598 913598 0.00292948 0.0310623 0.256352 0.314048 0.235173 0.184836 0.169496 0.166534 0.16718 0.168199 0.168456 0.16786 0.166761 0.165554 0.16457 0.164174  1.3653e+06 2.44859e+06 2.01832e+06 778770 104515 72512.3 94974.9 55781.6 9844.19 10192.1 10154.3 9161.07 3100.94 1298.41 1594.45 3642.51
639016 639016 0.00209735 0.0223873 0.195589 0.244227 0.178921 0.138564 0.126359 0.123908 0.124316 0.12506 0.12525 0.124803 0.123976 0.123067 0.122324 0.122025  3.58919e+07 720140 1.31628e+06 838107 324163 54726.1 42635 57305.2 33235.6 5697.84 5695.16 5465.74 4755.37 1559.37 637.042 2519.68
482022 482022 0.0016556 0.0177125 0.157959 0.198179 0.143913 0.110948 0.101079 0.0991282 0.0994897 0.100119 0.100294 0.0999491 0.0992918 0.0985629 0.0979655 0.0977248  2.11104e+07 1.11797e+07 334253 486545 386692 185718 53865.1 40155.7 70443.2 40103.8 7211.93 6490.62 6550.25 5708.87 1845.02 3687.89
2.84211e+06 2.84211e+06 0.00456578 0.0469275 0.305071 0.338364 0.272157 0.22881 0.217225 0.21729 0.220245 0.22279 0.223859 0.223539 0.222389 0.220981 0.21978 0.219287  9.89668e+06 9.77661e+06 6.49548e+06 249096 331886 339968 193250 66987.3 46786.4 85369.3 47114.3 8487.79 7222.01 7220.53 6178.7 5894.82
1.04507e+06 1.04507e+06 0.00488569 0.0512718 0.387538 0.465572 0.361223 0.289467 0.266691 0.262017 0.262699 0.263955 0.264113 0.263048 0.261282 0.259398 0.257886 0.257283  2.42444e+06 1.78587e+06 1.62936e+06 549282 21924.9 36399.4 51197.8 34005.2 12723 8578.39 15685.8 8382.71 1477.01 1210.1 1192.65 1965.19
840876 840876 0.00448119 0.0471161 0.361865 0.435984 0.336042 0.268351 0.247025 0.242709 0.243419 0.244663 0.244866 0.243911 0.242286 0.240541 0.239135 0.238573  2.85107e+07 1.27578e+06 935888 533626 171895 9493.53 18566.4 27099.9 17766.8 6434.54 4172.3 7326.47 3767.83 642.34 513.145 1313.48
318447 318447 0.00106325 0.0114136 0.104931 0.132701 0.0951182 0.072802 0.0661871 0.0648898 0.0651431 0.0655778 0.0657102 0.0654935 0.0650659 0.0645875 0.0641937 0.0640347  1.77437e+07 1.01528e+07 1.03271e+06 277232 181249 157890 18948.4 26918.8 39368.4 25617.4 10590.3 6624.2 12157.7 6111.2 1040.02 2896.68
3.76245e+06 3.76245e+06 0.00468489 0.0489699 0.359472 0.42406 0.331297 0.268278 0.248903 0.245603 0.246895 0.248483 0.248885 0.248036 0.246461 0.244732 0.243324 0.242759  2.69855e+07 1.50663e+07 6.32686e+06 943206 234195 178352 203107 27486.9 34906.3 50826.9 32895.4 13505.2 8117.67 14556.6 7150.03 4545.2
800717 800717 0.00167197 0.0178723 0.158248 0.197794 0.143971 0.111237 0.101449 0.0995481 0.0999458 0.100599 0.10079 0.100452 0.0997968 0.0990675 0.0984687 0.0982273  3.05747e+07 4.78084e+06 3.06619e+06 731269 124388 38923.8 35061.1 44765 6223.34 7493.13 10700.1 6755.38 2696.1 1566.62 2752.64 2174.06
792838 792838 0.00113441 0.0121636 0.110726 0.139403 0.100285 0.0769825 0.0700843 0.0687565 0.0690485 0.069522 0.0696699 0.069445 0.0689949 0.0684898 0.0680734 0.0679052  3.67812e+07 1.61582e+07 2.6217e+06 1.52783e+06 382096 76183.1 25725 23490.2 29541.2 3992.68 4648.54 6404.01 3903.25 1510.16 856.428 2645.07
