1 2 1 1 13.1045 54 3970 3.20499
1 3 1 1 25.6974 54 859 1.6344
1 5 1 1 5.92217 54 194 7.09199
1 6 1 1 10.5245 54 5686 3.99069
1 7 1 1 50.5974 54 751 0.830082
1 10 1 1 52.5668 54 9560 0.798984
1 11 1 1 4.80406 54 828 8.7426
1 14 1 1 32.374 54 5977 1.29734
1 15 1 1 4.26657 54 266 9.84397
1 18 1 1 40.66 54 2823 1.03296
1 19 1 1 36.1721 54 666 1.16112
1 22 1 1 17.7499 54 3124 2.36621
1 23 1 1 6.41575 54 50 6.54639
1 26 1 1 50.6111 54 1955 0.829858
1 27 1 1 8.21856 54 145 5.11038
1 30 1 1 24.6449 54 2521 1.70421
1 31 1 1 15.1751 54 311 2.7677
1 34 1 1 17.0504 54 2694 2.46329
1 35 1 1 19.1628 54 170 2.19174
1 38 1 1 62.4034 54 1064 0.67304
1 39 1 1 12.0587 54 60 3.48296
1 42 1 1 28.0843 54 2576 1.4955
1 43 1 1 6.52545 54 5 6.43633
1 44 3 3 3.25809 54 1 12.891
1 46 1 1 10.1862 54 3633 4.12322
1 47 1 1 5.76321 54 5 7.28761
1 50 1 1 58.4833 54 6266 0.718154
1 51 1 1 17.0761 54 68 2.45957
1 53 1 1 10.5667 54 276 3.97476
1 54 1 1 97.4395 54 2185 0.431037
1 58 1 1 21.0631 54 7160 1.99401
1 62 1 1 18.4886 54 2846 2.27167
1 66 1 1 25.4546 54 1159 1.65
1 70 1 1 25.8581 54 194 1.62425
1 71 1 1 6.40623 54 15 6.55612
1 74 1 1 10.5531 54 1758 3.97986
1 76 1 1 32.042 54 139 1.31078
1 78 1 1 17.3624 54 5394 2.41901
1 78 3 3 2.38068 54 1 17.642
1 79 1 1 12.2129 54 284 3.439
1 82 1 1 44.3621 54 4172 0.946755
1 83 1 1 33.4677 54 734 1.25494
1 83 2 2 51.1397 54 100 0.821279
1 84 1 1 0.973963 54 3 43.1228
1 85 3 3 0.0970622 54 2 432.712
1 86 1 1 26.0051 54 1680 1.61507
1 86 2 2 24.0432 54 158 1.74686
1 86 3 3 0.362905 54 1 115.733
1 87 1 1 8.50389 54 40 4.93892
1 90 1 1 12.2935 54 2030 3.41644
1 90 2 2 9.67727 54 100 4.34007
1 91 1 1 35.549 54 569 1.18147
1 94 1 1 26.6835 54 2326 1.57401
1 94 3 3 3.80532 54 1 11.0372
1 95 1 1 17.9343 54 20 2.34188
1 98 1 1 38.5318 54 5174 1.09001
1 99 1 1 105.125 54 3563 0.399526
1 102 1 1 49.3555 54 17275 0.85097
1 103 1 1 79.9667 54 3730 0.525218
1 106 1 1 52.7555 54 5314 0.796126
1 107 1 1 44.8604 54 32 0.936238
1 110 1 1 67.0523 54 4552 0.626377
1 111 1 1 60.857 54 692 0.690143
1 113 1 1 8.28575 54 4 5.06894
1 114 1 1 35.6406 54 21772 1.17843
1 114 2 2 71.6659 54 418 0.586053
1 114 3 3 2.71096 54 7 15.4927
1 115 1 1 49.3091 54 3886 0.85177
1 118 1 1 45.6899 54 26023 0.919241
1 118 2 2 33.6725 54 207 1.24731
1 119 1 1 129.816 54 1429 0.323535
1 120 3 3 0.871886 54 3 48.1714
1 122 1 1 44.0517 54 4936 0.953425
1 123 1 1 83.6668 54 4866 0.501991
1 124 1 1 89.15 54 1139 0.471116
1 124 3 3 0.128439 54 5 327.002
1 125 3 3 37.0995 54 115 1.13209
1 126 1 1 55.6982 54 6555 0.754064
1 126 2 2 27.3859 54 614 1.53364
1 127 1 1 19.633 54 1194 2.13926
1 128 1 1 14.8318 54 1407 2.83175
1 129 1 1 8.99349 54 100 4.67005
1 129 3 3 0.22043 54 2 190.536
1 130 1 1 44.508 54 8511 0.943651
1 130 2 2 88.6297 54 606 0.473882
1 131 1 1 14.6765 54 3350 2.86172
1 132 1 1 5.08442 54 1359 8.26054
1 133 1 1 14.5123 54 65 2.8941
1 134 1 1 69.1411 54 8222 0.607454
1 134 2 2 57.4939 54 1170 0.730512
1 135 1 1 296.153 54 5277 0.141819
1 136 1 1 78.9729 54 1455 0.531828
1 137 1 1 2.23686 54 30 18.7764
1 138 1 1 242.189 54 4376 0.173418
1 138 2 2 85.3673 54 1146 0.491992
1 139 1 1 21.2575 54 2091 1.97578
1 140 1 1 3.407 54 137 12.3276
1 141 1 1 10.2546 54 84 4.0957
1 142 1 1 73.8804 54 2700 0.568486
1 142 2 2 62.1264 54 508 0.676041
1 143 1 1 76.3545 54 3778 0.550066
1 144 1 1 3.83115 54 85 10.9628
1 146 1 1 33.9767 54 3632 1.23614
1 146 2 2 28.2706 54 300 1.48564
1 147 1 1 126.039 54 2217 0.333229
1 147 2 2 31.0843 54 224 1.35116
1 148 1 1 17.7199 54 1017 2.37022
1 149 1 1 23.1201 54 41 1.8166
1 150 1 1 69.9137 54 7919 0.600741
1 150 2 2 46.6547 54 3414 0.90023
1 151 1 1 141.587 54 6313 0.296638
1 152 1 1 25.2507 54 3476 1.66332
1 153 1 1 20.5892 54 173 2.0399
1 154 1 1 27.9663 54 17818 1.50181
1 155 1 1 155.692 54 14497 0.269763
1 156 1 1 18.7716 54 3079 2.23742
1 157 1 1 25.0824 54 912 1.67448
1 158 1 1 27.0414 54 12114 1.55317
1 159 1 1 37.8108 54 9998 1.11079
1 160 1 1 9.79995 54 4899 4.28574
1 161 1 1 7.39231 54 67 5.68158
1 162 1 1 23.331 54 14243 1.80018
1 163 1 1 57.8443 54 16847 0.726087
1 164 1 1 15.0218 54 3786 2.79594
1 165 1 1 22.1304 54 659 1.89784
1 166 1 1 38.2235 54 21464 1.0988
1 167 1 1 50.457 54 12396 0.832393
1 167 3 3 6.84623 54 3 6.13476
1 168 1 1 29.7046 54 8206 1.41392
1 169 1 1 12.6844 54 16 3.31115
1 170 1 1 55.54 54 14156 0.756212
1 171 1 1 126.55 54 10871 0.331885
1 172 1 1 25.8643 54 3499 1.62386
1 173 3 3 2.26163 54 1 18.5707
1 174 1 1 64.937 54 2813 0.646781
1 175 1 1 5.67954 54 25 7.39496
1 176 1 1 22.2439 54 45 1.88816
1 176 3 3 5.0183 54 2 8.36937
1 178 1 1 27.0534 54 6216 1.55248
1 179 1 1 52.0933 54 6464 0.806245
1 180 1 1 55.46 54 874 0.757303
1 182 1 1 71.2688 54 13509 0.589319
1 183 1 1 23.7331 54 3065 1.76968
1 184 1 1 31.7717 54 760 1.32193
1 185 1 1 14.548 54 89 2.88699
1 186 1 1 41.2136 54 7777 1.01908
1 187 1 1 22.2529 54 3087 1.88739
1 188 1 1 111.104 54 2704 0.378025
2 2 1 4 19.3683 54 2480 2.16849
2 3 1 4 59.4762 54 5296 0.706165
2 4 1 4 17.7522 54 499 2.36591
2 6 1 4 12.0108 54 4563 3.49685
2 7 1 4 45.479 54 5642 0.923502
2 8 1 4 39.0908 54 1425 1.07442
2 10 1 4 25.2383 54 5149 1.66414
2 11 1 4 41.8104 54 4944 1.00454
2 12 1 4 17.6511 54 1010 2.37945
2 12 3 6 0.903525 54 1 46.4846
2 14 1 4 26.1522 54 3782 1.60598
2 15 1 4 27.2967 54 2376 1.53865
2 16 1 4 33.7227 54 450 1.24545
2 16 3 6 14.9193 54 13 2.81514
2 17 2 6 14.8805 54 12 2.82249
2 18 1 4 26.2691 54 192 1.59884
2 19 1 4 33.3075 54 4612 1.26098
2 20 1 4 9.11913 54 326 4.6057
2 20 3 6 0.803506 54 2 52.2709
2 22 1 4 19.8177 54 1749 2.11932
2 23 1 4 29.7183 54 3446 1.41327
2 24 1 4 60.6841 54 1207 0.692109
2 24 3 6 8.31569 54 7 5.05069
2 25 3 6 3.00477 54 1 13.9778
2 26 1 4 33.7679 54 3571 1.24378
2 27 1 4 44.8933 54 5790 0.935552
2 27 3 6 1.94798 54 6 21.5608
2 28 1 4 19.7135 54 1494 2.13052
2 29 2 6 16.2493 54 5 2.58472
2 30 1 4 38.5002 54 1000 1.0909
2 31 1 4 44.7145 54 2944 0.939292
2 32 1 4 12.697 54 580 3.30786
2 34 1 4 14.6532 54 2396 2.86628
2 35 1 4 39.1488 54 4728 1.07283
2 36 1 4 20.1223 54 948 2.08724
2 38 1 4 60.9726 54 2378 0.688834
2 39 1 4 56.1088 54 4288 0.748546
2 40 1 4 32.3621 54 1850 1.29782
2 42 1 4 25.0691 54 2909 1.67537
2 43 1 4 37.2768 54 12716 1.12671
2 44 1 4 24.3407 54 1285 1.7255
2 46 1 4 23.5533 54 8558 1.78319
2 47 1 4 32.7959 54 13450 1.28065
2 48 1 4 37.2945 54 2416 1.12617
2 50 1 4 46.9206 54 7592 0.895129
2 51 1 4 42.7214 54 20669 0.983113
2 52 1 4 18.9606 54 2348 2.21512
2 52 3 6 8.79007 54 11 4.77812
2 54 1 4 39.3032 54 4523 1.06861
2 55 1 4 28.0577 54 11310 1.49691
2 56 1 4 23.3607 54 1729 1.79789
2 56 3 6 33.1191 54 21 1.26815
2 58 1 4 28.4382 54 5222 1.47688
2 59 1 4 46.8361 54 10215 0.896744
2 60 1 4 19.5548 54 2244 2.14781
2 60 3 6 2.48434 54 2 16.9059
2 62 1 4 30.7532 54 6600 1.36571
2 63 1 4 24.3717 54 9644 1.72331
2 63 3 6 4.46848 54 4 9.39917
2 64 1 4 25.274 54 2075 1.66178
2 66 1 4 34.0136 54 2300 1.2348
2 67 1 4 26.8483 54 7980 1.56434
2 67 3 6 1.8481 54 2 22.7261
2 68 1 4 22.362 54 962 1.87818
2 68 3 6 0.000216931 54 22 193610
2 70 1 4 28.6349 54 3297 1.46674
2 71 1 4 61.3095 54 8678 0.685049
2 72 1 4 20.991 54 3388 2.00086
2 74 1 4 69.1022 54 5464 0.607796
2 75 1 4 47.477 54 5910 0.884639
2 76 1 4 44.8086 54 1646 0.93732
2 78 1 4 22.2624 54 7811 1.88659
2 79 1 4 33.4167 54 14481 1.25686
2 79 3 6 12.3279 54 7 3.40691
2 80 1 4 17.0107 54 3615 2.46903
2 80 3 6 2.39183 54 7 17.5598
2 82 1 4 30.4021 54 5030 1.38149
2 83 1 4 34.2359 54 20094 1.22678
2 83 2 5 50.7906 54 974 0.826924
2 84 1 4 26.0192 54 5041 1.61419
2 84 3 6 22.3332 54 18 1.88061
2 86 1 4 38.8331 54 9675 1.08155
2 86 2 5 22.6155 54 118 1.85713
2 87 1 4 37.0967 54 15213 1.13217
2 87 2 5 25.64 54 1107 1.63807
2 88 1 4 18.3825 54 3968 2.28478
2 88 3 6 22.8329 54 27 1.83945
2 90 1 4 47.514 54 8618 0.883951
2 90 2 5 40.6459 54 239 1.03331
2 91 1 4 40.894 54 13488 1.02705
2 91 2 5 74.4994 54 1047 0.563763
2 92 1 4 80.1672 54 6403 0.523905
2 92 2 5 21.3535 54 120 1.96689
2 94 1 4 70.966 54 8642 0.591833
2 95 1 4 50.5221 54 30146 0.831319
2 96 1 4 18.2622 54 6166 2.29983
2 96 3 6 9.8174 54 3 4.27812
2 98 1 4 32.3258 54 1864 1.29927
2 99 1 4 51.624 54 32928 0.813574
2 99 3 6 0.846252 54 2 49.6306
2 100 1 4 64.2269 54 4554 0.653931
2 100 3 6 18.6581 54 5 2.25103
2 102 1 4 57.8407 54 7520 0.726132
2 103 1 4 48.9393 54 29963 0.858205
2 103 3 6 34.7334 54 25 1.20921
2 104 1 4 20.3801 54 13466 2.06083
2 104 3 6 34.5551 54 60 1.21545
2 106 1 4 78.3947 54 10129 0.535751
2 107 1 4 56.1477 54 28715 0.748027
2 107 3 6 11.6166 54 8 3.61551
2 108 1 4 161.381 54 10069 0.260253
2 108 3 6 0.100008 54 5 419.967
2 110 1 4 43.1882 54 6215 0.972488
2 110 3 6 1.60717 54 1 26.1329
2 111 1 4 120.182 54 25165 0.349471
2 111 3 6 0.0986481 54 2 425.756
2 112 1 4 105.026 54 4621 0.399903
2 112 3 6 11.4842 54 6 3.65719
2 114 1 4 54.1948 54 17686 0.774983
2 114 2 5 41.3837 54 2112 1.01489
2 115 1 4 67.0094 54 15945 0.626778
2 115 3 6 4.74028 54 2 8.86023
2 116 1 4 18.8011 54 7007 2.23391
2 116 3 6 2.9272 54 1 14.3482
2 118 1 4 137.242 54 19854 0.306029
2 118 2 5 151.483 54 2679 0.277259
2 119 1 4 58.8102 54 41459 0.714162
2 119 2 5 61.1307 54 5527 0.687052
2 119 3 6 26.0417 54 24 1.6128
2 120 1 4 23.9701 54 17917 1.75218
2 120 2 5 58.9246 54 105 0.712776
2 120 3 6 25.6318 54 41 1.63859
2 122 1 4 85.4021 54 15179 0.491791
2 122 2 5 41.1662 54 2582 1.02025
2 123 1 4 116.219 54 52821 0.361387
2 123 2 5 44.0499 54 6051 0.953464
2 123 3 6 2.10365 54 1 19.9653
2 124 1 4 55.752 54 11162 0.753336
2 124 3 6 1.26374 54 1 33.2346
2 126 1 4 76.7169 54 21947 0.547467
2 126 2 5 63.8623 54 2165 0.657665
2 127 1 4 53.1967 54 44291 0.789522
2 127 2 5 73.0885 54 7199 0.574646
2 128 1 4 24.092 54 23050 1.74332
2 128 2 5 25.1898 54 421 1.66734
2 130 1 4 90.5013 54 7949 0.464082
2 130 2 5 41.778 54 742 1.00531
2 131 1 4 100.938 54 35127 0.416096
2 131 2 5 93.4167 54 812 0.449599
2 131 3 6 6.80564 54 11 6.17135
2 132 1 4 55.3601 54 20085 0.75867
2 132 3 6 12.8988 54 7 3.25611
2 134 1 4 98.0329 54 12097 0.428428
2 134 2 5 82.2719 54 3287 0.510503
2 135 1 4 72.0572 54 42867 0.582871
2 135 2 5 55.0157 54 5968 0.763418
2 136 1 4 26.077 54 28832 1.61061
2 136 2 5 32.9795 54 224 1.27352
2 138 1 4 85.3642 54 1117 0.49201
2 138 2 5 70.7464 54 5721 0.59367
2 139 1 4 92.0253 54 35555 0.456396
2 139 2 5 74.7242 54 7736 0.562067
2 139 3 6 3.37651 54 3 12.4389
2 140 1 4 20.1252 54 13854 2.08694
2 140 3 6 11.9049 54 12 3.52797
2 142 1 4 90.5446 54 3483 0.46386
2 142 2 5 28.2582 54 1783 1.48629
2 143 1 4 119.31 54 30624 0.352024
2 143 2 5 36.1759 54 1533 1.16099
2 144 1 4 46.5478 54 11235 0.902298
2 146 1 4 58.8989 54 3611 0.713087
2 146 2 5 33.8799 54 9855 1.23967
2 147 1 4 64.37 54 31822 0.652478
2 147 2 5 47.1573 54 5176 0.890636
2 148 1 4 28.048 54 11552 1.49743
2 150 1 4 98.8625 54 1384 0.424832
2 150 2 5 37.4394 54 1940 1.12181
2 151 1 4 32.7675 54 28929 1.28176
2 151 2 5 90.611 54 2378 0.46352
2 152 1 4 30.5663 54 11518 1.37406
2 154 1 4 34.1128 54 7225 1.23121
2 154 2 5 36.0592 54 101 1.16475
2 155 1 4 73.6885 54 32680 0.569967
2 155 2 5 14.2505 54 399 2.94727
2 156 1 4 34.6617 54 23992 1.21171
2 157 2 6 4.21935 54 2 9.95413
2 158 1 4 43.6106 54 781 0.963068
2 159 1 4 69.448 54 25078 0.604769
2 159 2 5 83.3619 54 524 0.503827
2 159 3 6 19.0857 54 4 2.2006
2 160 1 4 23.2002 54 19973 1.81033
2 162 1 4 27.0886 54 712 1.55047
2 163 1 4 41.1062 54 29289 1.02174
2 163 3 6 3.60337 54 2 11.6558
2 164 1 4 34.3511 54 16654 1.22267
2 164 3 6 8.33313 54 3 5.04012
2 166 1 4 91.4612 54 3589 0.459211
2 167 1 4 62.7157 54 31787 0.669689
2 167 3 6 40.5739 54 25 1.03515
2 168 1 4 39.8567 54 11536 1.05378
2 168 3 6 7.65782 54 2 5.48459
2 169 2 6 2.90237 54 5 14.471
2 170 1 4 102.857 54 2375 0.408335
2 170 2 5 52.8808 54 951 0.79424
2 171 1 4 168.971 54 25077 0.248564
2 171 2 5 96.428 54 1933 0.435558
2 171 3 6 20.1353 54 17 2.08589
2 172 1 4 80.412 54 4010 0.52231
2 172 3 6 62.5544 54 57 0.671416
2 173 2 6 7.67742 54 2 5.47059
2 174 1 4 22.845 54 9212 1.83847
2 174 2 5 14.8079 54 105 2.83633
2 174 3 6 2.34772 54 4 17.8897
2 175 1 4 127.783 54 27674 0.328682
2 175 3 6 25.9948 54 62 1.61571
2 176 1 4 107.535 54 4015 0.390569
2 176 3 6 0.00289452 54 172 14510.2
2 177 2 6 34.5622 54 18 1.2152
2 178 1 4 39.1565 54 7007 1.07262
2 179 1 4 106.919 54 30797 0.392819
2 179 3 6 17.9817 54 34 2.3357
2 180 1 4 51.7238 54 11795 0.812006
2 180 3 6 50.025 54 108 0.839581
2 182 1 4 72.1568 54 3167 0.582066
2 182 3 6 0.357955 54 1 117.333
2 183 1 4 77.9045 54 30403 0.539122
2 183 3 6 9.85001 54 11 4.26396
2 184 1 4 17.5027 54 5468 2.39963
2 184 3 6 3.56494 54 76 11.7814
2 186 1 4 69.5068 54 6616 0.604257
2 187 1 4 49.3554 54 33982 0.850971
2 187 3 6 16.567 54 8 2.53517
2 188 1 4 25.6688 54 10140 1.63623
2 188 3 6 21.6893 54 12 1.93644
3 1 1 7 33.664 54 4462 1.24762
3 2 1 7 102.982 54 12381 0.407839
3 3 1 7 87.1531 54 7817 0.48191
3 4 1 7 32.2263 54 2502 1.30328
3 4 2 9 3.46659 54 2 12.1156
3 5 1 7 34.2293 54 1239 1.22702
3 6 1 7 66.7247 54 3891 0.629452
3 7 1 7 75.6963 54 4667 0.554849
3 7 2 9 8.33149 54 9 5.04111
3 8 1 7 34.9972 54 1744 1.2001
3 8 3 9 12.6802 54 4 3.31224
3 9 1 7 41.093 54 1802 1.02207
3 9 2 9 5.39207 54 7 7.78922
3 10 1 7 74.4257 54 4405 0.564321
3 10 3 9 3.93576 54 5 10.6714
3 11 1 7 45.2245 54 2573 0.9287
3 12 1 7 10.7857 54 6734 3.89406
3 12 2 9 10.2271 54 72 4.10676
3 13 1 7 25.1606 54 1308 1.66928
3 14 1 7 53.525 54 3073 0.784681
3 15 1 7 35.0401 54 930 1.19863
3 16 1 7 21.4614 54 1072 1.957
3 17 1 7 32.9786 54 944 1.27355
3 18 1 7 45.7293 54 1000 0.918448
3 19 1 7 14.6712 54 514 2.86275
3 20 1 7 10.187 54 67 4.12292
3 20 3 9 9.82937 54 4 4.27291
3 21 1 7 24.8608 54 66 1.68941
3 22 1 7 28.566 54 548 1.47028
3 23 1 7 20.6929 54 110 2.02968
3 24 1 7 38.8532 54 150 1.08099
3 25 1 7 2.02952 54 10 20.6945
3 26 1 7 14.3453 54 263 2.92779
3 27 1 7 15.3175 54 53 2.74197
3 27 2 9 0.441453 54 1 95.1404
3 28 1 7 10.0356 54 255 4.18509
3 28 2 9 1.8023 54 5 23.3035
3 29 1 7 22.2078 54 3576 1.89123
3 30 1 7 56.3661 54 2229 0.745128
3 31 1 7 38.9094 54 1069 1.07943
3 32 1 7 28.344 54 111 1.4818
3 33 1 7 49.543 54 411 0.847748
3 34 1 7 22.7968 54 100 1.84237
3 35 1 7 7.8219 54 5 5.36954
3 36 1 7 17.6222 54 113 2.38336
3 37 1 7 26.5954 54 272 1.57922
3 38 1 7 31.5974 54 888 1.32922
3 39 1 7 28.5041 54 145 1.47347
3 40 1 7 23.7848 54 160 1.76583
3 41 1 7 39.9858 54 183 1.05037
3 42 1 7 17.4555 54 562 2.40611
3 43 1 7 43.491 54 35 0.965718
3 44 1 7 30.0536 54 331 1.3975
3 45 1 7 35.5098 54 405 1.18277
3 46 1 7 21.1946 54 600 1.98164
3 47 1 7 27.3827 54 70 1.53381
3 48 1 7 23.9843 54 191 1.75115
3 48 3 9 0.348952 54 1 120.36
3 49 1 7 58.1116 54 497 0.722748
3 50 1 7 23.1698 54 132 1.81271
3 50 3 9 0.588131 54 3 71.4127
3 51 1 7 11.6671 54 5 3.59987
3 52 1 7 36.2158 54 132 1.15971
3 53 1 7 32.3344 54 205 1.29893
3 54 1 7 44.8065 54 1094 0.937365
3 54 3 9 8.18333 54 2 5.13239
3 55 1 7 29.7182 54 275 1.41328
3 55 3 9 3.35838 54 1 12.506
3 56 1 7 10.6489 54 100 3.94407
3 57 1 7 13.9687 54 188 3.00672
3 58 1 7 85.3365 54 407 0.492169
3 60 1 7 106.53 54 225 0.394257
3 61 1 7 30.5537 54 518 1.37463
3 62 1 7 8.86818 54 128 4.73603
3 63 1 7 20.4267 54 48 2.05613
3 64 1 7 47.4373 54 150 0.885379
3 65 1 7 37.3028 54 223 1.12592
3 66 1 7 35.7286 54 659 1.17553
3 67 1 7 12.1941 54 86 3.44429
3 68 1 7 28.5796 54 154 1.46958
3 69 1 7 19.2262 54 738 2.18451
3 70 1 7 58.7324 54 1502 0.715107
3 71 1 7 11.8814 54 25 3.53493
3 71 3 9 2.87909 54 2 14.5879
3 72 1 7 53.4365 54 364 0.78598
3 72 3 9 10.2027 54 6 4.11655
3 73 1 7 74.1487 54 293 0.56643
3 74 1 7 77.8201 54 422 0.539706
3 74 3 9 13.2764 54 4 3.16351
3 75 1 7 39.5099 54 435 1.06302
3 76 1 7 12.188 54 160 3.44602
3 77 1 7 14.7244 54 139 2.8524
3 78 1 7 31.1956 54 192 1.34634
3 78 2 8 21.0063 54 72 1.9994
3 78 3 9 2.26084 54 2 18.5772
3 79 1 7 23.4455 54 15 1.79138
3 79 3 9 2.90881 54 1 14.4389
3 80 1 7 50.4786 54 298 0.832036
3 80 3 9 4.35303 54 1 9.64846
3 81 1 7 12.465 54 92 3.36944
3 81 3 9 22.9292 54 4 1.83172
3 82 1 7 53.3331 54 898 0.787504
3 82 3 9 20.4562 54 11 2.05316
3 83 1 7 9.01143 54 5 4.66075
3 83 3 9 0.864306 54 3 48.5939
3 84 1 7 64.6238 54 175 0.649915
3 84 3 9 2.7385 54 1 15.3368
3 85 1 7 80.0306 54 428 0.524799
3 86 1 7 78.0044 54 720 0.538431
3 86 3 9 28.3964 54 10 1.47906
3 87 1 7 8.20582 54 7 5.11832
3 87 3 9 3.75759 54 1 11.1774
3 88 1 7 46.2777 54 90 0.907564
3 88 3 9 15.5708 54 7 2.69736
3 89 1 7 29.7246 54 659 1.41297
3 90 1 7 32.9176 54 1182 1.27591
3 91 1 7 30.3487 54 25 1.38391
3 92 1 7 91.3124 54 304 0.459959
3 92 3 9 11.4683 54 5 3.66228
3 93 1 7 13.9971 54 829 3.00063
3 93 3 9 3.08321 54 1 13.6222
3 94 1 7 35.837 54 948 1.17197
3 94 2 8 17.1899 54 240 2.4433
3 95 1 7 13.8104 54 15 3.04119
3 95 3 9 0.597241 54 1 70.3234
3 96 1 7 28.7307 54 212 1.46185
3 96 3 9 2.16676 54 1 19.3838
3 97 1 7 34.2909 54 584 1.22481
3 98 1 7 15.4718 54 280 2.71461
3 98 2 8 18.4837 54 145 2.27227
3 98 3 9 12.5593 54 4 3.34413
3 99 2 8 75.8584 54 1868 0.553663
3 99 3 9 13.5465 54 10 3.10043
3 100 1 7 49.8925 54 97 0.84181
3 100 2 8 23.7195 54 3345 1.7707
3 100 3 9 6.32883 54 10 6.6363
3 101 1 7 54.9575 54 413 0.764227
3 102 1 7 17.0329 54 103 2.46582
3 103 1 7 9.23453 54 57 4.54815
3 103 3 9 9.43552 54 2 4.45126
3 104 1 7 21.0938 54 41 1.99111
3 104 3 9 6.99246 54 10 6.00647
3 105 1 7 15.4915 54 30 2.71116
3 106 1 7 14.7143 54 181 2.85436
3 108 1 7 13.3482 54 60 3.1465
3 109 1 7 43.6846 54 56 0.961437
3 110 1 7 5.16654 54 9 8.12923
3 112 1 7 14.3628 54 99 2.92422
3 113 1 7 9.48389 54 99 4.42856
3 114 1 7 53.1959 54 202 0.789534
3 116 1 7 29.769 54 48 1.41086
3 116 3 9 4.04964 54 1 10.3713
3 118 1 7 93.3227 54 5977 0.450051
3 119 1 7 11.1926 54 15 3.75248
3 120 1 7 9.1839 54 6 4.57322
3 121 1 7 27.8804 54 4625 1.50644
3 121 3 9 0.0610119 54 1 688.39
3 122 1 7 46.5433 54 4949 0.902385
3 124 1 7 21.9975 54 627 1.90931
3 124 3 9 3.60558e-07 54 4 1.16486e+08
3 125 1 7 35.1464 54 1285 1.195
3 125 3 9 0.0421483 54 3 996.481
3 126 1 7 61.2311 54 1296 0.685926
3 126 2 8 84.1347 54 780 0.4992
3 128 1 7 53.4267 54 378 0.786124
3 128 3 9 6.2348 54 3 6.73638
3 129 1 7 32.6117 54 3022 1.28788
3 130 1 7 12.0401 54 393 3.48834
3 131 2 8 3.57352 54 282 11.7531
3 132 1 7 21.6677 54 414 1.93837
3 133 1 7 108.812 54 3098 0.385987
3 134 1 7 16.8741 54 525 2.48902
3 135 1 7 7.7972 54 361 5.38655
3 136 1 7 11.1015 54 313 3.78326
3 137 1 7 33.7706 54 1603 1.24369
3 137 3 9 13.8756 54 20 3.02689
3 138 1 7 126.186 54 1447 0.332843
3 138 3 9 10.7039 54 4 3.9238
3 139 1 7 26.7128 54 76 1.57228
3 140 1 7 17.5612 54 175 2.39164
3 140 2 8 3.62183 54 139 11.5964
3 140 3 9 14.2455 54 7 2.94829
3 141 1 7 80.0863 54 640 0.524434
3 142 1 7 67.887 54 272 0.618675
3 143 1 7 12.212 54 282 3.43923
3 144 1 7 18.2007 54 547 2.30761
3 145 1 7 89.9023 54 2342 0.467174
3 146 1 7 108.264 54 630 0.38794
3 147 1 7 15.9548 54 50 2.63244
3 148 1 7 23.9854 54 948 1.75107
3 149 1 7 54.4898 54 7373 0.770786
3 150 1 7 64.5219 54 5092 0.650942
3 151 1 7 59.03 54 1842 0.711503
3 152 1 7 31.0349 54 166 1.35331
3 153 1 7 47.333 54 7284 0.88733
3 154 1 7 35.3469 54 2667 1.18822
3 155 1 7 26.306 54 682 1.59659
3 156 1 7 5.51418 54 243 7.61673
3 157 1 7 57.9823 54 14501 0.724359
3 157 3 9 8.26824 54 7 5.07968
3 158 1 7 16.1335 54 6628 2.60328
3 158 2 8 9.32034 54 8 4.50627
3 159 1 7 12.3486 54 1061 3.40121
3 160 3 9 11.2829 54 53 3.72244
3 161 1 7 32.1717 54 10178 1.30549
3 162 1 7 35.4719 54 2135 1.18404
3 162 2 8 13.7168 54 17 3.06193
3 163 1 7 14.5474 54 966 2.88711
3 164 1 7 24.7901 54 1132 1.69422
3 164 2 8 1.8246 54 28 23.0188
3 165 1 7 7.75794 54 10834 5.41381
3 166 1 7 103.522 54 2765 0.405712
3 166 2 8 22.4992 54 35 1.86673
3 166 3 9 16.3321 54 4 2.57162
3 168 1 7 25.9375 54 502 1.61928
3 169 1 7 12.9382 54 4864 3.2462
3 169 2 8 25.0967 54 58 1.67353
3 169 3 9 20.9364 54 10 2.00608
3 170 1 7 52.5565 54 5051 0.79914
3 170 2 8 13.8512 54 245 3.03223
3 171 3 9 39.0044 54 28 1.0768
3 172 1 7 35.845 54 620 1.17171
3 172 3 9 21.9285 54 15 1.91532
3 173 1 7 10.6899 54 9440 3.92894
3 173 3 9 19.1703 54 123 2.19089
3 174 1 7 47.0299 54 3587 0.893049
3 174 2 8 10.7744 54 199 3.89813
3 174 3 9 11.9954 54 144 3.50135
3 175 3 9 6.04313 54 7 6.95004
3 176 1 7 9.24062 54 610 4.54515
3 176 3 9 1.6494 54 1 25.4638
3 177 1 7 21.8481 54 5029 1.92236
3 177 3 9 37.4306 54 63 1.12208
3 178 1 7 50.4672 54 711 0.832224
3 178 2 8 21.6461 54 169 1.94031
3 179 2 8 2.31632 54 104 18.1322
3 179 3 9 13.2055 54 9 3.18049
3 180 1 7 19.413 54 473 2.1635
3 180 3 9 55.6492 54 37 0.754727
3 181 1 7 27.2382 54 2341 1.54195
3 181 2 8 35.8102 54 38 1.17285
3 181 3 9 23.9107 54 54 1.75654
3 182 1 7 16.6822 54 1273 2.51766
3 182 2 8 16.4063 54 97 2.55999
3 182 3 9 17.9299 54 9 2.34246
3 183 2 8 6.75321 54 40 6.21926
3 183 3 9 1.67353 54 7 25.0966
3 184 1 7 23.6598 54 914 1.77517
3 184 2 8 26.595 54 20 1.57924
3 185 3 9 15.0143 54 8 2.79733
3 186 2 8 14.5724 54 30 2.88217
3 187 3 9 4.34094 54 2 9.67533
3 188 3 9 18.4217 54 6 2.27992
4 1 1 22 24.6274 54 579 1.70542
4 1 2 23 96.6709 54 195 0.434464
4 2 1 22 21.9379 54 540 1.9145
4 2 2 23 40.1397 54 145 1.04634
4 3 1 22 15.4212 54 514 2.72353
4 3 2 23 66.0957 54 56 0.635443
4 4 2 23 41.989 54 83 1.00026
4 5 2 23 172.785 54 267 0.243076
4 6 2 23 48.723 54 283 0.862015
4 7 1 22 50.7815 54 3002 0.827074
4 7 2 23 11.9562 54 90 3.51282
4 8 1 22 2.20444 54 234 19.0524
4 8 2 23 152.148 54 936 0.276047
4 9 2 23 57.499 54 433 0.730448
4 10 1 22 4.93824 54 68 8.50505
4 10 2 23 73.2906 54 253 0.573062
4 11 1 22 34.106 54 618 1.23145
4 11 2 23 2.63391e-05 54 73 1.59458e+06
4 12 2 23 16.3889 54 370 2.56272
4 13 2 23 97.8945 54 410 0.429033
4 14 1 22 18.0548 54 81 2.32625
4 14 2 23 21.025 54 271 1.99762
4 15 1 22 58.0428 54 728 0.723604
4 15 2 23 34.2931 54 165 1.22474
4 16 2 23 92.9747 54 463 0.451736
4 17 1 22 15.6781 54 40 2.6789
4 17 2 23 108.411 54 637 0.387416
4 18 2 23 113.494 54 920 0.370064
4 19 1 22 44.1565 54 172 0.951163
4 19 2 23 49.105 54 54 0.85531
4 20 2 23 51.4792 54 20 0.815863
4 21 2 23 65.6685 54 44 0.639576
4 22 1 22 25.8527 54 20 1.62459
4 22 2 23 99.7467 54 365 0.421066
4 23 1 22 16.7404 54 29 2.50891
4 23 2 23 16.8582 54 29 2.49136
4 24 2 23 38.1261 54 65 1.10161
4 25 2 23 81.9109 54 416 0.512752
4 26 1 22 47.5939 54 1785 0.882466
4 26 2 23 133.784 54 870 0.313938
4 27 1 22 18.6828 54 29 2.24806
4 27 2 23 36.9252 54 227 1.13743
4 28 1 22 5.88739 54 15 7.13389
4 28 2 23 40.9263 54 31 1.02623
4 29 1 22 14.6568 54 338 2.86557
4 29 2 23 13.0538 54 105 3.21745
4 30 1 22 39.8624 54 1011 1.05363
4 30 2 23 96.2504 54 520 0.436362
4 31 2 23 42.7577 54 44 0.98228
4 32 1 22 6.98917 54 230 6.00929
4 32 2 23 65.2703 54 130 0.643478
4 33 2 23 149.39 54 325 0.281143
4 34 2 23 155.578 54 236 0.26996
4 35 2 23 32.6553 54 30 1.28616
4 36 2 23 24.5364 54 90 1.71174
4 37 1 22 16.3338 54 5 2.57136
4 37 2 23 23.9567 54 355 1.75316
4 38 2 23 122.779 54 440 0.342079
4 39 1 22 46.7866 54 70 0.897693
4 39 2 23 35.5919 54 145 1.18004
4 40 2 23 26.5769 54 113 1.58032
4 41 1 22 25.5585 54 45 1.64329
4 41 2 23 69.4661 54 320 0.604611
4 42 1 22 6.24073 54 6 6.72999
4 42 2 23 44.2219 54 165 0.949756
4 43 1 22 37.7613 54 54 1.11225
4 43 2 23 21.2129 54 5 1.97993
4 44 2 23 19.2067 54 27 2.18674
4 45 1 22 34.0664 54 221 1.23288
4 45 2 23 104.715 54 90 0.401087
4 46 1 22 4.4239 54 94 9.49388
4 46 2 23 42.8329 54 227 0.980555
4 47 1 22 6.85322 54 16 6.1285
4 47 2 23 37.274 54 114 1.12679
4 48 2 23 60.5483 54 87 0.693661
4 49 1 22 44.3182 54 343 0.947692
4 49 2 23 45.3529 54 113 0.926071
4 50 1 22 38.0921 54 148 1.10259
4 50 2 23 12.3094 54 222 3.41202
4 51 2 23 59.4048 54 81 0.707013
4 52 1 22 5.397 54 25 7.78209
4 52 2 23 34.0871 54 52 1.23214
4 53 1 22 9.45059 54 96 4.44417
4 53 2 23 52.7136 54 67 0.796759
4 54 1 22 39.1747 54 1023 1.07212
4 54 2 23 0.00164817 54 288 25482.9
4 55 1 22 17.9408 54 631 2.34103
4 55 2 23 39.9449 54 76 1.05145
4 56 1 22 76.2204 54 203 0.551034
4 56 2 23 92.0822 54 50 0.456114
4 57 1 22 8.52853 54 35 4.92465
4 57 2 23 51.6065 54 448 0.813851
4 58 2 23 92.3929 54 358 0.45458
4 59 1 22 8.0485 54 13 5.21836
4 59 2 23 91.8238 54 132 0.457398
4 60 1 22 5.55779 54 11 7.55696
4 60 2 23 15.7137 54 15 2.67283
4 61 1 22 78.9677 54 108 0.531863
4 61 2 23 58.3215 54 18 0.720146
4 62 1 22 5.15022 54 25 8.15498
4 62 2 23 51.9648 54 95 0.808239
4 63 1 22 30.7148 54 70 1.36742
4 63 2 23 23.6587 54 21 1.77524
4 64 2 23 11.3374 54 34 3.70455
4 65 1 22 9.30107 54 115 4.51561
4 65 2 23 107.537 54 44 0.390563
4 66 1 22 24.1275 54 57 1.74075
4 66 2 23 56.6905 54 580 0.740864
4 67 2 23 55.2463 54 52 0.760233
4 68 1 22 2.05567 54 9 20.4313
4 68 2 23 47.3638 54 85 0.886753
4 69 1 22 13.5256 54 47 3.10523
4 69 2 23 57.703 54 252 0.727865
4 70 1 22 24.6432 54 102 1.70432
4 70 2 23 39.3199 54 388 1.06816
4 71 2 23 25.8343 54 31 1.62575
4 72 1 22 8.37552 54 79 5.01462
4 72 2 23 30.312 54 69 1.38559
4 73 1 22 0.940923 54 24 44.637
4 73 2 23 49.6493 54 27 0.845933
4 74 1 22 39.6348 54 248 1.05967
4 74 2 23 18.357 54 33 2.28795
4 75 1 22 4.13297 54 75 10.1622
4 75 2 23 4.86918 54 11 8.62569
4 76 1 22 14.1915 54 23 2.95952
4 76 2 23 67.7331 54 111 0.620081
4 77 1 22 15.5676 54 104 2.69792
4 77 2 23 234.057 54 765 0.179443
4 78 1 22 72.2299 54 83 0.581477
4 78 2 23 39.1946 54 346 1.07158
4 79 2 23 44.4058 54 36 0.945823
4 80 1 22 55.9417 54 70 0.750782
4 80 2 23 44.3763 54 43 0.946451
4 81 2 23 0.000359695 54 159 116766
4 82 1 22 24.3212 54 1034 1.72689
4 82 2 23 68.4419 54 161 0.613659
4 83 2 23 0.591374 54 31 71.021
4 84 1 22 14.548 54 25 2.88699
4 84 2 23 82.6772 54 123 0.508
4 85 1 22 6.00424 54 20 6.99506
4 85 2 23 58.1981 54 2165 0.721673
4 86 1 22 11.5262 54 68 3.64388
4 86 2 23 56.1627 54 272 0.747828
4 87 2 23 0.42279 54 17 99.34
4 88 1 22 19.2627 54 171 2.18038
4 88 2 23 90.8201 54 72 0.462452
4 89 1 22 39.0667 54 110 1.07508
4 89 2 23 187.48 54 437 0.224024
4 90 1 22 23.22 54 120 1.80878
4 90 2 23 50.4188 54 175 0.833022
4 91 2 23 30.9854 54 18 1.35548
4 92 1 22 15.5164 54 45 2.70682
4 92 2 23 88.2283 54 810 0.476038
4 93 1 22 4.97179 54 6 8.44765
4 93 2 23 72.5785 54 3510 0.578684
4 94 1 22 85.3596 54 215 0.492036
4 94 2 23 19.7849 54 125 2.12283
4 95 2 23 14.9562 54 12 2.80821
4 96 1 22 35.271 54 218 1.19078
4 96 2 23 1.86052e-05 54 32 2.25744e+06
4 97 1 22 22.2846 54 25 1.88471
4 97 2 23 51.8924 54 178 0.809367
4 98 1 22 13.585 54 145 3.09164
4 98 2 23 27.3719 54 176 1.53442
4 99 2 23 23.0484 54 8 1.82225
4 100 1 22 22.9222 54 229 1.83229
4 100 2 23 45.7401 54 44 0.918232
4 101 1 22 3.32112 54 47 12.6463
4 101 2 23 97.4421 54 295 0.431025
4 102 1 22 27.9579 54 45 1.50226
4 102 2 23 69.7639 54 233 0.602031
4 103 2 23 24.4358 54 19 1.71879
4 104 1 22 57.2981 54 275 0.733009
4 104 2 23 66.7269 54 40 0.629432
4 105 1 22 25.2852 54 1018 1.66105
4 105 2 23 86.6456 54 103 0.484733
4 106 1 22 7.96545 54 14 5.27277
4 106 2 23 41.6057 54 204 1.00948
4 107 2 23 14.7582 54 4 2.84587
4 108 1 22 16.5073 54 491 2.54433
4 108 2 23 52.6729 54 29 0.797374
4 109 1 22 66.8662 54 6476 0.62812
4 109 2 23 94.7581 54 378 0.443234
4 110 1 22 6.34365 54 105 6.62079
4 110 2 23 26.8909 54 400 1.56186
4 111 1 23 4.66687 54 1 8.99961
4 112 1 22 22.152 54 277 1.89599
4 112 2 23 17.1252 54 18 2.45252
4 113 1 22 24.7463 54 3674 1.69722
4 113 2 23 44.7112 54 190 0.939362
4 114 2 23 49.6853 54 73 0.845321
4 115 2 23 12.9067 54 5 3.25413
4 116 1 22 17.4706 54 358 2.40405
4 116 2 23 5.19528e-05 54 56 808425
4 117 2 23 214.105 54 1052 0.196165
4 118 1 22 24.0526 54 3470 1.74618
4 118 2 23 65.3329 54 560 0.642861
4 119 2 23 3.8649 54 2 10.867
4 120 1 22 22.0501 54 1194 1.90475
4 120 2 23 89.8242 54 58 0.46758
4 121 1 22 21.9269 54 1283 1.91546
4 121 2 23 235.912 54 146 0.178032
4 122 1 22 13.6005 54 3907 3.08812
4 122 2 23 28.8302 54 33 1.4568
4 123 2 23 0.482441 54 17 87.0573
4 124 1 22 33.9751 54 415 1.2362
4 124 2 23 64.4569 54 113 0.651598
4 125 1 22 76.1514 54 1400 0.551533
4 125 2 23 119.89 54 3577 0.350321
4 126 1 22 32.7814 54 2466 1.28121
4 126 2 23 36.0687 54 67 1.16445
4 127 1 23 2.94388 54 14 14.2669
4 128 1 22 10.1661 54 234 4.13138
4 128 2 23 40.8309 54 36 1.02863
4 129 1 22 15.9701 54 176 2.62992
4 129 2 23 1.09079 54 27 38.5042
4 130 1 22 14.6914 54 104 2.85882
4 130 2 23 75.6197 54 257 0.555411
4 131 2 23 10.4588 54 9 4.01575
4 132 1 22 5.50925 54 250 7.62355
4 132 2 23 57.8256 54 44 0.726322
4 133 2 23 81.9303 54 436 0.512631
4 134 1 22 18.8658 54 149 2.22625
4 134 2 23 2.12404 54 18 19.7736
4 136 1 22 28.5554 54 275 1.47083
4 137 2 23 82.6277 54 98 0.508304
4 138 2 23 10.7865 54 89 3.89377
4 139 2 23 2.01745e-07 54 7 2.08184e+08
4 140 1 22 10.9415 54 183 3.83861
4 140 2 23 91.1222 54 22 0.460919
4 141 1 22 34.0044 54 720 1.23513
4 142 1 22 58.9171 54 329 0.712866
4 144 1 22 85.0801 54 399 0.493652
4 145 1 22 50.6741 54 541 0.828826
4 146 1 22 9.01984 54 84 4.6564
4 148 1 22 5.79137 54 150 7.25217
4 152 1 22 9.71245 54 17 4.32435
4 153 1 22 24.1614 54 400 1.73831
4 156 1 22 29.5884 54 330 1.41948
4 157 2 23 101.513 54 187 0.413739
4 158 1 22 13.1825 54 208 3.18605
4 158 2 23 88.1955 54 22 0.476215
4 159 1 22 23.943 54 189 1.75417
4 159 2 23 6.39539 54 5 6.56723
4 160 1 22 15.2459 54 629 2.75484
4 160 2 23 31.4471 54 10 1.33558
4 161 2 23 12.5973 54 118 3.33406
4 162 2 23 13.1185 54 70 3.20157
4 163 1 22 24.2327 54 175 1.73319
4 163 2 23 16.9992 54 3 2.4707
4 164 2 23 83.3406 54 586 0.503956
4 165 2 23 54.8923 54 266 0.765135
4 166 2 23 26.9583 54 161 1.55796
4 167 2 23 6.2643 54 7 6.70466
4 168 2 23 3.04686 54 24 13.7847
4 169 2 23 80.2919 54 96 0.523091
4 170 2 23 95.7608 54 36 0.438593
4 171 2 23 18.8196 54 41 2.23172
4 172 2 23 22.0342 54 16 1.90613
4 173 1 22 6.66261 54 1394 6.30384
4 173 2 23 113.998 54 251 0.368427
4 174 2 23 87.7453 54 89 0.478658
4 175 2 23 7.60618 54 2 5.52183
4 176 1 22 8.83353 54 50 4.75461
4 176 2 23 43.0864 54 59 0.974785
4 177 1 22 9.85721 54 523 4.26084
4 177 2 23 17.6824 54 70 2.37525
4 178 1 22 31.8763 54 1018 1.31759
4 178 2 23 8.09592e-05 54 134 518780
4 179 2 23 40.938 54 48 1.02594
4 180 1 22 35.1606 54 200 1.19452
4 180 2 23 1.23072 54 60 34.1264
4 181 1 22 24.241 54 827 1.7326
4 181 2 23 50.439 54 76 0.832689
4 182 2 23 77.5209 54 45 0.54179
4 183 2 23 208.194 54 1136 0.201735
4 184 1 22 28.3687 54 291 1.48051
4 184 2 23 0.000225314 54 190 186407
4 185 2 23 110.797 54 267 0.379072
4 186 2 23 0.000218293 54 79 192402
4 187 2 23 7.08209 54 20 5.93045
5 2 5 17 7.80987 54 7 5.37781
5 3 5 17 10.9314 54 3 3.84213
5 5 7 17 11.9824 54 5 3.50514
5 6 5 17 18.1121 54 11 2.31889
5 7 5 17 23.5766 54 34 1.78143
5 8 7 17 13.0945 54 23 3.20745
5 9 7 17 0.000138241 54 104 303817
5 10 5 17 15.1264 54 39 2.7766
5 11 6 17 11.5236 54 11 3.64469
5 12 7 17 18.22 54 108 2.30515
5 13 7 17 5.09531 54 19 8.24287
5 14 7 17 2.12407 54 117 19.7734
5 15 7 17 4.25954 54 5 9.86022
5 16 7 17 20.8565 54 45 2.01376
5 17 7 17 28.8366 54 80 1.45648
5 20 7 17 8.64177 54 19 4.86012
5 21 7 17 2.34785 54 1 17.8887
5 23 7 17 4.73138 54 4 8.87691
5 27 7 17 3.32058 54 11 12.6484
5 28 7 17 3.34344 54 9 12.5619
5 29 7 17 0.329563 54 1 127.441
5 33 1 10 10.8919 54 126 3.85606
5 33 3 12 26.1961 54 3957 1.60329
5 34 1 10 4.53515 54 7 9.26099
5 34 3 12 16.2978 54 3375 2.57704
5 35 1 10 2.77821 54 25 15.1177
5 35 3 12 18.5798 54 3445 2.26052
5 36 1 10 9.03435 54 175 4.64892
5 36 3 12 26.5584 54 2391 1.58142
5 37 1 10 6.57677 54 154 6.38611
5 37 3 12 20.063 54 2556 2.0934
5 38 1 10 7.87436 54 189 5.33376
5 38 3 12 21.0009 54 3614 1.99992
5 39 1 10 11.7947 54 100 3.56093
5 39 3 12 27.5079 54 2543 1.52683
5 40 1 10 7.93014 54 95 5.29625
5 40 3 12 43.8227 54 1540 0.958408
5 41 1 10 67.4049 54 235 0.6231
5 41 3 12 44.5913 54 1312 0.941888
5 42 1 10 20.5037 54 411 2.04841
5 42 3 12 113.683 54 2347 0.36945
5 43 1 10 25.2093 54 1102 1.66605
5 43 3 12 159.562 54 1728 0.26322
5 44 1 10 47.0532 54 947 0.892606
5 44 3 12 58.014 54 3435 0.723963
5 44 6 17 8.40949 54 3 4.99436
5 45 1 10 16.2482 54 724 2.5849
5 45 3 12 40.6113 54 2759 1.03419
5 46 1 10 22.3582 54 362 1.8785
5 46 3 12 62.7206 54 3902 0.669637
5 47 1 10 23.9299 54 162 1.75512
5 47 3 12 111.832 54 2286 0.375564
5 48 1 10 32.3537 54 617 1.29815
5 48 3 12 28.9696 54 1635 1.44979
5 49 1 10 48.6302 54 1413 0.86366
5 49 3 12 51.5767 54 2152 0.814321
5 50 1 10 58.6622 54 658 0.715964
5 50 3 12 77.3038 54 1459 0.543311
5 51 1 10 26.5748 54 1034 1.58045
5 51 3 12 46.3484 54 1032 0.90618
5 52 1 10 28.1767 54 1493 1.49059
5 52 3 12 57.0325 54 1075 0.736422
5 53 1 10 17.339 54 1218 2.42229
5 53 3 12 32.5742 54 1263 1.28936
5 53 4 13 32.8228 54 1426 1.2796
5 54 1 10 41.3714 54 839 1.01519
5 54 2 11 27.3185 54 2040 1.53742
5 54 3 12 55.3518 54 1046 0.758783
5 54 4 13 29.5604 54 738 1.42082
5 55 1 10 43.2135 54 834 0.971919
5 55 2 11 79.0968 54 3208 0.530995
5 55 3 12 75.5222 54 377 0.556128
5 55 4 13 21.7257 54 2659 1.9332
5 56 1 10 33.6673 54 862 1.2475
5 56 2 11 24.628 54 4235 1.70538
5 56 3 12 24.7267 54 515 1.69857
5 56 4 13 19.1087 54 2555 2.19795
5 57 1 10 11.5161 54 4 3.64706
5 57 4 13 4.92295 54 3677 8.53147
5 58 1 10 25.8807 54 815 1.62283
5 58 3 12 13.0314 54 1890 3.22298
5 58 4 13 27.5385 54 9215 1.52514
5 59 1 10 71.6252 54 810 0.586386
5 59 3 12 25.3401 54 1561 1.65746
5 59 4 13 39.2801 54 16489 1.06924
5 60 1 10 81.9678 54 1260 0.512397
5 60 3 12 21.5147 54 2826 1.95215
5 60 4 13 31.7597 54 12907 1.32243
5 61 1 10 56.0508 54 877 0.74932
5 61 3 12 19.1141 54 5114 2.19733
5 61 4 13 22.5995 54 13467 1.85845
5 62 1 10 57.0535 54 1116 0.736151
5 62 2 11 198.77 54 3511 0.211299
5 62 3 12 62.5782 54 884 0.671161
5 62 4 13 18.9887 54 19680 2.21184
5 63 1 10 32.9368 54 1310 1.27517
5 63 2 11 130.97 54 4056 0.320684
5 63 3 12 34.3756 54 651 1.2218
5 63 4 13 63.1182 54 16499 0.665418
5 64 1 10 48.7778 54 1700 0.861048
5 64 2 11 77.6362 54 3816 0.540985
5 64 3 12 37.879 54 467 1.10879
5 64 4 13 45.529 54 21384 0.922489
5 66 6 15 8.55528 54 161 4.90925
5 67 5 14 25.8463 54 408 1.62499
5 67 6 15 9.43568 54 96 4.45119
5 70 5 14 7.50884 54 111 5.59341
5 71 6 15 21.0522 54 84 1.99504
5 73 4 13 13.8199 54 258 3.03909
5 74 4 13 8.36254 54 619 5.0224
5 75 4 13 2.96453 54 1291 14.1675
5 76 4 13 0.786762 54 1236 53.3834
5 78 5 14 74.9378 54 773 0.560465
5 78 6 15 121.251 54 1152 0.346389
5 79 4 13 9.18562 54 755 4.57236
5 80 4 13 3.05876 54 345 13.731
5 82 3 12 5.97138 54 103 7.03355
5 85 1 10 82.1656 54 14963 0.511163
5 85 3 12 96.2699 54 11961 0.436273
5 86 1 10 52.6051 54 16437 0.798402
5 86 3 12 153.582 54 9969 0.273469
5 87 1 10 62.6903 54 16367 0.66996
5 87 3 12 54.6072 54 10233 0.769129
5 88 1 10 97.6747 54 13579 0.429999
5 88 3 12 281.963 54 7450 0.148956
5 89 1 10 48.0919 54 16615 0.873329
5 89 3 12 66.1544 54 9794 0.634878
5 90 1 10 103.096 54 16805 0.407387
5 90 3 12 65.8324 54 8121 0.637984
5 91 1 10 130.765 54 13262 0.321187
5 91 3 12 114.395 54 7580 0.367149
5 92 1 10 46.8468 54 10947 0.89654
5 92 3 12 82.8547 54 7253 0.506912
5 94 5 14 10.6726 54 46.9155 3.93532
5 99 5 14 92.8513 54 905.681 0.452336
5 99 6 15 65.1037 54 500.874 0.645124
5 100 5 14 17.4841 54 441.75 2.40218
5 101 1 10 22.2454 54 1341 1.88803
5 101 3 12 55.6444 54 3829 0.754792
5 101 5 14 14.937 54 61.4007 2.81182
5 101 6 15 37.1806 54 40.0001 1.12962
5 102 1 10 35.0669 54 1792 1.19771
5 102 3 12 118.62 54 4948 0.354073
5 103 1 10 11.6334 54 2598 3.6103
5 103 3 12 94.2875 54 4751 0.445446
5 104 1 10 14.892 54 759 2.8203
5 104 3 12 40.9499 54 664 1.02564
5 105 1 10 4.98024 54 219 8.43332
5 105 3 12 42.1203 54 1266 0.997143
5 106 1 10 45.1469 54 982 0.930296
5 106 3 12 113.797 54 3552 0.369079
5 107 1 10 28.8714 54 2359 1.45473
5 107 3 12 131.734 54 6106 0.318824
5 108 1 10 19.2441 54 39 2.18248
5 108 3 12 29.4705 54 2329 1.42515
5 109 1 10 78.6464 54 532 0.534036
5 109 3 12 57.1197 54 3491 0.735297
5 109 5 14 4.96141 54 87.9746 8.46533
5 109 6 15 14.319 54 180 2.93317
5 110 1 10 51.9321 54 132 0.808748
5 110 3 12 38.1759 54 3037 1.10017
5 110 6 15 24.3183 54 336.926 1.72709
5 110 7 17 6.34298e-08 54 1 6.62149e+08
5 111 1 10 22.7966 54 53 1.84238
5 111 3 12 42.4419 54 137 0.989588
5 112 1 10 0.318854 54 64 131.722
5 112 3 12 2.52457 54 128 16.6365
5 113 1 10 38.8738 54 674 1.08042
5 113 3 12 94.2568 54 2935 0.445591
5 114 1 10 21.6617 54 574 1.9389
5 114 3 12 155.859 54 3780 0.269475
5 114 5 14 17.5426 54 34 2.39418
5 115 1 10 28.6292 54 858 1.46703
5 115 3 12 42.356 54 4460 0.991595
5 116 1 10 34.199 54 468 1.22811
5 116 3 12 69.5752 54 3401 0.603663
5 117 1 10 36.3126 54 575 1.15662
5 117 3 12 34.8593 54 4648 1.20484
5 118 1 10 43.7065 54 302 0.960956
5 118 3 12 64.6992 54 6853 0.649158
5 119 1 10 16.0929 54 505 2.60984
5 119 3 12 132.14 54 5094 0.317845
5 120 1 10 8.74464 54 438 4.80294
5 120 3 12 101.924 54 2824 0.412072
5 121 1 10 7.58419 54 340 5.53783
5 121 3 12 66.0752 54 3576 0.635639
5 122 1 10 10.5724 54 268 3.97259
5 122 3 12 68.6702 54 5519 0.611619
5 123 1 10 14.7778 54 256 2.84211
5 123 3 12 14.1611 54 2935 2.96587
5 124 1 10 31.7223 54 345 1.32399
5 124 3 12 37.2722 54 273 1.12684
5 125 1 10 29.0855 54 203 1.44402
5 125 3 12 11.6818 54 1210 3.59533
5 126 1 10 54.3261 54 419 0.77311
5 126 3 12 39.0144 54 2806 1.07653
5 126 5 14 26.5499 54 163.608 1.58193
5 126 6 15 98.8862 54 937.36 0.424731
5 127 1 10 57.9673 54 182 0.724547
5 127 3 12 58.6762 54 2378 0.715793
5 127 6 15 78.1092 54 365 0.537709
5 128 1 10 25.8515 54 85 1.62467
5 128 3 12 71.8905 54 5386 0.584222
5 129 1 10 0.521965 54 105 80.4652
5 129 3 12 86.8044 54 2872 0.483847
5 130 1 10 9.51102 54 5 4.41593
5 130 3 12 99.4484 54 905 0.42233
5 131 3 12 55.3696 54 1011 0.75854
5 131 5 14 39.4629 54 868.264 1.06429
5 132 1 10 9.10707 54 4 4.6118
5 132 3 12 21.1189 54 1148 1.98874
5 133 1 10 96.6343 54 1890 0.434628
5 133 3 12 42.2198 54 5602 0.994795
5 134 1 10 72.4086 54 896 0.580041
5 134 3 12 79.5907 54 6326 0.5277
5 134 5 14 20.4464 54 320.219 2.05415
5 135 1 10 41.4466 54 1290 1.01335
5 135 3 12 161.718 54 7658 0.259711
5 136 1 10 41.8722 54 1324 1.00305
5 136 3 12 48.7485 54 3929 0.861564
5 136 5 14 40.0786 54 49.5678 1.04794
5 136 8 17 6.44899 54 3 6.51265
5 137 1 10 42.8631 54 1465 0.979863
5 137 3 12 140.646 54 3520 0.298621
5 137 5 14 24.7437 54 68.2079 1.6974
5 137 8 17 2.7589 54 1 15.2235
5 138 1 10 77.9874 54 1128 0.538549
5 138 3 12 57.4247 54 6594 0.731392
5 138 5 14 18.9036 54 539.127 2.2218
5 138 6 15 10.7182 54 73.0001 3.91858
5 139 1 10 31.644 54 1301 1.32727
5 139 3 12 140.386 54 9029 0.299176
5 140 1 10 115.761 54 1736 0.362817
5 140 3 12 68.2748 54 6788 0.615161
5 141 1 10 74.3267 54 1326 0.565073
5 141 3 12 53.6072 54 5030 0.783477
5 142 1 10 20.7084 54 1041 2.02817
5 142 3 12 141.993 54 6059 0.295789
5 142 6 15 22.3371 54 30 1.88028
5 143 1 10 75.5129 54 988 0.556196
5 143 3 12 64.7648 54 6914 0.648501
5 144 1 10 112.939 54 1290 0.371882
5 144 3 12 46.0964 54 4145 0.911133
5 144 8 17 0.214565 54 1 195.745
5 145 1 10 56.7927 54 1322 0.739532
5 145 3 12 60.1545 54 4153 0.698202
5 145 8 17 2.59072 54 1 16.2117
5 146 1 10 60.9351 54 890 0.689258
5 146 3 12 67.8219 54 6133 0.619269
5 147 1 10 28.5221 54 999 1.47254
5 147 3 12 74.4262 54 6221 0.564317
5 148 1 10 64.1598 54 1010 0.654616
5 148 3 12 56.6674 54 6611 0.741167
5 149 1 10 69.2418 54 2559 0.60657
5 149 3 12 34.9318 54 4645 1.20234
5 150 1 10 158.624 54 1636 0.264777
5 150 3 12 81.4202 54 5894 0.515843
5 151 1 10 64.1548 54 1911 0.654666
5 151 3 12 72.6168 54 1709 0.578379
5 152 1 10 57.9898 54 4312 0.724265
5 152 3 12 31.002 54 3296 1.35475
5 153 1 10 22.8459 54 2421 1.8384
5 153 2 11 53.5238 54 975 0.784697
5 153 3 12 28.9236 54 2524 1.4521
5 153 4 13 27.1334 54 5606 1.54791
5 153 5 15 128.969 54 62.4888 0.325659
5 153 6 16 2.12019 54 3 19.8096
5 154 1 10 83.2244 54 2489 0.50466
5 154 2 11 62.8215 54 293 0.668561
5 154 3 12 21.1302 54 21104 1.98768
5 154 4 13 46.2945 54 1851 0.907235
5 154 5 14 36.6272 54 1053.48 1.14669
5 155 1 10 56.1126 54 3306 0.748495
5 155 3 12 46.6039 54 31032 0.901213
5 155 4 13 109.21 54 8295 0.384581
5 156 1 10 84.3199 54 3691 0.498103
5 156 2 11 92.4399 54 268 0.454349
5 156 3 12 63.3212 54 34152 0.663285
5 156 4 13 234.378 54 8919 0.179198
5 156 5 14 10.1876 54 85.652 4.12266
5 157 1 10 119.432 54 3345 0.351664
5 157 2 11 56.4455 54 2866 0.744081
5 157 3 12 83.1888 54 22897 0.504876
5 157 4 13 55.3874 54 2502 0.758296
5 158 1 10 115.315 54 4866 0.364218
5 158 2 11 144.094 54 1545 0.291476
5 158 3 12 47.4251 54 37681 0.885607
5 158 4 13 71.0413 54 1621 0.591205
5 159 1 10 72.9058 54 3866 0.576086
5 159 2 11 80.8586 54 1582 0.519425
5 159 3 12 42.0585 54 32308 0.998608
5 159 4 13 25.4207 54 919 1.6522
5 159 7 16 92.6956 54 2799 0.453096
5 160 1 10 54.9033 54 7075 0.764981
5 160 2 11 44.5193 54 5331 0.94341
5 160 3 12 77.8111 54 20662 0.539768
5 160 4 13 34.0902 54 4080 1.23203
5 160 6 16 60.6541 54 4812 0.692451
5 161 1 10 51.6256 54 5141 0.81355
5 161 2 11 50.0983 54 1917 0.838352
5 161 3 12 52.943 54 12789 0.793306
5 161 4 13 172.51 54 5219 0.243465
5 161 7 16 52.884 54 6269 0.794191
5 161 8 17 9.2128 54 31 4.55887
5 162 1 10 104.264 54 6541 0.402825
5 162 2 11 36.6673 54 558 1.14543
5 162 3 12 40.6763 54 18112 1.03254
5 162 4 13 29.8854 54 186 1.40537
5 162 5 14 55.1982 54 591.123 0.760894
5 162 7 16 184.348 54 9903 0.22783
5 162 8 17 2.39708 54 1 17.5213
5 163 1 10 43.8903 54 12605 0.95693
5 163 2 11 71.5854 54 957 0.586712
5 163 3 12 58.2095 54 20045 0.721532
5 163 4 13 138.156 54 5901 0.304004
5 163 5 15 33.7931 54 154.059 1.24286
5 163 6 16 97.2346 54 10147 0.431945
5 164 1 10 33.1431 54 7879 1.26723
5 164 2 11 192.186 54 2298 0.218539
5 164 3 12 76.7173 54 35381 0.547465
5 164 4 13 138.545 54 1232 0.303152
5 164 5 14 14.9967 54 519.267 2.80061
5 164 7 16 216.27 54 10422 0.194201
5 165 1 10 19.4191 54 15651 2.16282
5 165 2 11 79.8027 54 2755 0.526298
5 165 3 12 47.2358 54 61525 0.889156
5 165 4 13 155.551 54 2961 0.270007
5 165 5 15 38.7868 54 39.9999 1.08284
5 165 6 16 179.417 54 9995 0.234092
5 166 1 10 36.569 54 14364 1.14851
5 166 2 11 99.9404 54 1466 0.420251
5 166 3 12 55.4236 54 76078 0.7578
5 166 4 13 158.521 54 4054 0.264949
5 166 5 14 31.2388 54 1638.07 1.34448
5 166 6 15 64.7064 54 511 0.649085
5 166 7 16 132.771 54 11227 0.316335
5 166 8 17 14.4019 54 6 2.91629
5 167 1 10 32.0031 54 9812 1.31237
5 167 2 11 109.506 54 1039 0.383539
5 167 3 12 104.812 54 32022 0.400717
5 167 4 13 138.793 54 5964 0.302609
5 167 5 15 13.7881 54 139.238 3.04611
5 167 6 16 126.406 54 10684 0.332263
5 167 7 17 9.15393 54 13 4.58819
5 168 1 10 20.4531 54 11604 2.05348
5 168 2 11 64.1464 54 1254 0.654752
5 168 3 12 98.4222 54 93684 0.426733
5 168 4 13 59.4302 54 116 0.706712
5 168 5 16 74.2801 54 11233 0.565427
5 168 6 17 3.20944 54 2 13.0864
5 169 1 10 83.0087 54 2634 0.505971
5 169 2 11 18.9234 54 440 2.21947
5 169 3 12 107.615 54 135502 0.390282
5 169 4 13 86.9266 54 7276 0.483167
5 169 5 14 31.7339 54 1000 1.32351
5 169 6 15 1.31749 54 84.169 31.8789
5 169 7 16 154.136 54 9564 0.272487
5 170 1 10 110.812 54 8805 0.379019
5 170 2 11 20.4017 54 386 2.05866
5 170 3 12 53.9932 54 240907 0.777875
5 170 4 13 98.5148 54 5821 0.426332
5 170 5 14 74.1112 54 2000 0.566716
5 170 6 15 64.5396 54 1797.25 0.650764
5 170 7 16 152.449 54 24913 0.275501
5 171 1 10 100.27 54 13650 0.418869
5 171 2 11 27.0335 54 392 1.55363
5 171 3 12 198.316 54 44365 0.211783
5 171 4 13 114.79 54 4294 0.365886
5 171 6 16 134.32 54 22787 0.312686
5 171 7 17 7.56942 54 2 5.54864
5 172 1 10 49.4134 54 10851 0.849972
5 172 2 11 13.2828 54 331 3.16199
5 172 3 12 244.667 54 106916 0.171662
5 172 4 13 115.781 54 5155 0.362753
5 172 6 16 135.549 54 14841 0.309851
5 173 1 10 39.2974 54 6151 1.06877
5 173 2 11 83.1676 54 427 0.505004
5 173 3 12 46.7633 54 131732 0.898139
5 173 4 13 45.7684 54 182 0.917665
5 173 7 17 7.35516 54 6 5.71028
5 174 1 10 158.355 54 6401 0.265227
5 174 2 11 43.3755 54 1373 0.96829
5 174 3 12 44.981 54 123184 0.933727
5 174 4 13 98.3583 54 283 0.42701
5 174 5 14 21.66 54 1278 1.93905
5 174 8 17 29.5898 54 9 1.41941
5 175 1 10 90.6549 54 9603 0.463295
5 175 2 11 69.9025 54 3251 0.600837
5 175 3 12 191.652 54 33421 0.219147
5 175 4 13 103.683 54 877 0.405082
5 175 6 17 30.2784 54 27 1.38713
5 176 1 10 167.716 54 1080 0.250424
5 176 2 11 99.082 54 837 0.423891
5 176 3 12 81.6497 54 58244 0.514393
5 176 4 13 14.5457 54 88 2.88746
5 176 5 14 77.2657 54 1000 0.543579
5 176 7 17 7.57537 54 6 5.54429
5 177 1 10 86.0443 54 9584 0.48812
5 177 2 11 43.6529 54 365 0.962135
5 177 3 12 138.219 54 48012 0.303865
5 177 4 13 59.8239 54 2940 0.702061
5 177 6 16 136.419 54 25131 0.307874
5 178 1 10 155.017 54 9259 0.270939
5 178 2 11 23.7467 54 279 1.76866
5 178 3 12 166.116 54 43453 0.252835
5 178 4 13 15.4926 54 53 2.71097
5 178 5 14 56.6331 54 1387.52 0.741615
5 178 7 16 115.008 54 27087 0.365193
5 179 1 10 72.2337 54 9165 0.581446
5 179 2 11 49.1473 54 709 0.854574
5 179 3 12 264.919 54 35704 0.158539
5 179 5 14 7.76725 54 139.708 5.40732
5 179 6 15 78.4084 54 507.621 0.535657
5 179 7 16 139.645 54 23577 0.300763
5 179 8 17 2.42958e-05 54 19 1.7287e+06
5 180 1 10 99.5177 54 9522 0.422035
5 180 2 11 155.012 54 532 0.270948
5 180 3 12 313.894 54 64491 0.133803
5 180 4 13 22.2966 54 441 1.88369
5 180 5 14 77.6206 54 1000 0.541094
5 180 7 16 125.054 54 22120 0.335854
5 180 8 17 13.8045 54 17 3.04249
5 181 1 10 216.242 54 8737 0.194227
5 181 2 11 38.2307 54 148 1.09859
5 181 3 12 385.764 54 46894 0.108875
5 181 4 13 120.835 54 3589 0.347581
5 181 5 14 86.8247 54 1276.68 0.483733
5 181 6 15 16.0933 54 501.948 2.60979
5 181 7 16 87.7836 54 22321 0.478449
5 181 8 17 22.655 54 41 1.85389
5 182 1 10 184.561 54 8898 0.227567
5 182 2 11 39.8391 54 624 1.05424
5 182 3 12 521.128 54 49205 0.0805944
5 182 4 13 129.071 54 5669 0.325402
5 182 5 14 23.1998 54 611.789 1.81036
5 182 6 15 56.0691 54 1000 0.749076
5 182 7 16 103.666 54 23832 0.405148
5 182 8 17 7.17976 54 28 5.84978
5 183 1 10 112.918 54 14967 0.371952
5 183 2 11 166.83 54 577 0.251753
5 183 3 12 60.6901 54 60411 0.692041
5 183 4 13 108.732 54 2636 0.386271
5 183 5 14 19.0918 54 275.066 2.19989
5 183 6 15 38.6284 54 1960 1.08728
5 183 7 16 92.1347 54 22259 0.455854
5 183 8 17 44.8712 54 26 0.936012
5 184 1 10 76.6323 54 13029 0.548072
5 184 2 11 57.7993 54 106 0.726652
5 184 3 12 104.294 54 139514 0.402706
5 184 4 13 52.6575 54 2612 0.797608
5 184 5 14 104.546 54 1630.28 0.401736
5 184 6 15 44.3767 54 429.076 0.946442
5 184 7 16 86.5997 54 21839 0.48499
5 185 1 10 121.812 54 10956 0.344793
5 185 2 11 201.71 54 839 0.20822
5 185 3 12 335.927 54 56723 0.125027
5 185 4 13 129.636 54 1054 0.323985
5 185 5 14 95.0966 54 1000 0.441656
5 185 6 15 43.492 54 219.988 0.965694
5 185 8 17 6.47116 54 4 6.49033
5 186 1 10 209.441 54 9401 0.200533
5 186 2 11 92.2166 54 389 0.45545
5 186 3 12 234.436 54 66287 0.179153
5 186 4 13 78.5634 54 2236 0.5346
5 186 5 14 77.8947 54 1468 0.539189
5 186 6 15 52.8657 54 2529.33 0.794466
5 186 8 17 3.02452 54 2 13.8865
5 187 1 10 152.748 54 17021 0.274963
5 187 2 11 211.462 54 467 0.198617
5 187 3 12 177.61 54 52164 0.236473
5 187 4 13 107.186 54 4321 0.391843
5 187 5 15 14.3508 54 105.702 2.92666
5 187 7 17 4.35171 54 1 9.65139
5 188 1 10 214.125 54 16407 0.196147
5 188 2 11 84.6023 54 290 0.49644
5 188 3 12 130.433 54 161620 0.322005
5 188 4 13 73.1234 54 2305 0.574371
5 188 5 14 88.568 54 1080.52 0.474212
5 188 6 15 23.5121 54 388 1.78631
6 1 1 18 28.2677 54 4932 1.4858
6 1 2 21 3.11481 54 9 13.484
6 2 1 18 25.0214 54 6171 1.67856
6 2 2 21 0.000662495 54 120 63396.7
6 3 1 18 46.5254 54 5603 0.902733
6 3 2 21 34.9646 54 162 1.20122
6 4 1 18 50.6648 54 1828 0.828977
6 4 4 21 35.4134 54 362 1.18599
6 5 4 21 4.44967 54 4 9.43889
6 6 4 21 21.8539 54 25 1.92186
6 7 2 21 53.0227 54 513 0.792113
6 8 1 18 34.9465 54 1628 1.20184
6 8 4 21 44.1771 54 240 0.950719
6 9 1 18 20.6028 54 1513 2.03855
6 9 4 21 11.7817 54 24 3.56487
6 10 1 18 23.7502 54 2389 1.7684
6 10 2 21 14.6562 54 6 2.86568
6 11 1 18 21.8625 54 3614 1.9211
6 11 3 21 0.000691599 54 321 60728.9
6 12 1 18 18.0834 54 2312 2.32257
6 12 4 21 3.71181 54 262 11.3152
6 13 1 18 39.3351 54 2156 1.06775
6 13 4 21 8.9017 54 11 4.7182
6 14 1 18 20.0199 54 4554 2.09791
6 14 3 21 32.909 54 92 1.27625
6 15 1 18 24.6957 54 7052 1.7007
6 15 3 21 15.5353 54 65 2.70351
6 16 1 18 58.5617 54 1622 0.717193
6 16 4 21 12.0616 54 263 3.48213
6 17 1 18 59.642 54 8039 0.704202
6 17 4 21 4.8967 54 34 8.5772
6 18 1 18 40.9832 54 11963 1.02481
6 19 1 18 21.1683 54 8039 1.9841
6 19 3 21 62.1336 54 106 0.675963
6 20 1 18 31.3911 54 7923 1.33796
6 20 4 21 50.2419 54 149 0.835955
6 21 1 18 27.3333 54 5727 1.53659
6 21 4 21 2.75195 54 2 15.2619
6 22 1 18 21.5208 54 18621 1.9516
6 23 1 18 23.635 54 42920 1.77703
6 23 4 21 31.7898 54 84 1.32118
6 24 1 18 32.4601 54 11949 1.2939
6 24 4 21 52.1233 54 60 0.805782
6 25 1 18 46.6626 54 5651 0.900078
6 26 1 18 35.3538 54 13722 1.18799
6 26 4 21 17.2555 54 32 2.43401
6 27 1 18 97.7252 54 19311 0.429777
6 27 3 21 10.4661 54 4 4.01294
6 28 1 18 64.1298 54 13526 0.654921
6 28 3 21 4.21061 54 17 9.9748
6 29 1 18 21.3832 54 2000 1.96416
6 30 1 18 35.3985 54 17499 1.18649
6 31 1 18 17.2268 54 6000 2.43806
6 32 1 18 28.2775 54 6336 1.48528
6 33 1 18 21.4549 54 3998 1.95759
6 34 1 18 67.6693 54 8708 0.620666
6 35 1 18 83.5392 54 6000 0.502758
6 36 1 18 81.5926 54 4002 0.514753
6 51 1 18 45.0695 54 1321 0.931895
6 52 1 18 23.7103 54 1350 1.77138
6 53 1 18 18.4508 54 945 2.27633
6 54 1 18 30.3844 54 2841 1.38229
6 55 1 18 47.1706 54 3193 0.890386
6 56 1 18 42.989 54 2011 0.976993
6 58 1 18 67.1397 54 1994 0.625562
6 59 1 18 74.8124 54 422 0.561404
6 61 1 18 75.1857 54 641 0.558617
6 62 1 18 101.308 54 998 0.414579
6 63 1 18 51.7678 54 182 0.811316
6 67 1 18 37.7468 54 608 1.11268
6 68 1 18 36.5491 54 188 1.14914
6 68 2 19 58.7423 54 687 0.714987
6 68 3 20 76.2164 54 833 0.551063
6 69 1 18 264.896 54 2401 0.158553
6 69 2 19 42.0623 54 2598 0.99852
6 69 3 20 128.828 54 1680 0.326016
6 70 1 18 111.177 54 755 0.377777
6 70 2 19 32.827 54 3232 1.27944
6 70 3 20 48.6014 54 1204 0.864173
6 71 1 18 25.3057 54 5056 1.6597
6 71 3 20 38.3868 54 1795 1.09413
6 72 1 18 23.9198 54 596 1.75587
6 72 2 19 10.2326 54 408 4.10454
6 72 3 20 12.1109 54 2345 3.46796
6 73 1 18 89.931 54 6884 0.467024
6 73 2 19 15.8624 54 244 2.64777
6 73 3 20 14.3938 54 187 2.91793
6 74 1 18 107.835 54 8659 0.389483
6 74 2 19 40.1251 54 457 1.04673
6 74 3 20 40.1297 54 1056 1.04661
6 75 1 18 64.3268 54 50 0.652916
6 75 2 19 11.8108 54 50 3.55608
6 76 1 18 57.5224 54 2101 0.73015
6 76 3 20 71.33 54 635 0.588813
6 77 1 18 93.8022 54 9794 0.44775
6 77 2 19 74.6616 54 1534 0.562538
6 77 3 20 84.1696 54 2658 0.498993
6 78 1 18 8.8629 54 4485 4.73885
6 78 2 19 57.8517 54 1193 0.725995
6 78 3 20 45.2349 54 1484 0.928487
6 79 1 18 23.2188 54 2523 1.80888
6 80 1 18 47.3061 54 6925 0.887835
6 80 3 20 16.2584 54 72 2.58327
6 81 1 18 70.1248 54 783 0.598932
6 81 2 19 24.4218 54 271 1.71977
6 81 3 20 45.5862 54 226 0.921332
6 82 1 18 54.1623 54 2446 0.775447
6 83 1 18 15.424 54 99 2.72303
6 84 1 18 43.2666 54 1173 0.970726
6 85 2 19 28.8019 54 451 1.45824
6 85 3 20 39.4422 54 152 1.06485
6 87 3 20 43.8028 54 99.9998 0.958844
6 88 2 19 32.8686 54 472.805 1.27782
6 88 3 20 15.7181 54 249.615 2.67208
6 89 2 19 62.1952 54 535.445 0.675294
6 89 3 20 83.2458 54 166.957 0.50453
6 90 1 18 36.5768 54 38 1.14827
6 90 2 19 110.176 54 679.387 0.381209
6 91 1 18 49.0205 54 927 0.856785
6 91 2 19 2.71635 54 66.3381 15.4619
6 92 1 18 64.793 54 51 0.648218
6 93 1 18 29.5735 54 254 1.42019
6 93 2 19 21.7144 54 620 1.9342
6 93 3 20 9.74514 54 406 4.30984
6 94 1 18 48.9044 54 850 0.858819
6 94 2 19 43.8185 54 2188.42 0.9585
6 94 3 20 32.5661 54 1074 1.28968
6 95 2 19 43.7893 54 1232 0.959139
6 95 3 20 1.40141 54 1211.82 29.9698
6 96 1 18 22.2085 54 1049 1.89117
6 96 2 19 17.2642 54 485.282 2.43278
6 96 3 20 26.4655 54 1096.2 1.58697
6 96 4 21 12.3921 54 6 3.38925
6 97 2 19 18.0185 54 1787.28 2.33094
6 97 3 20 12.032 54 524 3.49069
6 98 1 18 42.4438 54 3397 0.989543
6 98 2 19 32.0795 54 737.792 1.30925
6 98 3 20 21.1661 54 825.838 1.98431
6 98 4 21 8.47158 54 21 4.95775
6 99 2 19 40.9373 54 1047.07 1.02596
6 99 3 20 28.1602 54 37.7751 1.49147
6 100 1 18 11.8446 54 121 3.54591
6 100 2 19 27.7334 54 1351.26 1.51442
6 101 2 19 26.6766 54 1761.99 1.57442
6 101 3 20 22.1497 54 1603.07 1.89619
6 101 4 21 15.9527 54 5 2.63278
6 102 2 19 38.9089 54 616.063 1.07945
6 103 2 19 41.9852 54 579.289 1.00035
6 104 2 19 24.5232 54 583.834 1.71267
6 104 3 20 11.1961 54 63.454 3.75129
6 104 4 21 5.48946 54 2 7.65103
6 105 2 19 46.3003 54 1073.68 0.907121
6 106 1 18 61.7809 54 1470 0.679822
6 106 2 19 69.5471 54 3198.44 0.603907
6 106 3 20 46.4099 54 962.696 0.90498
6 107 1 18 91.4268 54 14620 0.459384
6 107 2 19 64.4634 54 847.895 0.651533
6 108 1 18 41.4104 54 2238 1.01424
6 108 2 19 38.0033 54 322.241 1.10517
6 109 2 19 43.0476 54 790.034 0.975665
6 109 3 20 42.2828 54 508.258 0.993312
6 110 1 18 61.6738 54 13270 0.681003
6 110 2 19 32.7975 54 1586.18 1.28058
6 110 3 20 22.7803 54 58.55 1.8437
6 111 2 19 32.7567 54 1047.24 1.28218
6 111 3 20 16.4785 54 37.0275 2.54878
6 112 1 18 56.0329 54 3398 0.74956
6 112 2 19 7.04733 54 69.6155 5.95971
6 112 4 21 6.73084 54 2 6.23993
6 113 1 18 120.981 54 3384 0.347162
6 113 2 19 29.8906 54 2295.88 1.40512
6 113 3 20 33.192 54 1323.83 1.26537
6 114 1 18 98.0905 54 3013 0.428176
6 114 2 19 50.3334 54 1826.58 0.834436
6 114 3 20 11.5146 54 1024.6 3.64754
6 114 4 21 25.5168 54 29 1.64597
6 115 1 19 17.4374 54 105.274 2.40861
6 115 2 20 13.382 54 327.704 3.13854
6 116 1 19 29.69 54 122.88 1.41462
6 116 3 21 5.69186 54 2 7.37895
6 117 2 19 45.6465 54 944.658 0.920115
6 117 3 20 53.2059 54 380.999 0.789386
6 118 2 19 81.3084 54 995.299 0.516552
6 118 4 21 12.1179 54 7 3.46596
6 119 2 19 79.4539 54 2139.63 0.528608
6 119 4 21 5.61898 54 6 7.47466
6 120 2 19 112.095 54 2379.96 0.374682
6 120 3 20 92.6935 54 2951.55 0.453106
6 120 4 21 8.11292 54 6 5.17693
6 121 1 18 116.493 54 4368 0.360536
6 121 2 19 51.1213 54 3748.78 0.821576
6 121 3 20 27.4811 54 384.839 1.52832
6 121 4 21 5.61682 54 2 7.47754
6 122 1 18 63.6254 54 16024 0.660114
6 122 2 19 75.1246 54 3453.88 0.559071
6 122 3 20 25.0735 54 1141.42 1.67508
6 122 4 21 24.1694 54 9 1.73773
6 123 1 18 47.7889 54 7216 0.878865
6 123 2 19 71.234 54 3000 0.589606
6 123 3 20 18.095 54 630.412 2.32109
6 123 4 21 23.6375 54 16 1.77684
6 124 1 18 82.6441 54 9210 0.508203
6 124 2 19 116.043 54 4437.27 0.361935
6 124 3 20 45.5291 54 605.348 0.922486
6 124 4 21 84.675 54 30 0.496014
6 125 1 18 41.7138 54 12042 1.00686
6 125 2 19 128.37 54 5283.51 0.327179
6 125 3 20 21.0953 54 2420.23 1.99096
6 125 4 21 1.56394 54 15 26.8552
6 126 1 18 93.5884 54 5489 0.448774
6 126 2 19 152.393 54 2788.3 0.275603
6 126 3 20 105.296 54 2152 0.398875
6 126 4 21 23.8274 54 13 1.76268
6 127 1 18 83.1109 54 20238 0.505349
6 127 2 19 25.5017 54 2174.77 1.64695
6 127 3 20 56.6709 54 199.336 0.741121
6 127 4 21 78.4278 54 34 0.535524
6 128 2 19 33.1729 54 1651.18 1.26609
6 128 3 20 43.2326 54 498.421 0.971488
6 128 4 21 7.3823e-05 54 54 568929
6 129 2 19 44.5645 54 4000 0.942453
6 129 3 20 15.141 54 675.047 2.77392
6 129 4 21 7.90224 54 3 5.31495
6 130 2 19 53.2693 54 3865.4 0.788446
6 130 3 20 4.91809 54 402.887 8.5399
6 130 4 21 22.3847 54 70 1.87628
6 131 2 19 82.4026 54 2947.03 0.509693
6 131 3 20 27.9156 54 819.233 1.50453
6 131 4 21 35.1451 54 43 1.19505
6 132 2 19 54.2341 54 4134.58 0.77442
6 132 3 20 32.0409 54 2486.48 1.31083
6 132 4 21 2.62489 54 6 16.0007
6 133 1 18 39.0091 54 784 1.07667
6 133 2 19 45.2499 54 3579.6 0.928179
6 133 3 20 47.5443 54 2168.15 0.883387
6 133 4 21 1.90272e-08 54 1 2.20737e+09
6 134 2 19 57.5536 54 4000 0.729755
6 134 3 20 42.1108 54 704.236 0.997369
6 134 4 21 3.85703 54 3 10.8892
6 135 2 19 105.355 54 3675.5 0.398653
6 135 3 20 56.6681 54 2143.76 0.741158
6 135 4 21 40.4051 54 105 1.03947
6 136 2 19 92.2856 54 4516.86 0.455109
6 136 3 20 23.2828 54 2764.69 1.80391
6 136 4 21 28.5247 54 77 1.47241
6 137 2 19 42.5222 54 4954.12 0.987718
6 137 3 20 19.6801 54 2340.49 2.13414
6 137 4 21 1.42595 54 9 29.4541
6 138 2 19 130.985 54 4827.01 0.320647
6 138 3 20 43.9682 54 2978.39 0.955235
6 138 4 21 1.85355e-05 54 233 2.26592e+06
6 139 1 18 40.4734 54 3107 1.03772
6 139 2 19 44.0065 54 3000 0.954405
6 139 3 20 34.1762 54 550.041 1.22893
6 139 4 21 13.977 54 4 3.00493
6 140 2 19 74.7213 54 4128.69 0.562089
6 140 3 20 39.3857 54 2629.92 1.06638
6 140 4 21 60.4395 54 71 0.69491
6 141 2 19 87.1668 54 4231.28 0.481835
6 141 3 20 76.2858 54 3839.53 0.550561
6 141 4 21 25.5492 54 45 1.64389
6 142 2 19 55.5224 54 3561.66 0.756451
6 142 3 20 77.8735 54 3205.2 0.539336
6 142 4 21 44.9189 54 22 0.935018
6 143 2 19 61.4412 54 3637.14 0.683581
6 143 3 20 48.9066 54 1043.96 0.85878
6 144 2 19 140.723 54 3262 0.298459
6 144 3 20 74.6713 54 2953.01 0.562465
6 144 4 21 3.41017 54 3 12.3161
6 145 2 19 93.8398 54 3488.12 0.447571
6 145 3 20 47.7644 54 2716.3 0.879316
6 146 2 19 89.4208 54 4653.01 0.469689
6 146 3 20 94.8752 54 3565.18 0.442687
6 146 4 21 9.37523e-05 54 89 447989
6 147 2 19 62.8389 54 3225.09 0.668375
6 147 3 20 11.0843 54 1001.38 3.78916
6 147 4 21 14.4005 54 10 2.91657
6 148 2 19 103.194 54 3999.04 0.406999
6 148 3 20 23.8475 54 3119.29 1.76119
6 148 4 21 16.1201 54 24 2.60544
6 149 2 19 48.195 54 4967.21 0.871459
6 149 3 20 89.8943 54 2584.74 0.467215
6 149 4 21 15.5857 54 26 2.69477
6 150 1 19 62.2923 54 4732.4 0.67424
6 150 2 20 45.5731 54 3480.33 0.921597
6 151 1 19 33.837 54 3000 1.24124
6 151 2 20 13.9581 54 1745.17 3.00901
6 151 3 21 13.3013 54 22 3.15758
6 152 1 19 66.5816 54 3761.93 0.630805
6 152 2 20 41.9496 54 2943.72 1.0012
6 152 3 21 19.2706 54 63 2.17949
6 153 1 19 83.6055 54 5208.12 0.502359
6 153 2 20 81.2314 54 5732.16 0.517041
6 153 3 21 7.34885 54 7 5.71518
6 154 1 19 97.0022 54 4114.28 0.43298
6 154 2 20 82.5232 54 4180.52 0.508948
6 155 1 19 75.6878 54 2513.3 0.554911
6 155 2 20 133.702 54 3979.96 0.314131
6 155 3 21 16.5281 54 27 2.54113
6 156 1 19 227.869 54 5959.58 0.184316
6 156 2 20 265.931 54 5935.76 0.157936
6 156 3 21 12.3385 54 29 3.40397
6 157 2 19 303.025 54 5593.17 0.138602
6 157 3 20 245.842 54 5211.89 0.170841
6 157 4 21 32.744 54 71 1.28268
6 158 2 19 97.5831 54 5050.8 0.430402
6 158 3 20 86.6961 54 3447.67 0.484451
6 158 4 21 11.0674 54 22 3.79492
6 159 2 19 55.7805 54 3988.31 0.752951
6 159 3 20 66.6773 54 3788.58 0.629899
6 159 4 21 6.58452e-05 54 32 637860
6 160 2 19 289.012 54 6950.19 0.145323
6 160 3 20 182.933 54 6812.19 0.229592
6 160 4 21 9.10165 54 127 4.61455
6 161 2 19 84.2395 54 5346.6 0.498579
6 161 3 20 211.426 54 5294.54 0.198651
6 161 4 21 27.6815 54 16 1.51726
6 162 2 19 112.807 54 5000 0.372317
6 162 3 20 85.9215 54 3641.54 0.488818
6 162 4 21 0.00434241 54 249 9672.05
6 163 2 19 374.675 54 4125.7 0.112097
6 163 3 20 141.284 54 3039.44 0.297274
6 163 4 21 20.0084 54 74 2.09912
6 164 2 19 102.45 54 5858.86 0.409955
6 164 3 20 111.001 54 6910.93 0.378374
6 164 4 21 22.1513 54 48 1.89605
6 165 2 19 221.999 54 5897.44 0.18919
6 165 3 20 82.4367 54 6180.41 0.509482
6 165 4 21 28.3672 54 17 1.48058
6 166 2 19 120.665 54 5175.96 0.348072
6 166 3 20 168.907 54 5347.97 0.248658
6 166 4 21 42.7354 54 38 0.982791
6 167 2 19 136.88 54 3098.1 0.306838
6 167 3 20 133.218 54 4184.01 0.315273
6 167 4 21 21.2858 54 17 1.97314
6 168 2 19 152.589 54 6301.58 0.275249
6 168 3 20 117.267 54 6070.58 0.358156
6 168 4 21 18.121 54 24 2.31776
6 169 2 19 137.566 54 5502.62 0.305309
6 169 3 20 82.6474 54 4988.62 0.508183
6 169 4 21 6.31448 54 9 6.65138
6 170 1 19 153.93 54 4090.92 0.272852
6 170 2 20 63.229 54 3892.31 0.664252
6 170 3 21 68.8111 54 106 0.610367
6 171 2 19 125.337 54 4086.56 0.335096
6 171 3 20 92.3195 54 3406.5 0.454942
6 171 4 21 30.1753 54 23 1.39187
6 172 1 19 88.2179 54 5781.62 0.476094
6 172 2 20 69.9754 54 5715.14 0.600211
6 172 3 21 0.790501 54 6 53.1309
6 173 2 19 65.6019 54 4789.42 0.640226
6 173 3 20 103.995 54 4321.26 0.403865
6 173 4 21 4.40304 54 11 9.53885
6 174 1 19 77.9505 54 3907.32 0.538804
6 174 2 20 53.1152 54 2761.29 0.790735
6 174 3 21 24.2682 54 42 1.73066
6 175 1 19 44.4867 54 4080.87 0.944103
6 175 2 20 76.7054 54 2345.61 0.547549
6 175 3 21 25.9462 54 21 1.61874
6 176 2 19 39.4746 54 5326.48 1.06398
6 176 3 20 23.7667 54 3275.48 1.76718
6 176 4 21 37.7051 54 200 1.11391
6 177 2 19 51.4472 54 5323.72 0.816371
6 177 3 20 19.7412 54 4772.61 2.12753
6 177 4 21 34.7253 54 59 1.20949
6 178 2 19 59.3312 54 4460.91 0.70789
6 178 3 20 97.9632 54 6490 0.428733
6 178 4 21 22.7662 54 75 1.84484
6 179 2 19 126.056 54 3658.27 0.333184
6 179 3 20 86.8058 54 3701.89 0.483839
6 179 4 21 42.3663 54 83 0.991355
6 180 2 19 156.202 54 5475.84 0.268883
6 180 3 20 243.645 54 6069.82 0.172382
6 180 4 21 46.6329 54 162 0.900651
6 181 2 19 182.332 54 5102.25 0.230349
6 181 3 20 249.77 54 5343.1 0.168155
6 181 4 21 0.000126587 54 59 331788
6 182 2 19 131.769 54 5054.68 0.318739
6 182 3 20 130.363 54 4633.23 0.322177
6 182 4 21 54.4142 54 226 0.771858
6 183 2 19 97.1289 54 3424.97 0.432415
6 183 3 20 101.029 54 3157.2 0.415721
6 183 4 21 27.831 54 415 1.50911
6 184 2 19 190.182 54 4458.81 0.220841
6 184 3 20 190.928 54 6044.87 0.219978
6 184 4 21 4.34774 54 14 9.66018
6 185 2 19 218.668 54 5101.91 0.192072
6 185 3 20 77.5692 54 5263.77 0.541452
6 185 4 21 0.283211 54 12 148.299
6 186 2 19 142.973 54 3412.66 0.293761
6 186 3 20 107.645 54 2824.51 0.390171
6 186 4 21 23.1617 54 132 1.81333
6 187 2 19 167.83 54 1629.17 0.250254
6 187 3 20 167.43 54 2705.03 0.250851
6 187 4 21 12.3531 54 18 3.39995
6 188 2 19 89.4708 54 2372.39 0.469427
6 188 3 20 150.185 54 2733.06 0.279656
7 1 1 24 19.3101 54 1345 2.17503
7 1 3 27 56.3124 54 322 0.745839
7 2 1 24 6.79116 54 347 6.18451
7 2 2 27 35.7418 54 23 1.17509
7 3 2 27 1.25656 54 24 33.4246
7 4 1 24 15.0839 54 1968 2.78443
7 4 4 27 19.1686 54 80 2.19108
7 5 1 24 50.7872 54 1620 0.826979
7 5 4 27 7.81932 54 34 5.37131
7 6 1 24 21.7208 54 540 1.93363
7 6 4 27 48.4814 54 124 0.866311
7 7 1 24 18.3084 54 1045 2.29403
7 7 2 27 29.2998 54 326 1.43346
7 8 1 24 12.8689 54 2775 3.26368
7 8 4 27 78.2219 54 630 0.536934
7 9 1 24 37.4109 54 1358 1.12267
7 9 4 27 82.1275 54 207 0.5114
7 10 2 27 27.8445 54 66 1.50838
7 11 1 24 11.5814 54 360 3.6265
7 11 4 27 17.7864 54 84 2.36136
7 12 1 24 10.5555 54 30 3.97896
7 12 4 27 15.012 54 147 2.79775
7 13 1 24 13.6947 54 230 3.06689
7 13 4 27 17.6857 54 52 2.37481
7 14 4 27 13.8676 54 50 3.02865
7 15 1 24 11.4864 54 654 3.65649
7 15 4 27 8.45987 54 23 4.96462
7 16 1 24 17.0478 54 878 2.46366
7 16 4 27 17.8878 54 124 2.34796
7 17 1 24 46.1453 54 1424 0.910169
7 17 4 27 26.3269 54 45 1.59532
7 18 1 24 107.456 54 419 0.390856
7 18 3 27 23.1289 54 40 1.81591
7 19 1 24 49.5261 54 492 0.848038
7 19 4 27 21.8081 54 13 1.92589
7 20 4 27 18.4841 54 76 2.27223
7 21 1 24 27.3412 54 25 1.53614
7 21 4 27 12.1253 54 8 3.46383
7 22 4 27 8.21582 54 31 5.11209
7 23 4 27 15.4224 54 11 2.72331
7 24 1 24 14.7286 54 3282 2.8516
7 24 4 27 2.90692 54 36 14.4483
7 25 1 24 19.5735 54 3138 2.14576
7 25 4 27 35.8498 54 18 1.17155
7 26 1 24 32.0549 54 612 1.31025
7 26 4 27 147.997 54 253 0.28379
7 27 1 24 19.9788 54 2025 2.10223
7 27 4 27 35.062 54 83 1.19788
7 28 1 24 51.7711 54 4367 0.811263
7 28 4 27 32.9928 54 130 1.27301
7 29 1 24 42.4167 54 2511 0.990177
7 29 4 27 4.77861 54 7 8.78917
7 31 1 24 23.4894 54 626 1.78804
7 31 4 27 11.2518 54 26 3.73274
7 32 1 24 13.9948 54 3601 3.0011
7 32 4 27 21.213 54 27 1.97992
7 33 1 24 84.2216 54 29 0.498684
7 33 4 27 13.0272 54 4 3.22402
7 34 1 24 70.1962 54 1352 0.598323
7 35 1 24 22.4302 54 3995 1.87247
7 35 4 27 20.1916 54 26 2.08008
7 36 1 24 12.2062 54 35 3.44088
7 36 4 27 25.6907 54 83 1.63483
7 37 1 24 3.36018 54 25 12.4993
7 39 4 27 12.7756 54 6 3.28751
7 44 1 24 11.9378 54 27 3.51823
7 49 1 24 11.3846 54 23 3.68919
7 53 1 24 0.943188 54 55 44.5299
7 53 4 27 1.03028 54 1 40.7656
7 55 1 24 9.2533 54 25 4.53892
7 56 1 24 19.8926 54 695 2.11134
7 57 1 24 108.056 54 492 0.388689
7 60 1 24 19.1297 54 205 2.19554
7 61 1 24 98.9104 54 717 0.424627
7 61 4 27 5.45276 54 2 7.70252
7 62 1 24 75.9238 54 289 0.553187
7 64 1 24 44.1262 54 190 0.951815
7 65 1 24 27.0314 54 380 1.55375
7 66 1 24 68.448 54 800 0.613604
7 66 2 25 25.1295 54 271 1.67134
7 66 3 26 53.0295 54 768 0.792012
7 67 1 24 81.1333 54 384 0.517667
7 67 2 25 61.6012 54 1560 0.681805
7 67 3 26 151.504 54 2480 0.277221
7 67 4 27 13.2195 54 15 3.17712
7 68 1 24 70.1009 54 1058 0.599136
7 68 2 25 37.401 54 996 1.12296
7 68 3 26 143.912 54 2119 0.291845
7 68 4 27 17.7454 54 6 2.36681
7 69 1 24 142.047 54 1836 0.295676
7 69 2 25 23.3939 54 994 1.79534
7 69 3 26 65.6132 54 357 0.640115
7 70 1 24 28.5332 54 175 1.47197
7 70 2 25 16.7198 54 896 2.512
7 70 3 26 32.6259 54 1414 1.28732
7 71 3 26 21.3711 54 429 1.96527
7 72 2 25 27.4833 54 829 1.5282
7 72 3 26 16.1566 54 1567 2.59956
7 73 1 24 28.7227 54 202 1.46226
7 73 2 25 27.757 54 2993 1.51313
7 73 3 26 18.9085 54 563 2.22122
7 74 1 24 47.0393 54 2088 0.892871
7 74 2 25 45.6737 54 1702 0.919566
7 74 3 26 38.7428 54 301 1.08407
7 75 1 24 32.2151 54 3096 1.30373
7 75 2 25 32.724 54 493 1.28346
7 75 3 26 14.6984 54 72 2.85746
7 75 4 27 2.14693 54 1 19.5628
7 76 1 24 9.17953 54 6 4.5754
7 76 2 25 34.1889 54 648 1.22847
7 76 3 26 45.8745 54 1163 0.915541
7 77 1 24 26.5426 54 1297 1.58236
7 77 2 25 80.2733 54 894 0.523213
7 77 3 26 96.2163 54 3477 0.436516
7 78 1 24 57.8842 54 2500 0.725587
7 78 2 25 41.5008 54 449 1.01203
7 78 3 26 47.0606 54 1040 0.892467
7 79 1 24 92.7228 54 5257 0.452963
7 79 2 25 16.7172 54 1012 2.51238
7 79 3 26 76.7028 54 897 0.547568
7 79 4 27 3.6113 54 1 11.6302
7 80 1 24 43.4892 54 243 0.965757
7 80 2 25 8.37606 54 825 5.01429
7 80 3 26 15.6034 54 897 2.69172
7 80 4 27 16.3643 54 4 2.56656
7 81 1 24 80.4941 54 551 0.521777
7 81 2 25 6.52071 54 292 6.44102
7 81 3 26 27.1737 54 769 1.54561
7 82 1 24 24.5527 54 75 1.7106
7 82 4 27 2.24656 54 1 18.6953
7 83 1 24 19.5948 54 1962 2.14342
7 83 2 25 65.7146 54 2307 0.639128
7 83 3 26 32.5842 54 2044 1.28897
7 83 4 27 9.08579 54 3 4.6226
7 84 1 24 82.3542 54 799 0.509992
7 84 2 25 28.0935 54 2077 1.49501
7 84 3 26 28.5406 54 1719 1.47159
7 85 1 24 63.9377 54 311 0.65689
7 85 2 25 26.0195 54 708.479 1.61417
7 85 3 26 84.9019 54 745 0.494688
7 86 2 25 22.345 54 1003.85 1.87962
7 86 3 26 30.2292 54 583.442 1.38939
7 86 4 27 15.8036 54 10 2.65762
7 87 2 25 20.9522 54 255.604 2.00456
7 87 3 26 60.7872 54 438.24 0.690935
7 87 4 27 4.26112 54 2 9.85657
7 88 1 24 4.58535 54 110 9.15961
7 88 2 25 62.2436 54 991.627 0.674769
7 88 3 26 67.6464 54 926.974 0.620875
7 89 1 24 16.2877 54 75 2.57863
7 89 2 25 108.103 54 5108.62 0.388518
7 89 3 26 72.0841 54 497 0.582653
7 89 4 27 1.25048 54 1 33.5872
7 90 2 25 114.226 54 1495 0.367693
7 90 3 26 116.536 54 329.295 0.360404
7 90 4 27 32.4629 54 12 1.29379
7 91 1 24 31.2549 54 442 1.34379
7 91 2 25 11.5249 54 1138.65 3.64428
7 91 3 26 114.966 54 954.628 0.365326
7 91 4 27 62.8427 54 34 0.668336
7 92 1 24 17.8141 54 159 2.35768
7 92 2 25 12.5417 54 2336.89 3.34882
7 92 3 26 21.7603 54 519.123 1.93012
7 92 4 27 8.9781 54 4 4.67805
7 93 1 24 94.428 54 171 0.444783
7 93 2 25 57.5282 54 1130.4 0.730076
7 93 3 26 0.333069 54 2065.77 126.1
7 94 1 24 197.146 54 101 0.213041
7 94 2 25 60.3462 54 2998.07 0.695985
7 94 3 26 107.182 54 2316.56 0.391857
7 94 4 27 35.3381 54 31 1.18852
7 95 2 25 34.6671 54 1149.92 1.21152
7 95 3 26 54.9831 54 2433 0.763871
7 95 4 27 31.5415 54 36 1.33158
7 96 1 24 8.56854 54 20 4.90165
7 96 2 25 21.5175 54 864.706 1.9519
7 96 3 26 32.5564 54 4132 1.29007
7 96 4 27 31.8081 54 50 1.32042
7 97 1 24 23.8982 54 60 1.75745
7 97 2 25 53.3724 54 5218.62 0.786924
7 97 3 26 57.0361 54 3934.93 0.736376
7 97 4 27 1.57049 54 1 26.7433
7 98 1 24 127.851 54 221 0.328507
7 98 2 25 48.7796 54 1769.31 0.861016
7 98 3 26 43.5046 54 1757 0.965415
7 98 4 27 8.00992 54 5 5.2435
7 99 2 25 74.0577 54 2663.19 0.567126
7 99 3 26 42.0376 54 2340.91 0.999104
7 99 4 27 19.2424 54 33 2.18267
7 100 1 24 3.20536 54 20 13.103
7 100 2 25 55.2952 54 2601.75 0.759559
7 100 3 26 59.2621 54 1157.84 0.708717
7 100 4 27 49.3954 54 93 0.850282
7 101 1 24 40.9516 54 127 1.0256
7 101 2 25 121.511 54 3089.87 0.345649
7 101 3 26 58.6783 54 856.097 0.715767
7 101 4 27 17.3044 54 72 2.42713
7 102 2 25 58.5357 54 859.005 0.717511
7 102 3 26 18.7834 54 307.323 2.23602
7 102 4 27 23.4165 54 33 1.79361
7 103 2 25 47.2869 54 319.048 0.888195
7 103 4 27 27.4235 54 18 1.53153
7 104 1 24 23.5301 54 171 1.78495
7 104 2 25 35.7229 54 1388.94 1.17572
7 104 3 26 30.4412 54 32.9999 1.37971
7 104 4 27 1.00766 54 4 41.6806
7 105 2 25 50.7162 54 3564.06 0.828138
7 105 3 26 84.4138 54 1133.86 0.497549
7 105 4 27 0.0441841 54 5 950.568
7 106 2 25 98.1528 54 4105.76 0.427904
7 106 3 26 58.8263 54 3370.62 0.713966
7 106 4 27 3.49442e-05 54 50 1.20192e+06
7 107 2 25 106.113 54 1510.7 0.395803
7 107 3 26 109.235 54 972.648 0.384493
7 107 4 27 18.6848 54 20 2.24782
7 108 1 24 10.4248 54 25 4.02884
7 108 2 25 102.556 54 2756.1 0.409531
7 108 3 26 76.7324 54 1883.87 0.547356
7 108 4 27 1.37945 54 4 30.4469
7 109 1 24 19.6071 54 1485 2.14208
7 109 2 25 60.5047 54 2861.61 0.694161
7 109 3 26 187.466 54 1320.81 0.224041
7 109 4 27 1.51192 54 2 27.7792
7 110 2 25 53.5912 54 3051.41 0.78371
7 110 3 26 2.46554 54 471.208 17.0348
7 110 4 27 13.3983 54 18 3.13473
7 111 2 25 27.06 54 3757.86 1.55211
7 111 3 26 25.2772 54 1777.25 1.66158
7 111 4 27 12.6038 54 5 3.33233
7 112 1 24 42.572 54 207 0.986565
7 112 2 25 42.8149 54 1158.59 0.980968
7 112 3 26 3.24665 54 2050.63 12.9364
7 112 4 27 21.7062 54 11 1.93493
7 113 1 24 19.044 54 2134 2.20542
7 113 2 25 117.122 54 3655.57 0.358601
7 113 3 26 74.8368 54 1898.43 0.561222
7 113 4 27 10.5417 54 6 3.98417
7 114 1 24 20.6633 54 40 2.03259
7 114 2 25 95.5137 54 4208.85 0.439728
7 114 3 26 44.8372 54 1677 0.936721
7 114 4 27 12.209 54 4 3.4401
7 115 1 25 54.6892 54 1689.01 0.767976
7 115 2 26 67.4721 54 637.029 0.62248
7 115 3 27 35.1222 54 53 1.19582
7 116 2 25 65.3645 54 1798.13 0.642551
7 116 3 26 73.4313 54 1261.62 0.571963
7 116 4 27 24.7916 54 12 1.69412
7 117 2 25 103.319 54 2890.21 0.406508
7 117 3 26 145.222 54 2566.56 0.289213
7 117 4 27 24.3345 54 19 1.72594
7 118 2 25 104.754 54 3547.26 0.400938
7 118 3 26 133.34 54 3016.77 0.314983
7 119 1 25 45.1263 54 1380.11 0.93072
7 119 2 26 80.1254 54 816.63 0.524178
7 119 3 27 25.0574 54 46 1.67615
7 120 2 25 25.3807 54 1484.91 1.6548
7 120 3 26 81.5539 54 555.694 0.514997
7 120 4 27 44.8125 54 36 0.937239
7 121 1 24 7.67603 54 380 5.47158
7 121 2 25 159.593 54 3420.93 0.263169
7 121 3 26 83.3577 54 1572.81 0.503852
7 121 4 27 61.4175 54 33 0.683844
7 122 1 24 7.24129 54 6 5.80008
7 122 2 25 74.9259 54 1507.87 0.560554
7 122 3 26 42.3295 54 1271.79 0.992215
7 122 4 27 0.340335 54 26 123.408
7 123 2 25 70.3436 54 2923.99 0.59707
7 123 3 26 46.9159 54 568.736 0.895219
7 123 4 27 60.2739 54 53 0.696819
7 124 2 25 275.166 54 1603.97 0.152635
7 124 3 26 236.371 54 2764.12 0.177687
7 124 4 27 11.0557 54 52 3.79894
7 125 1 24 75.0849 54 2518 0.559367
7 125 2 25 174.997 54 3374.75 0.240004
7 125 3 26 216.708 54 3329.01 0.193809
7 125 4 27 5.6074e-05 54 290 749011
7 126 1 24 44.0129 54 3466 0.954266
7 126 2 25 93.845 54 1882.13 0.447546
7 126 3 26 94.5927 54 2313.82 0.444009
7 126 4 27 116.865 54 73 0.359388
7 127 2 25 30.1347 54 2302.67 1.39374
7 127 3 26 49.2864 54 2274.82 0.852163
7 127 4 27 3.03986 54 6 13.8164
7 128 2 25 45.1688 54 1389.78 0.929846
7 128 3 26 36.3119 54 532.657 1.15665
7 128 4 27 4.45832 54 40 9.42059
7 129 1 24 40.3785 54 97 1.04016
7 129 2 25 35.4968 54 2737.52 1.18321
7 129 3 26 49.1907 54 1751.46 0.85382
7 129 4 27 16.3658 54 44 2.56632
7 130 2 25 53.0723 54 3842.75 0.791374
7 130 3 26 39.7045 54 4056.05 1.05781
7 130 4 27 39.7167 54 80 1.05749
7 131 2 25 145.366 54 4673 0.288925
7 131 3 26 93.3511 54 2021 0.449914
7 131 4 27 0.00271345 54 198 15478.5
7 132 2 25 199.579 54 6544.27 0.210443
7 132 3 26 146.358 54 2697.59 0.286967
7 132 4 27 56.5053 54 37 0.743293
7 133 1 24 73.5977 54 1263 0.57067
7 133 2 25 93.2888 54 3162.58 0.450215
7 133 3 26 155.321 54 4051.43 0.270407
7 133 4 27 32.4121 54 59 1.29581
7 134 2 25 119.536 54 4969.41 0.351359
7 134 3 26 120.145 54 4078.81 0.349578
7 134 4 27 0.0362308 54 870 1159.23
7 135 2 25 90.3925 54 3827.76 0.46464
7 135 3 26 70.011 54 3762.76 0.599906
7 135 4 27 68.6808 54 83 0.611524
7 136 2 25 139.971 54 5107.1 0.300062
7 136 3 26 91.7968 54 1569.72 0.457532
7 136 4 27 48.1541 54 77 0.8722
7 137 2 25 57.2013 54 5907.93 0.734249
7 137 3 26 61.4939 54 2378.36 0.682995
7 137 4 27 79.6312 54 73 0.527432
7 138 2 25 129.382 54 6697.24 0.324621
7 138 3 26 109.368 54 4520.66 0.384025
7 138 4 27 0.00017353 54 108 242033
7 139 2 25 64.5496 54 2305.87 0.650663
7 139 3 26 64.7463 54 1398.61 0.648685
7 139 4 27 0.00827529 54 525 5075.35
7 140 1 24 4.03918 54 239 10.3981
7 140 2 25 105.36 54 5389.2 0.398635
7 140 3 26 45.8206 54 2125.14 0.916619
7 140 4 27 92.9801 54 169 0.45171
7 141 2 25 104.837 54 9052.2 0.40062
7 141 3 26 43.8648 54 3550.04 0.957488
7 141 4 27 22.3588 54 183 1.87845
7 142 2 25 86.8908 54 7702.18 0.483366
7 142 3 26 65.0684 54 4862.3 0.645475
7 142 4 27 0.000245939 54 49 170774
7 143 2 25 51.1848 54 3795.72 0.820556
7 143 3 26 76.9262 54 4844.64 0.545978
7 143 4 27 52.1668 54 88 0.80511
7 144 2 25 172.953 54 8442.57 0.24284
7 144 3 26 243.346 54 5727.26 0.172594
7 144 4 27 62.5293 54 67 0.671685
7 145 2 25 156.214 54 9102.91 0.268862
7 145 3 26 162.636 54 4000.84 0.258245
7 145 4 27 61.3737 54 43 0.684333
7 146 2 25 95.1666 54 6620.91 0.441331
7 146 3 26 65.5212 54 3706.81 0.641014
7 146 4 27 8.01875 54 140 5.23773
7 147 2 25 90.2563 54 6599.04 0.465342
7 147 3 26 34.9939 54 3656.77 1.20021
7 147 4 27 10.2724 54 343 4.08863
7 148 2 25 102.533 54 5961.81 0.409625
7 148 3 26 53.6821 54 2208.36 0.782384
7 148 4 27 59.4325 54 172 0.706684
7 149 2 25 85.1707 54 5444.18 0.493127
7 149 3 26 109.339 54 3733.77 0.384127
7 149 4 27 0.000891144 54 273 47130.4
7 150 2 25 94.9323 54 8675.98 0.442421
7 150 3 26 68.7498 54 7005.29 0.61091
7 150 4 27 21.3238 54 176 1.96963
7 151 2 25 123.912 54 5833.38 0.33895
7 151 3 26 135.451 54 5552.48 0.310076
7 151 4 27 8.22857 54 206 5.10417
7 152 2 25 148.6 54 6578.46 0.282638
7 152 3 26 53.9413 54 1478.57 0.778624
7 152 4 27 0.460527 54 24 91.2
7 153 2 25 65.0641 54 9791.04 0.645517
7 153 3 26 111.691 54 8227.69 0.376037
7 153 4 27 23.9019 54 69 1.75718
7 154 2 25 35.5606 54 11676.3 1.18108
7 154 3 26 75.7664 54 12449.9 0.554336
7 154 4 27 33.3586 54 18 1.25904
7 155 1 25 12.5531 54 3103.43 3.34578
7 155 2 26 48.5438 54 10147.5 0.865197
7 155 3 27 16.8175 54 122 2.49739
7 156 2 25 102.12 54 14011.2 0.41128
7 156 3 26 70.5269 54 8600.41 0.595517
7 156 4 27 6.61399 54 20 6.35017
7 157 2 25 181.091 54 13918.5 0.231928
7 157 3 26 182.839 54 7651.18 0.22971
7 157 4 27 6.59793 54 5 6.36563
7 158 2 25 89.1042 54 13576.9 0.471358
7 158 3 26 49.2709 54 7490.41 0.85243
7 158 4 27 3.21601 54 10 13.0597
7 159 2 25 25.0686 54 5298.67 1.6754
7 159 3 26 69.4499 54 9867.98 0.604752
7 160 2 25 63.7963 54 12636.1 0.658345
7 160 3 26 51.5642 54 7162.9 0.814518
7 160 4 27 0.00827502 54 393 5075.52
7 161 2 25 311.849 54 10949.2 0.134681
7 161 3 26 140.794 54 7971.38 0.298309
7 161 4 27 32.7635 54 37 1.28191
7 162 2 25 124.843 54 17265 0.336423
7 162 3 26 57.6814 54 9993.42 0.728137
7 162 4 27 0.00387065 54 193 10850.9
7 163 1 25 50.9876 54 6965.7 0.82373
7 163 2 26 118.807 54 5138.19 0.353514
7 163 3 27 0.00456291 54 308 9204.65
7 164 2 25 153.331 54 12145.3 0.273918
7 164 3 26 80.2734 54 7861.46 0.523212
7 164 4 27 3.81409 54 81 11.0118
7 165 2 25 288.234 54 11790 0.145715
7 165 3 26 77.5226 54 11336.1 0.541777
7 165 4 27 70.7517 54 93 0.593625
7 166 2 25 150.088 54 13063.8 0.279835
7 166 3 26 61.135 54 13092.2 0.687004
7 166 4 27 0.00821988 54 576 5109.56
7 167 2 25 94.7997 54 5407.31 0.443039
7 167 3 26 217.657 54 10068.9 0.192964
7 167 4 27 70.3177 54 25 0.597289
7 168 2 25 120.34 54 10500 0.349011
7 168 3 26 224.389 54 9811.34 0.187175
7 168 4 27 0.0154276 54 376 2722.39
7 169 2 25 203.175 54 11913.1 0.206718
7 169 3 26 86.6921 54 9061.35 0.484473
7 169 4 27 13.1575 54 278 3.19209
7 170 2 25 221.641 54 11921.7 0.189495
7 170 3 26 155.912 54 10182.9 0.269382
7 170 4 27 0.00509657 54 468 8240.83
7 171 2 25 68.9898 54 5593.99 0.608786
7 171 3 26 175.734 54 9733.32 0.238997
7 171 4 27 45.0343 54 298 0.932622
7 172 2 25 243.423 54 9859.74 0.172539
7 172 3 26 174.468 54 7247.14 0.240731
7 172 4 27 0.00132687 54 152 31653.5
7 173 2 25 172.25 54 11593.6 0.243832
7 173 3 26 63.0383 54 9966.52 0.666261
7 173 4 27 42.719 54 55 0.98317
7 174 2 25 168.818 54 9355.71 0.248789
7 174 3 26 199.395 54 9327.86 0.210637
7 174 4 27 50.2282 54 131 0.836184
7 175 1 25 76.9658 54 1355.31 0.545697
7 175 2 26 48.4776 54 8211.84 0.86638
7 175 3 27 19.6223 54 75 2.14042
7 176 2 25 67.0891 54 9262 0.626033
7 176 3 26 294.192 54 10714.3 0.142764
7 176 4 27 41.5254 54 149 1.01143
7 177 2 25 50.7837 54 10649.2 0.827037
7 177 3 26 134.983 54 12268.5 0.311151
7 177 4 27 20.3667 54 18 2.06219
7 178 2 25 94.5457 54 15459.7 0.444229
7 178 3 26 102.776 54 16272.8 0.408654
7 178 4 27 2.46046 54 2 17.07
7 179 2 25 60.8564 54 3866.55 0.690149
7 179 3 26 85.2428 54 10166 0.49271
7 179 4 27 73.349 54 138 0.572605
7 180 2 25 216.551 54 12704.7 0.19395
7 180 3 26 135.387 54 13658.2 0.310222
7 180 4 27 49.6623 54 81 0.845712
7 181 2 25 190.851 54 13424.5 0.220067
7 181 3 26 121.165 54 15552.3 0.346636
7 181 4 27 4.46484 54 2 9.40684
7 182 1 25 61.4246 54 15156.1 0.683765
7 182 2 26 42.767 54 10432.4 0.982064
7 182 3 27 41.2183 54 66 1.01896
7 183 1 25 107.836 54 3755.43 0.389482
7 183 2 26 63.1553 54 10780.4 0.665027
7 183 3 27 33.4008 54 297 1.25745
7 184 2 25 166.355 54 11873.6 0.252472
7 184 3 26 166.096 54 7919.02 0.252866
7 184 4 27 0.000146327 54 126 287028
7 185 2 25 210.412 54 13192.4 0.199609
7 185 3 26 131.339 54 13219.4 0.319783
7 185 4 27 0.000419044 54 88 100228
7 186 2 25 153.607 54 12341.9 0.273426
7 186 3 26 76.5384 54 11408.3 0.548744
7 186 4 27 59.4919 54 197 0.705978
7 187 1 25 66.4229 54 3131.97 0.632312
7 187 2 26 62.9701 54 10577.6 0.666984
7 187 3 27 7.50687 54 81 5.59487
7 188 2 25 153.834 54 9478.26 0.273022
7 188 3 26 143.793 54 4923.4 0.292086
7 188 4 27 3.41581 54 61 12.2958
8 1 2 31 10.9628 54 398 3.83114
8 2 2 31 31.017 54 1517 1.3541
8 3 2 31 0.00948404 54 996 4428.49
8 4 2 31 58.3512 54 125 0.719779
8 5 2 31 0.00134143 54 335 31310
8 6 1 31 62.9254 54 694 0.667457
8 7 2 31 0.00881951 54 900 4762.17
8 8 2 31 40.3995 54 485 1.03962
8 9 2 31 49.3778 54 210 0.850584
8 10 1 28 56.5613 54 180 0.742558
8 10 2 31 66.7035 54 1173 0.629652
8 11 2 31 46.0615 54 801 0.911824
8 12 2 31 32.8908 54 77 1.27695
8 13 2 31 15.7611 54 7 2.66478
8 14 2 31 10.6939 54 103 3.92748
8 15 1 28 24.5408 54 284 1.71144
8 15 2 31 32.8539 54 78 1.27839
8 17 1 28 34.3092 54 310 1.22416
8 17 2 31 61.7476 54 154 0.680188
8 18 4 31 47.5402 54 319 0.883464
8 19 2 31 39.3611 54 758 1.06704
8 20 2 31 93.0796 54 131 0.451227
8 21 1 28 10.9703 54 30 3.82852
8 21 2 31 26.1551 54 193 1.60581
8 22 2 31 53.2979 54 127 0.788023
8 23 2 31 100.147 54 261 0.419385
8 24 1 28 9.59677 54 3 4.37647
8 24 2 31 67.6305 54 878 0.621022
8 25 1 28 28.9398 54 4714 1.45129
8 25 2 31 180.413 54 1386 0.232799
8 26 1 28 32.3506 54 24364 1.29827
8 26 2 31 52.0537 54 85 0.80686
8 27 1 28 23.7539 54 7520 1.76813
8 27 3 31 4.08838 54 66 10.273
8 28 1 28 26.4144 54 2236 1.59004
8 28 2 31 41.4151 54 316 1.01412
8 29 1 28 25.3511 54 2885 1.65674
8 29 2 31 50.9754 54 288 0.823926
8 30 2 31 71.5288 54 192 0.587176
8 31 1 28 48.109 54 1007 0.873018
8 31 2 31 41.4266 54 287 1.01384
8 32 1 28 35.3375 54 1173 1.18854
8 32 2 31 67.6965 54 590 0.620416
8 33 1 28 44.6823 54 1761 0.939969
8 33 2 31 73.6317 54 193 0.570406
8 34 1 28 50.6703 54 15382 0.828889
8 35 1 28 7.20241 54 356 5.83138
8 35 2 31 44.2319 54 83 0.949541
8 36 1 28 1.23968 54 56 33.8796
8 36 2 31 36.2122 54 296 1.15983
8 37 2 31 19.6184 54 71 2.14085
8 39 3 31 20.2419 54 103 2.0749
8 40 1 28 42.2232 54 205 0.994714
8 40 4 31 26.3119 54 284 1.59624
8 41 1 28 12.3222 54 8 3.40849
8 41 4 31 23.157 54 168 1.81371
8 42 4 31 18.2462 54 22 2.30184
8 43 4 31 30.2335 54 84 1.38919
8 44 1 28 25.2825 54 40 1.66123
8 44 4 31 29.9753 54 524 1.40115
8 45 1 28 5.47746 54 46 7.66779
8 45 4 31 62.1503 54 240 0.675781
8 46 4 31 5.93407 54 11 7.07777
8 47 4 31 23.2925 54 40 1.80315
8 48 1 28 51.9281 54 47 0.808811
8 48 4 31 56.5552 54 979 0.742637
8 49 1 28 3.074 54 51 13.663
8 49 4 31 39.7388 54 1037 1.0569
8 50 4 31 18.9823 54 5 2.21259
8 51 4 31 26.6051 54 33 1.57865
8 52 1 28 22.9594 54 34 1.82932
8 52 4 31 49.1088 54 181 0.855243
8 53 4 31 55.5775 54 168 0.755701
8 54 4 31 34.9006 54 23 1.20342
8 55 4 31 37.3223 54 110 1.12533
8 56 1 28 10.5095 54 205 3.99637
8 56 4 31 96.8666 54 104 0.433586
8 57 4 31 85.4632 54 968 0.49144
8 58 4 31 4.04618 54 5 10.3801
8 59 4 31 73.4245 54 152 0.572016
8 60 1 28 44.6997 54 476 0.939603
8 60 4 31 63.8812 54 158 0.657471
8 61 1 28 31.4999 54 141 1.33334
8 61 4 31 59.4567 54 73 0.706396
8 62 1 28 15.8813 54 137 2.64461
8 62 4 31 86.0911 54 53 0.487855
8 63 4 31 11.9316 54 15 3.52007
8 64 4 31 36.0365 54 21 1.16549
8 65 4 31 47.9286 54 215 0.876303
8 66 1 28 20.1104 54 371 2.08847
8 66 2 29 33.8098 54 324 1.24224
8 66 3 30 27.3972 54 186 1.533
8 67 4 31 25.7562 54 37 1.63068
8 68 1 28 8.6441 54 157 4.8588
8 68 4 31 34.3011 54 143 1.22445
8 69 4 31 31.0853 54 351 1.35112
8 70 4 31 17.3611 54 16 2.41921
8 71 4 31 26.4413 54 25 1.58842
8 72 1 28 27.1248 54 137 1.5484
8 72 2 29 6.49728 54 241 6.46424
8 72 3 30 17.7402 54 150 2.36751
8 72 4 31 43.7802 54 183 0.959339
8 73 2 29 38.7377 54 1796 1.08421
8 73 3 30 51.4769 54 1849 0.8159
8 73 4 31 28.1675 54 24 1.49108
8 74 2 29 35.3668 54 168 1.18755
8 74 3 30 56.8074 54 1652 0.73934
8 74 4 31 25.5277 54 19 1.64527
8 75 2 29 40.3723 54 1943 1.04032
8 75 3 30 45.9712 54 5116 0.913616
8 75 4 31 10.4901 54 5 4.00379
8 76 1 28 93.4911 54 921 0.449241
8 76 2 29 43.2859 54 1096 0.970293
8 76 3 30 133.156 54 6260 0.315421
8 76 4 31 136.894 54 137 0.306807
8 77 1 28 19.2278 54 8 2.18434
8 77 3 30 36.3375 54 82.5 1.15583
8 77 4 31 71.1642 54 793 0.590185
8 78 2 29 16.4212 54 50 2.55767
8 78 3 30 55.7488 54 2631 0.753379
8 79 1 28 31.7193 54 9065 1.32411
8 79 2 29 30.2559 54 86 1.38816
8 79 3 30 50.2924 54 4541 0.835116
8 79 4 31 25.7107 54 26 1.63356
8 80 1 28 31.9576 54 346 1.31424
8 80 2 29 34.0786 54 629 1.23244
8 80 3 30 40.1964 54 3988 1.04487
8 80 4 31 82.3483 54 127 0.510029
8 81 1 28 16.455 54 3535 2.55242
8 81 2 29 46.2568 54 3240 0.907974
8 81 3 30 43.5122 54 2855 0.965246
8 81 4 31 16.3463 54 19 2.56938
8 82 1 28 15.2719 54 2879 2.75015
8 82 2 29 41.0561 54 2631 1.02299
8 82 3 30 29.0231 54 3579 1.44712
8 82 4 31 9.9966 54 9 4.20143
8 83 1 28 11.8663 54 655 3.53943
8 83 2 29 51.623 54 1114 0.81359
8 83 3 30 34.1462 54 1269 1.23001
8 83 4 31 1.63259e-06 54 15 2.57261e+07
8 84 1 28 17.0712 54 100 2.46029
8 84 2 29 29.3999 54 1250 1.42857
8 84 3 30 41.8957 54 900 1.00249
8 84 4 31 21.1318 54 111 1.98752
8 85 2 29 26.2552 54 3006 1.59969
8 85 3 30 33.6846 54 1366 1.24686
8 85 4 31 23.5241 54 71 1.7854
8 86 2 29 21.8366 54 1527 1.92338
8 86 3 30 64.8115 54 4683 0.648033
8 86 4 31 14.0556 54 11 2.98813
8 87 2 29 20.4905 54 3075 2.04973
8 87 3 30 35.4792 54 4635 1.18379
8 87 4 31 55.7999 54 26 0.752689
8 88 1 28 6.16296 54 60 6.8149
8 88 2 29 51.0632 54 1370 0.82251
8 88 3 30 24.3722 54 2638 1.72328
8 88 4 31 6.78884 54 60 6.18663
8 89 1 28 54.0744 54 297 0.776708
8 89 2 29 54.4005 54 3325.79 0.772051
8 89 3 30 61.993 54 1912 0.677496
8 89 4 31 9.00569 54 8 4.66372
8 90 1 28 45.922 54 257 0.914594
8 90 2 29 32.4214 54 764 1.29544
8 90 3 30 62.2858 54 4179 0.674311
8 91 2 29 46.0431 54 582 0.91219
8 91 3 30 67.3686 54 4010 0.623436
8 92 1 28 60.8953 54 553 0.689708
8 92 2 29 32.709 54 1623 1.28405
8 92 3 30 137.147 54 5898 0.306241
8 92 4 31 70.9921 54 167 0.591615
8 93 1 28 140.176 54 656 0.299622
8 93 2 29 62.8433 54 668 0.668329
8 93 3 30 98.1033 54 2243 0.42812
8 93 4 31 20.3292 54 155 2.066
8 94 1 28 58.2531 54 413 0.720991
8 94 3 31 28.1623 54 20 1.49135
8 95 1 28 28.8987 54 51 1.45335
8 95 2 29 17.3171 54 70 2.42535
8 95 3 30 29.6242 54 150 1.41776
8 95 4 31 2.69276 54 1 15.5974
8 96 1 28 15.5763 54 180 2.6964
8 96 2 29 16.841 54 82 2.49392
8 96 4 31 10.9829 54 6 3.82411
8 97 2 29 26.5592 54 1686 1.58137
8 97 3 30 20.225 54 385 2.07664
8 97 4 31 1.10363 54 1 38.0563
8 98 1 28 49.8268 54 845 0.84292
8 98 2 29 51.645 54 1135 0.813244
8 98 3 30 51.482 54 2655 0.815819
8 98 4 31 30.2696 54 32 1.38753
8 99 1 28 87.7719 54 271 0.478513
8 99 2 29 32.8374 54 1757 1.27903
8 99 3 30 66.0237 54 3614 0.636135
8 99 4 31 2.97153 54 58 14.1341
8 100 1 28 24.6299 54 300 1.70524
8 100 2 29 44.6791 54 3307 0.940036
8 100 4 31 24.1038 54 27 1.74246
8 101 2 29 51.1494 54 3248 0.821124
8 101 3 30 9.64975 54 55 4.35245
8 101 4 31 5.79823 54 2 7.24359
8 102 2 29 32.9408 54 5388 1.27501
8 102 3 30 20.7025 54 1577 2.02874
8 102 4 31 27.6685 54 7 1.51797
8 103 2 29 18.6826 54 1750 2.24808
8 103 3 30 39.3851 54 3660 1.06639
8 103 4 31 25.5404 54 41 1.64446
8 104 2 29 32.1161 54 1670.94 1.30776
8 104 3 30 18.4965 54 175 2.2707
8 104 4 31 2.2421 54 4 18.7324
8 105 2 29 49.181 54 6393 0.853988
8 105 3 30 16.9904 54 219.685 2.47198
8 106 2 29 31.1894 54 5246.55 1.34661
8 106 3 30 67.0284 54 788.062 0.6266
8 106 4 31 4.52242 54 5 9.28706
8 107 2 29 51.0399 54 6318.22 0.822886
8 107 3 30 45.6978 54 5854.41 0.919082
8 107 4 31 5.72491 54 4 7.33636
8 108 1 28 13.674 54 50 3.07152
8 108 2 29 55.7153 54 6036.8 0.753832
8 108 3 30 63.9765 54 2544 0.656491
8 108 4 31 13.4225 54 110 3.12908
8 109 1 28 45.2843 54 548 0.927474
8 109 2 29 55.431 54 5739.48 0.757699
8 109 3 30 17.9737 54 69 2.33675
8 109 4 31 12.7069 54 107 3.30528
8 110 2 29 30.6833 54 8470.21 1.36882
8 110 4 31 175.126 54 87 0.239827
8 111 2 29 25.3731 54 8208.14 1.6553
8 111 4 31 15.3792 54 49 2.73096
8 112 1 28 28.9304 54 765 1.45176
8 112 2 29 26.7727 54 5583.05 1.56876
8 112 3 30 3.59352 54 280.802 11.6877
8 112 4 31 23.1824 54 9 1.81172
8 113 2 29 115.866 54 8509.18 0.362488
8 113 3 30 43.0942 54 443.825 0.974609
8 113 4 31 22.1982 54 14 1.89204
8 114 2 29 35.7008 54 8426.35 1.17644
8 114 3 30 30.2817 54 335 1.38698
8 114 4 31 32.7554 54 30 1.28223
8 115 2 29 84.5162 54 8858.42 0.496946
8 115 3 30 43.4937 54 2637.78 0.965657
8 115 4 31 29.1591 54 65 1.44038
8 116 1 28 41.9601 54 58 1.00095
8 116 2 29 70.1472 54 5049.14 0.598741
8 116 3 30 25.28 54 945.806 1.66139
8 116 4 31 25.0518 54 63 1.67653
8 117 2 29 42.9291 54 4125.88 0.978357
8 117 3 30 12.1604 54 67 3.45384
8 117 4 31 37.2892 54 69 1.12633
8 118 2 29 74.2866 54 4883.05 0.565378
8 118 3 30 133.705 54 3155.87 0.314125
8 118 4 31 100.675 54 94 0.417185
8 119 2 29 89.1646 54 6853.64 0.471039
8 119 3 30 148.19 54 3676.13 0.283421
8 119 4 31 28.2849 54 229 1.48489
8 120 1 28 8.57877 54 54 4.89581
8 120 2 29 167 54 5362.6 0.251497
8 120 3 30 60.111 54 752 0.698707
8 120 4 31 36.4468 54 65 1.15236
8 121 2 29 170.727 54 6169.53 0.246007
8 121 3 30 35.2756 54 3125.3 1.19062
8 121 4 31 0.000805826 54 509 52120.4
8 122 2 29 64.6566 54 4266.49 0.649586
8 122 3 30 37.8166 54 5594.71 1.11062
8 122 4 31 0.0856378 54 1998 490.438
8 123 2 29 102.208 54 1392.32 0.410925
8 123 3 30 40.1861 54 5295.14 1.04514
8 123 4 31 106.132 54 3617 0.395733
8 124 1 28 32.6703 54 75 1.28557
8 124 2 29 160.089 54 1048.08 0.262354
8 124 3 30 68.4906 54 5271.49 0.613223
8 124 4 31 0.00561013 54 2075 7486.46
8 125 4 31 170.944 54 1166 0.245695
8 126 3 31 146.325 54 2107 0.287032
8 127 1 29 36.9689 54 1271.68 1.13609
8 127 3 31 367.485 54 2298 0.11429
8 128 2 29 67.0946 54 4164.44 0.625982
8 128 3 30 31.1853 54 1317 1.34679
8 128 4 31 119.241 54 649 0.352227
8 129 2 29 81.0825 54 3050.49 0.517991
8 129 3 30 31.4605 54 635.023 1.33501
8 129 4 31 0.0276473 54 1197 1519.13
8 130 2 29 45.8373 54 4267.5 0.916284
8 130 3 30 15.6 54 2716.11 2.6923
8 130 4 31 0.0187104 54 1108 2244.74
8 131 1 29 84.8986 54 3217.4 0.494708
8 131 2 30 108.165 54 1275 0.388297
8 131 3 31 0.034687 54 3233 1210.83
8 132 2 29 49.7084 54 1848.44 0.844928
8 132 3 30 52.7796 54 463 0.795762
8 132 4 31 0.00723031 54 673 5808.88
8 133 2 29 9.66222 54 2144.41 4.34683
8 133 3 30 50.0647 54 671 0.838915
8 133 4 31 115.723 54 359 0.362937
8 134 2 29 94.0546 54 2022.88 0.446549
8 134 3 30 95.4344 54 2165.67 0.440093
8 134 4 31 0.0696522 54 2521 602.996
8 135 1 29 65.4553 54 2197.53 0.64166
8 135 2 30 194.984 54 3693.73 0.215402
8 135 3 31 253.485 54 1422 0.16569
8 136 2 29 23.1237 54 1783.28 1.81632
8 136 3 30 153.958 54 5401.5 0.272802
8 136 4 31 73.5527 54 1021 0.571019
8 137 2 29 32.9985 54 309 1.27278
8 137 3 30 24.0067 54 52 1.74951
8 137 4 31 0.0108963 54 900 3854.52
8 138 2 29 125.957 54 3620.86 0.333447
8 138 4 31 194.563 54 2822 0.215868
8 139 1 29 78.1924 54 5414.93 0.537136
8 139 2 30 137.332 54 2610.71 0.305828
8 139 3 31 136.238 54 3927 0.308284
8 140 1 29 139.598 54 7444.51 0.300865
8 140 2 30 72.7503 54 1096.2 0.577318
8 140 3 31 0.00105995 54 647 39624.6
8 141 2 29 25.1546 54 1865.35 1.66967
8 141 3 30 15.1933 54 129.083 2.76438
8 141 4 31 175.034 54 710 0.239953
8 142 2 29 117.205 54 6310.57 0.358347
8 142 3 30 45.1093 54 2010.38 0.931071
8 142 4 31 73.5899 54 1524 0.570731
8 143 1 29 86.6249 54 6610.51 0.484849
8 143 2 30 131.864 54 4502 0.318511
8 143 3 31 146.658 54 955 0.286381
8 144 2 29 90.5868 54 4550 0.463644
8 144 3 30 55.1721 54 3884 0.761254
8 144 4 31 181.736 54 777 0.231104
8 145 2 29 116.102 54 2809.96 0.36175
8 145 3 30 43.4627 54 1107.47 0.966345
8 145 4 31 148.875 54 499 0.282115
8 146 1 29 73.2406 54 8413.96 0.573452
8 146 2 30 79.7785 54 3773.08 0.526458
8 146 3 31 44.6417 54 872 0.940824
8 147 1 29 60.0872 54 3661.7 0.698984
8 147 2 30 104.692 54 3284.95 0.401178
8 147 3 31 22.3779 54 1447 1.87685
8 148 2 29 186.382 54 6341.68 0.225344
8 148 3 30 65.8159 54 3233.36 0.638143
8 148 4 31 50.9695 54 746 0.824022
8 149 2 29 127.785 54 5725.53 0.328677
8 149 3 30 39.9333 54 489.906 1.05175
8 149 4 31 58.8496 54 378 0.713683
8 150 2 29 98.4855 54 8816.42 0.426459
8 150 3 30 40.074 54 2988.54 1.04806
8 150 4 31 112.703 54 2057 0.372662
8 151 2 29 89.7362 54 7706.29 0.468039
8 151 3 30 539.227 54 9967.38 0.0778892
8 151 4 31 0.226056 54 3591 185.795
8 152 2 29 206.533 54 9598.51 0.203357
8 152 3 30 294.94 54 5869.61 0.142402
8 152 4 31 135.314 54 2042 0.310388
8 153 2 29 203.426 54 15411 0.206463
8 153 3 30 104.243 54 9741.19 0.402903
8 153 4 31 88.4576 54 855 0.474804
8 154 1 29 179.975 54 8803.33 0.233366
8 154 2 30 8.21084 54 8242.96 5.11519
8 154 3 31 201.014 54 2502 0.20894
8 155 2 30 57.5708 54 8077.36 0.729536
8 155 3 31 241.194 54 2370 0.174134
8 156 2 29 123.279 54 10095.4 0.340692
8 156 3 30 73.9869 54 6163 0.567668
8 156 4 31 160.071 54 2465 0.262384
8 157 2 29 248.08 54 12535.8 0.1693
8 157 3 30 45.8544 54 465 0.915942
8 157 4 31 81.6323 54 2603 0.514502
8 158 2 29 107.567 54 22550.9 0.390453
8 158 3 30 15.9944 54 397.087 2.62592
8 158 4 31 0.011197 54 2155 3751
8 159 1 29 18.148 54 308.068 2.3143
8 159 2 30 27.5359 54 2315.69 1.52528
8 159 3 31 207.133 54 1349 0.202768
8 160 2 29 37.4102 54 13473.2 1.12269
8 160 3 30 28.2073 54 7541.16 1.48898
8 160 4 31 25.7148 54 780 1.6333
8 161 2 29 78.1191 54 13969.8 0.537641
8 161 3 30 85.0088 54 9822.73 0.494066
8 161 4 31 69.2018 54 317 0.606921
8 162 1 29 91.061 54 18282.1 0.461229
8 162 2 30 104.708 54 11579.5 0.401114
8 162 3 31 60.7703 54 420 0.691127
8 163 1 29 44.2328 54 3267.9 0.949522
8 163 2 30 79.498 54 15021 0.528315
8 163 3 31 147.672 54 453 0.284414
8 164 2 29 196.491 54 14673.8 0.21375
8 164 3 30 218.185 54 7390.17 0.192498
8 164 4 31 0.0800066 54 2244 524.956
8 165 2 29 65.8704 54 15849.6 0.637616
8 165 3 30 122.554 54 1634.68 0.342707
8 165 4 31 0.000468672 54 681 89614.9
8 166 2 29 166.097 54 11372.6 0.252864
8 166 3 30 153.03 54 5219.65 0.274456
8 166 4 31 278.582 54 1424 0.150764
8 167 2 29 61.4467 54 2653.12 0.68352
8 167 3 30 31.2465 54 12221.4 1.34415
8 167 4 31 100.699 54 1076 0.417084
8 168 2 29 56.1739 54 17007.1 0.747679
8 168 3 30 169.613 54 10654.8 0.247623
8 168 4 31 202.244 54 1082 0.20767
8 169 2 29 109.526 54 20371.6 0.383471
8 169 3 30 137.377 54 9879.64 0.305727
8 169 4 31 125.32 54 291 0.335142
8 170 2 29 177.003 54 20714.6 0.237284
8 170 3 30 188.091 54 10414.4 0.223296
8 170 4 31 0.0036368 54 1074 11548.6
8 171 2 29 126.099 54 6015.41 0.333073
8 171 3 30 103.02 54 17709 0.407688
8 171 4 31 0.0521887 54 3535 804.772
8 172 2 29 154.073 54 16758.6 0.272597
8 172 3 30 93.272 54 18353.5 0.450296
8 172 4 31 79.6412 54 1205 0.527365
8 173 2 29 164.512 54 21563.7 0.2553
8 173 3 30 25.8454 54 14876.8 1.62505
8 173 4 31 58.166 54 496 0.722072
8 174 2 29 197.824 54 19494.1 0.21231
8 174 3 30 52.3038 54 15075.7 0.803
8 174 4 31 187.417 54 2648 0.224099
8 175 1 29 105.713 54 8391.33 0.397301
8 175 2 30 228.055 54 20375 0.184166
8 175 3 31 74.312 54 999 0.565185
8 176 2 29 96.2825 54 22358.5 0.436216
8 176 3 30 67.883 54 20914.7 0.618712
8 176 4 31 0.0521001 54 2715 806.14
8 177 2 29 73.0838 54 19338.8 0.574683
8 177 3 30 91.7006 54 11623.9 0.458012
8 177 4 31 52.4879 54 1175 0.800184
8 178 1 29 230.591 54 23115.1 0.182141
8 178 2 30 73.5997 54 12713 0.570654
8 178 3 31 190.684 54 1780 0.22026
8 179 1 29 119.883 54 4536.64 0.350341
8 179 2 30 54.7397 54 11720.5 0.767267
8 179 3 31 0.0112475 54 1905 3734.15
8 180 2 29 357.039 54 23938.1 0.117634
8 180 3 30 71.3218 54 7359.08 0.588881
8 180 4 31 1.54254e-05 54 1392 2.72278e+06
8 181 2 29 155.498 54 23157.7 0.270099
8 181 3 30 128.757 54 4587 0.326197
8 181 4 31 4.6732e-05 54 406 898742
8 182 1 29 248.503 54 20944 0.169012
8 182 2 30 43.2143 54 8286.79 0.9719
8 182 3 31 123.496 54 1159 0.340093
8 183 1 29 114.33 54 9289.17 0.367358
8 183 2 30 89.6385 54 9372.63 0.468549
8 183 3 31 54.4522 54 1528 0.771319
8 184 2 29 128.209 54 15218.2 0.32759
8 184 3 30 74.0184 54 6362.4 0.567426
8 184 4 31 0.00691334 54 1029 6075.21
8 185 2 29 124.147 54 20837.9 0.33831
8 185 3 30 60.9929 54 5508.26 0.688605
8 185 4 31 261.733 54 1170 0.160469
8 186 2 29 208.578 54 19978.4 0.201363
8 186 3 30 48.6596 54 8434.86 0.863138
8 186 4 31 40.5989 54 1132 1.03451
8 187 1 29 63.3899 54 6973.46 0.662567
8 187 2 30 20.5609 54 13774.6 2.04271
8 187 3 31 0.0820879 54 1665 511.647
8 188 1 29 158.527 54 25815.1 0.264939
8 188 2 30 198.156 54 9103.48 0.211954
8 188 3 31 0.120463 54 1957 348.654
