241130 241130 0.000179112 0.0019142 0.0182483 0.0232763 0.0163113 0.012314 0.0111287 0.0108791 0.0109042 0.0109654 0.0109787 0.0109358 0.010861 0.0107805 0.0107156 0.0106897  4.84604e+07 2.95886e+07 5.71004e+06 2.08193e+06 836860 379222 129249 107064 85424 53964.9 23028.6 17214.1 12660.8 7799.75 3450.62 755.799
6.73466e+06 6.73466e+06 0.00295323 0.0310403 0.255404 0.312974 0.233296 0.182502 0.166738 0.16337 0.163661 0.164396 0.164449 0.163733 0.162596 0.161409 0.160468 0.160095  8.16295e+06 2.72678e+07 1.61232e+07 3.39509e+06 1.53714e+06 847625 459446 170033 137226 109877 70300.1 30865 22519.8 16307.9 10003.8 5729.23
2.02682e+06 2.02682e+06 0.00258588 0.0272342 0.228028 0.280598 0.207653 0.161779 0.147626 0.144616 0.144894 0.145572 0.145641 0.145018 0.144015 0.142963 0.142126 0.141794  2.14724e+06 1.49472e+06 4.91177e+06 2.31211e+06 498552 284316 184328 107569 41308.2 32424.8 25509.3 16123.7 7024.16 4981.22 3541.56 3407.31
539945 539945 0.0010871 0.0115545 0.104823 0.131862 0.0943906 0.0721244 0.0654202 0.0640017 0.0641383 0.0644741 0.0645332 0.0642714 0.0638292 0.0633588 0.0629813 0.062831  7.7688e+06 1.13538e+06 809567 2.17492e+06 1.04561e+06 276775 174841 115956 66839.9 24958.7 18926 14346.1 8744.42 3691 2554.77 3500.71
322965 322965 0.000424498 0.00453 0.04261 0.0541472 0.038166 0.0289082 0.0261523 0.0255717 0.0256296 0.0257707 0.0257998 0.0256979 0.0255218 0.025333 0.0251809 0.0251202  4.3417e+07 1.12848e+07 3.00383e+06 648019 1.29426e+06 723202 242801 183391 140665 89058.6 39185.7 29671.6 22042.5 13725 6144.1 10020.5
6.06257e+06 6.06257e+06 0.00380106 0.0397591 0.314002 0.380911 0.28868 0.227997 0.208887 0.20476 0.20507 0.205909 0.205915 0.204987 0.203555 0.202076 0.200907 0.200446  8.1575e+07 2.86385e+07 9.01605e+06 2.65468e+06 581527 1.18361e+06 719004 270516 209580 164821 106793 48424.8 35591.5 25788.3 15959.4 18888.7
2.4247e+06 2.4247e+06 0.00307513 0.03227 0.262083 0.319441 0.239202 0.187812 0.171875 0.168534 0.168903 0.169697 0.169775 0.169049 0.167886 0.166668 0.165699 0.165316  2.58059e+06 1.3716e+07 5.19586e+06 1.25893e+06 375071 105350 241969 155500 60758.6 46239.5 35752.3 22794.9 10191.9 7267.81 5156.34 6912.81
585652 585652 0.000507096 0.00540932 0.0506966 0.064374 0.0454484 0.0344499 0.0311687 0.0304745 0.0305409 0.0307069 0.03074 0.0306179 0.0304077 0.0301827 0.0300016 0.0299295  5.10725e+07 1.36328e+06 7.36248e+06 2.12318e+06 513957 193770 61410.1 145227 92372.7 35108.2 25805.4 19217.8 11812.6 5116.41 3560.74 5805.5
170851 170851 0.000166438 0.00177931 0.0170092 0.0217256 0.0152094 0.0114726 0.0103642 0.0101299 0.0101521 0.0102084 0.0102203 0.0101801 0.0101103 0.0100353 0.00997481 0.00995069  1.80668e+07 1.99027e+07 599694 3.82529e+06 1.53054e+06 663074 320999 81990.9 160791 103485 44625.8 33342.5 24681.7 15347.3 6874.46 12517.7
8.68475e+06 8.68475e+06 0.00602505 0.0621815 0.440361 0.519756 0.410582 0.332677 0.307275 0.301743 0.302111 0.303122 0.302956 0.301507 0.299392 0.29725 0.295578 0.294921  3.33151e+07 1.22286e+07 1.18728e+07 454243 3.0273e+06 1.45986e+06 780144 403366 99645.3 183778 118703 52881.1 38612.8 27966.2 17272.4 21898
1.46579e+06 1.46579e+06 0.00346426 0.0362603 0.288227 0.349182 0.263673 0.208119 0.190801 0.187187 0.187605 0.188474 0.188547 0.187736 0.186444 0.185097 0.184027 0.183604  4.70303e+06 5.70283e+06 2.14698e+06 1.17854e+06 48934.2 420584 253717 154044 81312.4 19511.4 34443.8 21779.6 9605.57 6817.57 4839.25 6732.11
819245 819245 0.00155299 0.0164648 0.146035 0.182694 0.132058 0.101435 0.0921324 0.0901452 0.0903159 0.0907634 0.090828 0.0904496 0.0898239 0.0891625 0.0886336 0.0884235  4.46336e+07 2.48295e+06 3.04179e+06 828374 447791 24054.9 236270 147363 88647.1 45513.7 10544.2 17921.4 10921.8 4665.43 3231.37 5384.38
187072 187072 0.000290383 0.0031025 0.029493 0.0376252 0.026407 0.0199437 0.0180218 0.0176137 0.0176505 0.0177466 0.0177661 0.0176955 0.0175738 0.0174435 0.0173385 0.0172966  1.73833e+07 1.49871e+07 1.24982e+06 1.3663e+06 781998 586206 45614.2 337376 187086 129472 70059.2 15660.9 24771 15157.7 6733.28 12440.8
6.02255e+06 6.02255e+06 0.00519913 0.0539444 0.398536 0.475662 0.369984 0.296771 0.273164 0.267991 0.268299 0.26924 0.26913 0.267858 0.265975 0.264056 0.262554 0.261963  4.78533e+07 1.1592e+07 8.88684e+06 1.07096e+06 1.06874e+06 837457 663425 62839.6 402851 218697 158896 85685.1 18623.9 28216.1 17106.6 21765.6
1.5111e+06 1.5111e+06 0.00360861 0.0377556 0.298988 0.362229 0.274026 0.216405 0.198363 0.194547 0.194931 0.195795 0.195846 0.194989 0.193641 0.192239 0.191129 0.190689  9.96796e+06 8.2594e+06 2.0863e+06 1.01629e+06 140915 161314 163221 133957 13753.8 81880.2 43124.2 31284 16442.5 3466.7 5113.51 6993.52
745168 745168 0.000925639 0.00985324 0.0905784 0.11451 0.0815417 0.0620769 0.0562189 0.0549638 0.0550666 0.0553489 0.0553967 0.0551699 0.0547886 0.0543833 0.0540582 0.0539288  1.59577e+08 5.2622e+06 4.40105e+06 796978 382331 68903.8 90258.7 94387.7 76700.3 7655.19 43979 22293.8 15583.9 7932.23 1631.95 5595.34
211657 211657 0.000192504 0.0020577 0.0196463 0.0250867 0.0175719 0.013258 0.0119776 0.0117065 0.0117319 0.0117966 0.0118102 0.0117637 0.011683 0.0115963 0.0115265 0.0114986  6.48975e+07 4.03055e+07 2.7916e+06 1.54219e+06 588010 378519 122129 111265 137361 104018 12437 62412.7 30320.4 21997.1 11391.2 10228.4
1.67138e+07 1.67138e+07 0.00941262 0.094831 0.562164 0.633016 0.529794 0.447791 0.420322 0.415 0.416088 0.417523 0.417261 0.415304 0.412501 0.409689 0.407509 0.406656  3.4048e+07 2.99578e+07 1.91907e+07 2.23901e+06 1.11615e+06 582015 427203 168157 128659 168768 122576 15701.3 72132.2 34142.4 24811 24294.5
3.68095e+06 3.68095e+06 0.00611454 0.0628592 0.432637 0.503742 0.400967 0.327677 0.304092 0.299409 0.300252 0.30155 0.301569 0.300242 0.298209 0.296118 0.294472 0.293824  7.80933e+07 6.23475e+06 4.79561e+06 1.11458e+06 153564 106998 77908.2 65906.9 29073.3 19682.5 26342.7 18252.8 2360.5 10295.6 4762.25 6842.85
932757 932757 0.000982008 0.0104483 0.0956488 0.120739 0.0861182 0.0656266 0.0594491 0.058125 0.058235 0.0585343 0.0585853 0.0583461 0.0579434 0.0575153 0.0571719 0.0570353  1.60975e+07 4.10441e+07 3.17966e+06 1.23524e+06 254722 53004.6 46191 35820.4 30260.9 12986 8469.25 10887.4 7257.28 907.964 3862.35 4273.26
411116 411116 0.000257804 0.00275508 0.0262468 0.0335077 0.0234957 0.0177346 0.0160217 0.0156575 0.0156899 0.0157752 0.0157926 0.0157299 0.0156217 0.0155058 0.0154124 0.0153752  1.31709e+07 8.57286e+06 1.14659e+07 1.46301e+06 838513 369309 171229 89813.4 72412.1 60647.2 29947.7 17603 23165.2 15026.9 2090.26 17384.7
1.03671e+07 1.03671e+07 0.00877955 0.0890406 0.552652 0.631643 0.522059 0.436111 0.40705 0.400832 0.401371 0.402492 0.402084 0.40009 0.39731 0.394542 0.392406 0.391572  6.72178e+07 8.85238e+06 6.4431e+06 6.2407e+06 1.28872e+06 851768 439371 239338 118641 92530.7 77381.9 39011.8 21444.7 27899.7 17685.3 22980.9
1.41106e+06 1.41106e+06 0.00312011 0.0327671 0.267673 0.327507 0.24486 0.191828 0.17529 0.171725 0.172004 0.172754 0.172797 0.172037 0.17084 0.169594 0.168606 0.168216  8.79977e+07 1.15642e+07 1.52148e+06 537934 368000 156490 128691 72589.6 42781.9 20330 15234.8 12495.8 6241.69 3253.13 4183.01 6015.4
1.54939e+06 1.54939e+06 0.00110018 0.0117 0.106629 0.134508 0.0961418 0.0733388 0.0664526 0.0649717 0.0650874 0.0654145 0.0654661 0.0651955 0.0647441 0.0642653 0.0638818 0.0637293  1.84802e+08 4.64994e+07 6.2196e+06 631552 225089 193979 92580.5 78131 43532.6 24927.3 11432.7 8248.4 6520.8 3154.91 1604.68 4938.55
1.58475e+06 1.58475e+06 0.000726535 0.00774201 0.0718599 0.0910605 0.0645714 0.0490517 0.0444023 0.0434123 0.0434993 0.0437281 0.0437698 0.0435928 0.0432922 0.0429718 0.0427144 0.0426119  1.68098e+07 4.48326e+07 1.3108e+07 2.24384e+06 501750 325130 241380 165249 125460 68972 43567.1 19284.7 13584.4 10581.5 5173.03 10632.8
1.75232e+07 1.75232e+07 0.00818446 0.0834516 0.538305 0.622655 0.508761 0.420895 0.391151 0.384459 0.384667 0.3856 0.38513 0.383162 0.38045 0.37776 0.375686 0.374878  8.87234e+06 8.76943e+06 2.03703e+07 6.8357e+06 1.56876e+06 512684 394187 275509 218593 156134 83619.7 53812.6 23113.5 15703.3 12021.6 17848.4
2.3587e+06 2.3587e+06 0.00691048 0.071022 0.486474 0.570918 0.456875 0.372713 0.34469 0.338351 0.338522 0.339441 0.339109 0.33741 0.335016 0.332621 0.330764 0.330038  4.56863e+07 1.58213e+06 1.45058e+06 1.46763e+06 468425 186998 83154.7 71263.5 48075.4 40377.6 27347.6 14070.2 8943.94 3713.06 2459.65 4631.9
2.08077e+06 2.08077e+06 0.00391034 0.0408748 0.321021 0.388852 0.295321 0.233503 0.213957 0.20971 0.210012 0.210861 0.210862 0.209909 0.208444 0.206931 0.205737 0.205265  1.3112e+08 2.40177e+07 806573 368898 337988 164949 81957.3 38501.6 32721.5 21360.5 17217.7 11172.8 5521.47 3392.6 1373.1 2572.94
1.1391e+06 1.1391e+06 0.00093182 0.00991963 0.0912323 0.11538 0.0821521 0.0625334 0.0566303 0.0553647 0.0554663 0.0557491 0.055796 0.0555669 0.0551824 0.0547739 0.0544463 0.054316  5.40949e+07 3.46168e+07 6.58754e+06 546581 287849 331761 263434 136399 75600.9 62012.6 38759.9 35268.3 22051.3 10864.3 6850.72 7850.81
1.57723e+07 1.57723e+07 0.00930139 0.0943262 0.584153 0.671138 0.556495 0.464273 0.432302 0.424824 0.424746 0.425483 0.424765 0.422489 0.419465 0.416506 0.414243 0.413364  3.74972e+07 2.55093e+07 1.66251e+07 3.48766e+06 568184 304840 370683 325187 172180 97763.2 78306.9 46687.9 43229.7 26019.4 12597.2 16978.8
1.90057e+06 1.90057e+06 0.00320321 0.0336003 0.271881 0.331328 0.248531 0.195235 0.17863 0.175105 0.175446 0.176242 0.176303 0.17554 0.174327 0.173061 0.172056 0.171659  3.05028e+07 6.41029e+06 4.10966e+06 1.07429e+06 225183 79052.5 46479.8 60464.4 55597 29422.9 16402.3 12747.3 7252.51 6674.71 3906.8 4383.02
1.0088e+06 1.0088e+06 0.00119561 0.0127083 0.115282 0.145256 0.104033 0.0794413 0.0719988 0.0703939 0.070515 0.0708651 0.070918 0.0706233 0.0701338 0.0696153 0.0692003 0.0690353  8.26294e+07 1.61129e+07 3.43755e+06 1.6631e+06 434170 115663 45871.2 27757.3 35714.6 31926 16311.7 8755.89 6559.04 3614.69 3246.54 3959.62
545534 545534 0.000459514 0.00490441 0.0461829 0.058757 0.0414063 0.0313439 0.0283426 0.0277045 0.0277617 0.0279109 0.0279401 0.0278284 0.0276369 0.0274321 0.0272673 0.0272016  5.26028e+07 2.65623e+07 5.57602e+06 1.23395e+06 830260 381269 181714 113800 49986.2 55606.5 54249.5 27281.5 15317.7 11105 5953.76 12244.7
1.55079e+07 1.55079e+07 0.00986024 0.0994291 0.591987 0.671508 0.562874 0.474351 0.443818 0.437116 0.4375 0.438495 0.437892 0.435643 0.432598 0.429599 0.4273 0.426406  2.29696e+07 2.75949e+07 1.48174e+07 3.61531e+06 911781 733684 405775 236455 160494 64495.1 67921.7 66633.3 32580.4 18201.1 12831.3 20775.7
1.44992e+06 1.44992e+06 0.00256116 0.0269438 0.223635 0.273772 0.203118 0.158712 0.145071 0.142254 0.142616 0.14334 0.143444 0.142852 0.141877 0.140848 0.140026 0.1397  927067 4.05038e+06 4.37808e+06 941900 231873 95837 99291.5 62250.3 40496.7 27904.1 10384.1 10422.8 10056.9 4791.41 2632.14 4788.7
835614 835614 0.00141444 0.0150119 0.134393 0.168651 0.121449 0.093052 0.0844326 0.0825795 0.0827261 0.0831342 0.0831932 0.0828463 0.0822724 0.0816655 0.08118 0.0809871  9.53835e+07 490026 2.18756e+06 1.8942e+06 411285 125162 57703.3 61385.5 38094.3 24128.6 16073.7 5765.91 5582.51 5219.75 2427.42 3689.87
510789 510789 0.000825068 0.00878676 0.0811206 0.102641 0.0729505 0.0554887 0.0502482 0.0491314 0.0492288 0.0494856 0.0495313 0.0493302 0.0489899 0.0486275 0.0483366 0.0482207  1.21738e+07 2.56589e+07 240982 1.2375e+06 1.03511e+06 464009 200690 96901.1 87894.5 58599.2 42062.8 28992 10300 9246.3 8864.71 10178.9
6.68643e+06 6.68643e+06 0.00544489 0.0558613 0.379834 0.435771 0.34672 0.285263 0.266405 0.263505 0.265067 0.266756 0.267118 0.266149 0.264461 0.262659 0.261214 0.26064  1.82104e+07 8.2099e+06 1.34612e+07 181037 1.04171e+06 883145 525581 258922 126402 106521 70685.2 51687.1 35060.2 12168.1 10523.4 21527.7
1.24956e+06 1.24956e+06 0.00376458 0.039357 0.309623 0.374612 0.284161 0.224722 0.206041 0.202065 0.202439 0.203315 0.203352 0.202454 0.201052 0.199597 0.198445 0.19799  2.55129e+07 3.59885e+06 1.43385e+06 1.22355e+06 16825.7 139432 134613 96060.7 50469.1 24542.4 19632.3 12718.6 9196.43 6088.19 2057.99 5323.55
965653 965653 0.00168275 0.0178293 0.157249 0.19649 0.142378 0.109488 0.0994602 0.0973037 0.0974751 0.0979478 0.0980106 0.0975985 0.0969222 0.0962086 0.0956385 0.0954122  1.34711e+08 1.34662e+07 1.91401e+06 538130 450759 8114.58 77210 77090.6 54461.6 27805.6 13044.3 10040.7 6266.92 4387.99 2834.51 3371.33
471666 471666 0.000479508 0.00511702 0.0481189 0.0611914 0.0431462 0.0326725 0.0295475 0.0288834 0.0289432 0.0290988 0.0291293 0.0290129 0.0288133 0.0285998 0.0284281 0.0283596  2.12782e+07 3.35964e+07 3.73337e+06 1.03932e+06 471040 383715 17490.4 149204 104133 84119.5 45211.2 21945.1 15477.8 9865.4 6908.96 9868.43
1.15477e+07 1.15477e+07 0.00729128 0.0746466 0.496821 0.577341 0.466163 0.383228 0.355711 0.349757 0.350203 0.351282 0.351011 0.349301 0.346861 0.344409 0.342505 0.341759  3.05613e+07 1.55389e+07 1.61637e+07 2.00803e+06 921432 501108 432072 24279.7 194506 120051 102663 55550.8 26478.5 17811.6 11223.1 18993.8
2.18496e+06 2.18496e+06 0.00483452 0.0503029 0.380089 0.456815 0.352447 0.281045 0.258049 0.252916 0.253127 0.253995 0.253886 0.25268 0.250894 0.249075 0.247649 0.247088  4.13342e+06 6.23745e+06 2.85626e+06 1.33169e+06 153277 125100 85596.6 79495.5 4745.8 36902.2 20893.3 18044.6 9584.43 4452.12 2901.35 4877.35
833639 833639 0.00162691 0.0172449 0.152651 0.190972 0.138176 0.106154 0.0963954 0.0942925 0.094455 0.0949125 0.0949735 0.0945742 0.0939184 0.0932264 0.0926736 0.0924541  1.58818e+07 2.17946e+06 3.27886e+06 960589 432349 68187.1 65233.9 46324.8 42530 2460.94 18415.9 10014.7 8322.7 4277.64 1938.21 3323.38
228815 228815 0.000392069 0.00418601 0.0395439 0.050348 0.0354297 0.0267997 0.0242285 0.0236826 0.0237323 0.023861 0.0238868 0.0237918 0.0236282 0.0234531 0.0233122 0.023256  2.83046e+07 9.8071e+06 1.31254e+06 1.68721e+06 599429 322156 80469.2 109245 80438.1 64982.7 4483.68 32344.9 15735.2 13836.2 7221.02 8856.62
7.9052e+06 7.9052e+06 0.00763701 0.0780859 0.514449 0.597351 0.484345 0.398899 0.370282 0.363943 0.36425 0.365248 0.364882 0.363059 0.360502 0.357949 0.355974 0.355202  2.32074e+07 2.05682e+07 7.90228e+06 1.21539e+06 1.55103e+06 633654 360687 100737 144790 104863 82008.1 5846.57 39666.5 18293.5 16152.5 18689.8
1.55818e+06 1.55818e+06 0.00324836 0.034024 0.272133 0.329766 0.248276 0.195746 0.17945 0.176097 0.176546 0.17741 0.17751 0.176765 0.175558 0.174292 0.173284 0.172885  5.21732e+06 4.32658e+06 3.74303e+06 776806 122061 211407 107687 65154.7 18740.3 26990.2 18973 14286.7 996.796 6551.8 2913.41 5534.42
973072 973072 0.00162948 0.017273 0.152959 0.191408 0.138477 0.106372 0.096589 0.0944791 0.0946395 0.095096 0.0951558 0.0947549 0.0940974 0.0934038 0.0928498 0.0926298  1.33216e+08 2.75481e+06 2.31157e+06 1.46812e+06 300236 60580.1 119581 62969.4 37770.1 10574.5 14713 9962.54 7232.35 488.824 3135.67 3967.8
230466 230466 0.000237178 0.0025329 0.0239924 0.0305198 0.0214406 0.0162167 0.0146681 0.0143448 0.0143806 0.0144626 0.014481 0.0144249 0.0143266 0.0142207 0.0141353 0.0141012  2.21229e+07 4.21079e+07 1.38132e+06 1.72062e+06 892806 392890 104468 185702 89390.8 53041.8 16641.8 24025.6 16097.4 11293.2 794.665 11153.4
1.45011e+07 1.45011e+07 0.0076997 0.0781534 0.489564 0.554767 0.455041 0.380609 0.356678 0.352534 0.354012 0.355705 0.355801 0.354304 0.35198 0.349585 0.3477 0.346957  1.49979e+07 1.46151e+07 2.27371e+07 1.11044e+06 1.57031e+06 940875 516965 148130 248116 115291 67159.9 21074.2 29677 19308.9 13247.6 13861
1.53334e+06 1.53334e+06 0.00308609 0.0323032 0.257218 0.310219 0.233679 0.184656 0.169597 0.166643 0.167212 0.168124 0.168279 0.167609 0.166484 0.165293 0.16434 0.163962  7.72297e+07 2.58809e+06 2.36238e+06 1.58177e+06 88143.4 176849 145798 92340.7 27378 44089 19776.4 11123.3 3401.42 4673.16 2973.86 4112
1.18361e+06 1.18361e+06 0.00141862 0.0150399 0.133449 0.16664 0.120355 0.0924912 0.0840644 0.082297 0.0824885 0.0829228 0.0829986 0.0826628 0.0820964 0.0814943 0.0810114 0.0808193  9.39001e+07 4.07671e+07 1.38035e+06 915167 597032 42817.8 98452.7 84258.6 53053.8 15339.7 23893.6 10331.6 5604.81 1660.7 2226.96 3315.24
1.42134e+06 1.42134e+06 0.000900985 0.00958863 0.0879892 0.111083 0.079141 0.0602981 0.0546408 0.0534414 0.0535533 0.053835 0.0538858 0.0536677 0.0532982 0.0529046 0.0525886 0.0524627  1.75567e+07 2.31495e+07 1.08538e+07 1.01264e+06 582521 640078 84798 178550 128354 88766 26011.5 39877 16705 9004.74 2716.61 8983.53
8.44762e+06 8.44762e+06 0.00601669 0.0612856 0.395481 0.445409 0.359819 0.300164 0.282237 0.280094 0.282227 0.28428 0.284816 0.283885 0.282155 0.280282 0.27877 0.278168  3.65661e+07 9.51463e+06 1.11234e+07 5.33357e+06 815335 528714 729219 117332 228688 164628 114258 32883.2 48464.2 19678.9 10451.9 13415.8
1.12078e+06 1.12078e+06 0.00329218 0.0344122 0.270841 0.325571 0.246338 0.195212 0.179467 0.17639 0.176999 0.17796 0.178119 0.177407 0.176218 0.17496 0.173955 0.173556  3.22462e+06 6.26502e+06 1.67381e+06 865079 338181 86213.7 75556.5 125620 22131.5 41451.1 29569 20107.6 5616.1 8016.63 3179.56 3800.16
770643 770643 0.00122463 0.0129973 0.116443 0.145759 0.10484 0.0803842 0.0730127 0.0714705 0.0716424 0.0720271 0.0720985 0.0718099 0.0713189 0.0707955 0.0703752 0.0702079  1.68959e+08 1.70158e+06 3.32982e+06 628412 313895 159835 47024.5 42879.5 70918.4 12184.5 22069.6 15173.3 9950.65 2692.72 3751.46 3207.32
385786 385786 0.00036658 0.00391109 0.0367306 0.0465914 0.0328483 0.0249006 0.0225407 0.0220497 0.0221062 0.0222323 0.0222603 0.0221741 0.0220231 0.0218606 0.0217295 0.0216772  4.84201e+07 4.8621e+07 1.84964e+06 1.50774e+06 539752 357345 189694 90486.3 68419.4 120213 21841.6 37786.7 25721.8 16878.5 4451.26 11485.3
1.46864e+07 1.46864e+07 0.00586852 0.0602708 0.412279 0.477016 0.379809 0.311362 0.289765 0.285868 0.287042 0.288522 0.288689 0.287509 0.285611 0.283631 0.282061 0.281441  7.74879e+07 2.82627e+07 2.62759e+07 1.44473e+06 1.26079e+06 632812 445252 220866 108037 82177.2 149497 27665.5 45241.3 30387 19640.8 18235.5
2.12917e+06 2.12917e+06 0.00252195 0.0265134 0.218918 0.267082 0.198436 0.155359 0.14219 0.139539 0.139963 0.140715 0.140843 0.140278 0.13933 0.138324 0.137519 0.137199  5.20313e+06 1.31176e+07 4.68666e+06 2.41218e+06 121570 174944 118043 87237.1 41045.5 19669.5 14900.1 27123 4934.38 7779.46 5135.02 6310.83
1.04505e+06 1.04505e+06 0.00088801 0.0094479 0.0865009 0.109041 0.0777389 0.0592759 0.0537371 0.0525706 0.0526896 0.0529728 0.0530267 0.0528146 0.0524524 0.0520658 0.0517551 0.0516314  1.00734e+08 2.74963e+06 7.07234e+06 1.99968e+06 1.03053e+06 64462.2 103955 72230.2 52928.7 24271.3 11251.8 8219.19 14434.9 2545.07 3916.79 5658.85
425617 425617 0.00039833 0.00425158 0.0400613 0.0509382 0.035878 0.0271627 0.0245692 0.0240224 0.0240764 0.024209 0.0242363 0.0241406 0.0239751 0.0237976 0.0236547 0.0235977  3.41608e+07 2.80701e+07 1.28475e+06 3.0273e+06 1.32456e+06 904237 126721 179896 126070 83497.9 33705.9 16135.9 11750.6 21283.2 3813.47 14090
5.73684e+06 5.73684e+06 0.00306443 0.0320846 0.255998 0.308994 0.232602 0.183725 0.168732 0.165793 0.166356 0.167261 0.167412 0.166743 0.165622 0.164436 0.163487 0.16311  2.45566e+07 1.73564e+07 1.45875e+07 915858 2.43205e+06 1.19824e+06 1.01222e+06 154275 240403 167808 106287 40135.3 18673.3 13445.6 24305.9 20349.6
1.70014e+06 1.70014e+06 0.00293389 0.0307825 0.249798 0.303709 0.227317 0.178653 0.163661 0.160606 0.161045 0.161863 0.161975 0.161306 0.160208 0.159051 0.158128 0.157762  3.20097e+06 4.17603e+06 3.00194e+06 1.96453e+06 129000 454761 240660 230478 35123.5 56627.6 38740.1 23564.8 8459.73 3820.37 2709.48 8943.42
636586 636586 0.00119223 0.0126613 0.114037 0.143103 0.102737 0.0786517 0.0713926 0.0698628 0.0700177 0.0703855 0.0704502 0.0701648 0.0696827 0.06917 0.0687585 0.0685948  4.4016e+07 1.69082e+06 2.24049e+06 1.22369e+06 795393 66049 263328 143810 136548 20265.6 31581.9 20821 12213.7 4248.34 1872.53 5602.03
244527 244527 0.00032368 0.00345174 0.0322932 0.0408468 0.0288299 0.0218884 0.0198344 0.0194148 0.0194724 0.0195884 0.0196161 0.019542 0.0194099 0.0192673 0.0191519 0.0191058  2.534e+07 2.13938e+07 1.27712e+06 1.73335e+06 654942 672095 84270.5 335941 153224 163061 26127.3 43259.1 27585.2 15547.5 5195.81 9303.52
6.70616e+06 6.70616e+06 0.00409252 0.0425804 0.322515 0.38414 0.295071 0.235941 0.217528 0.213922 0.21462 0.215711 0.215846 0.214955 0.213507 0.211988 0.210781 0.210302  1.97221e+07 1.55233e+07 1.41965e+07 1.1368e+06 1.44958e+06 560151 765743 104984 421780 170607 193824 30333.8 51067 31572.5 17348.3 15920
1.50432e+06 1.50432e+06 0.00275523 0.0289104 0.234921 0.28509 0.213101 0.167543 0.153601 0.150837 0.151329 0.152153 0.152296 0.151688 0.150667 0.149584 0.148717 0.148373  4.81426e+07 3.54403e+06 2.68252e+06 1.72822e+06 158317 228876 103697 167604 23117.8 92450.8 34611.2 39564.7 5981.46 9946.2 6013.77 6217.17
925007 925007 0.0012543 0.0132939 0.117746 0.146518 0.105799 0.0814257 0.0741117 0.0726289 0.0728497 0.0732677 0.0733566 0.0730729 0.0725793 0.0720502 0.0716241 0.0714543  7.30654e+07 2.54286e+07 1.90167e+06 1.09709e+06 698959 80735.9 132123 61879.9 99308.4 13355.4 51668.9 18651.1 20567.9 3013.34 4890.99 5907.35
746054 746054 0.000567888 0.00605447 0.0564683 0.0715741 0.0506311 0.0384312 0.0347915 0.0340253 0.0341027 0.0342892 0.0343268 0.0341907 0.0339563 0.0337054 0.0335034 0.0334229  2.56517e+07 2.51553e+07 7.0874e+06 1.33895e+06 681725 647928 158409 175020 65989.4 135207 18980.4 70729.3 23102 26897.4 3900.46 14236.9
3.4116e+06 3.4116e+06 0.0014459 0.0153025 0.133855 0.165893 0.120395 0.0929671 0.0847283 0.0830738 0.0833379 0.0838174 0.0839185 0.083594 0.0830303 0.0824264 0.0819404 0.0817467  1.07695e+08 1.56501e+07 1.52836e+07 3.81334e+06 1.19237e+06 643096 738073 224536 211561 75521.1 169318 23580.9 84330.7 26072.1 30627 20463
1.9166e+06 1.9166e+06 0.0022944 0.0241875 0.204304 0.251534 0.185367 0.144202 0.131604 0.128981 0.12929 0.129942 0.130035 0.129496 0.128609 0.127672 0.126924 0.126627  4.73183e+06 1.82995e+07 2.78513e+06 2.62932e+06 663716 261464 151174 187957 60776.8 53162.4 18326.8 41404.5 5585.38 19421 5812.55 11320.1
901995 901995 0.000649765 0.0069244 0.0643268 0.0814565 0.0577222 0.0438529 0.0397082 0.0388336 0.03892 0.0391307 0.0391721 0.039016 0.0387482 0.0384619 0.0382316 0.0381399  5.6369e+07 2.50246e+06 9.93417e+06 1.26146e+06 1.2176e+06 373508 162426 96089.9 118131 37183 31447.4 10451.8 22780 2978.12 10108.2 8751.35
368236 368236 0.000400312 0.00427244 0.0402331 0.0511404 0.0360284 0.027282 0.0246798 0.0241319 0.024187 0.0243205 0.0243483 0.0242523 0.0240861 0.0239079 0.0237644 0.0237071  3.53464e+07 1.81519e+07 1.04985e+06 3.19581e+06 822226 794921 240465 186094 97808.3 131389 48807.9 36633.9 11399.1 26161 3497.62 21206.5
3.86025e+06 3.86025e+06 0.00231329 0.0243229 0.201207 0.244977 0.181725 0.142348 0.130421 0.128106 0.128578 0.129325 0.129478 0.12898 0.128118 0.127198 0.126458 0.126164  1.32275e+08 2.15182e+07 1.07206e+07 747360 2.03729e+06 721531 791034 239797 220541 110581 152870 58886.7 41244.4 12369.8 28607.2 26722.1
3.6006e+06 3.6006e+06 0.00462517 0.048045 0.358812 0.427329 0.330423 0.264767 0.243982 0.239699 0.240264 0.241322 0.241365 0.240306 0.238658 0.236952 0.235605 0.235072  2.65526e+07 2.21876e+07 4.0714e+06 1.60711e+06 116410 368233 149805 180739 54928.5 51728.1 24913.2 34132.4 12986.6 8710.57 2547.44 11331.1
1.09992e+06 1.09992e+06 0.000692427 0.00737793 0.0684424 0.0866557 0.0614482 0.0466944 0.0422791 0.0413442 0.0414331 0.0416552 0.0416978 0.0415309 0.0412455 0.0409407 0.0406956 0.0405979  5.12077e+07 1.39921e+07 1.16132e+07 1.32451e+06 493360 49379.1 185369 78921.7 94625.8 27966 25398.3 11763.8 15520 5716.27 3740.56 5843.33
765758 765758 0.000573615 0.00611479 0.0569708 0.0721743 0.0510752 0.0387806 0.0351131 0.0343423 0.0344219 0.0346111 0.0346495 0.0345125 0.0342761 0.034023 0.0338192 0.0337379  3.25563e+07 2.06659e+07 4.76462e+06 3.76363e+06 824264 434210 65357.5 155336 88876.8 107477 32870.9 35089.5 15363.1 20791.5 7935.97 12901.2
5.86651e+06 5.86651e+06 0.00297523 0.0312247 0.253885 0.309196 0.231339 0.181667 0.16633 0.163165 0.163569 0.164371 0.164467 0.163776 0.162655 0.161477 0.160539 0.160167  1.10034e+08 2.06126e+07 1.21089e+07 3.08042e+06 2.33846e+06 811844 479778 83255.8 165751 98366.8 124422 37891.4 41078.4 17455 23401.8 23382.4
1.4414e+06 1.4414e+06 0.0017794 0.0187888 0.161109 0.198475 0.145198 0.112673 0.102854 0.100891 0.101218 0.101795 0.101913 0.101517 0.100834 0.100103 0.0995155 0.0992816  5.99586e+06 1.84683e+07 3.69738e+06 1.66428e+06 464791 414378 180318 111550 20019.8 37096.5 21576.8 27311.2 8107.22 8642.74 3578.62 9516.04
786320 786320 0.000567436 0.00604876 0.0563448 0.0713664 0.050505 0.0383509 0.0347258 0.0339648 0.0340446 0.0342324 0.0342709 0.0341357 0.033902 0.0336518 0.0334502 0.0333698  1.21741e+07 3.17185e+06 1.00649e+07 1.74037e+06 801946 267451 261694 116572 71440.8 12504.7 22438.9 12596.9 15393.3 4430.21 4611.06 6854.3
398110 398110 0.000444085 0.00473974 0.0446361 0.056778 0.0400078 0.0302876 0.0273907 0.0267765 0.0268332 0.0269784 0.0270073 0.0268997 0.0267147 0.0265169 0.0263576 0.0262941  5.83559e+07 7.42168e+06 1.5042e+06 3.29821e+06 1.11836e+06 621839 231966 194804 114626 76017.2 15588 23262.9 13639.1 16940.1 4947.3 13186.6
3.94255e+06 3.94255e+06 0.00317308 0.0332064 0.263868 0.318288 0.240019 0.18974 0.174277 0.171229 0.171792 0.172709 0.172853 0.172156 0.170997 0.169771 0.168793 0.168404  8.3364e+07 2.85754e+07 5.27835e+06 1.21191e+06 2.09412e+06 1.05744e+06 637580 272714 201801 133001 88507.7 18851.2 25718.6 14815.2 18410.4 19809.2
1.85635e+06 1.85635e+06 0.00254269 0.0267538 0.222347 0.272318 0.201946 0.157756 0.144198 0.141402 0.141763 0.142483 0.142585 0.141996 0.141026 0.140003 0.139186 0.138862  4.16011e+06 1.42397e+07 4.94091e+06 730676 180526 347730 219220 138991 62625 43559.6 29164.6 18900.1 3958.04 5155.83 2913.01 7481.05
797413 797413 0.000689905 0.00735277 0.0683413 0.0866196 0.0613818 0.0466143 0.0421925 0.041252 0.0413361 0.041555 0.0415958 0.0414282 0.0411428 0.0408384 0.0405938 0.0404963  3.38255e+07 2.19903e+06 7.69365e+06 2.14506e+06 320482 97764.9 209924 135888 85287.1 37415.5 25161.1 16239 10151.1 2060.04 2619.32 5180.64
192156 192156 0.000219909 0.00234852 0.0222502 0.0282992 0.0198777 0.0150352 0.0136007 0.013302 0.0133359 0.0134125 0.0134298 0.013378 0.0132869 0.0131887 0.0131095 0.0130779  3.51847e+07 1.94658e+07 854336 2.97663e+06 1.08912e+06 335952 121408 165701 154125 97296.2 44877.6 27714 19131.3 12068 2579.28 9235.09
6.0393e+06 6.0393e+06 0.00368987 0.0382043 0.279414 0.325003 0.251539 0.203763 0.189543 0.187471 0.188773 0.190178 0.190578 0.189962 0.188781 0.187489 0.18644 0.186021  1.38561e+08 2.32422e+07 1.24325e+07 612363 2.23572e+06 923323 388799 157508 172433 181263 113040 53486.2 30925.6 21413.8 13350.9 13013.1
2.86232e+06 2.86232e+06 0.00386103 0.0403347 0.315351 0.380788 0.289514 0.229329 0.210406 0.2064 0.206799 0.207698 0.207738 0.206822 0.205391 0.203907 0.202733 0.202269  6.00584e+06 2.30854e+07 3.94032e+06 1.29189e+06 66357.8 325254 156562 77814.8 33258.7 33194.7 35804 21728 10140.8 5628.79 3858.93 4690.99
832379 832379 0.000534284 0.0056964 0.0531503 0.0673483 0.0476262 0.0361494 0.0327271 0.0320084 0.0320837 0.0322612 0.032298 0.0321708 0.0319507 0.0317149 0.0315249 0.0314491  5.47211e+07 3.16938e+06 1.22545e+07 1.45413e+06 465746 31516.4 178084 88791 43713.5 18158.6 17483.9 18145.6 10608.6 4794.36 2596.62 3872.69
119558 119558 0.000106713 0.00114073 0.0109004 0.0139065 0.00973394 0.00734563 0.00663884 0.00649084 0.00650663 0.00654373 0.00655207 0.00652672 0.00648216 0.00643418 0.00639544 0.00637998  4.46692e+07 2.04051e+07 1.31437e+06 4.2407e+06 1.07869e+06 556250 48056.2 242239 100095 62457.8 27370.2 21768 24982 14552.1 6711.17 8932.47
4.08613e+06 4.08613e+06 0.00222961 0.0234928 0.197702 0.242678 0.178993 0.139468 0.127433 0.12499 0.125349 0.126019 0.126133 0.125625 0.124772 0.123867 0.123142 0.122854  3.06466e+07 2.63176e+07 1.18676e+07 971722 2.83032e+06 1.02648e+06 629742 66328.6 312725 117187 78343.8 34503.3 25049.2 28954.7 16618.5 17851.1
1.74912e+06 1.74912e+06 0.0021945 0.0231534 0.196942 0.243047 0.17863 0.138706 0.126496 0.123942 0.124226 0.124849 0.124937 0.124418 0.123564 0.122662 0.121942 0.121656  1.46518e+07 5.6562e+06 4.9763e+06 1.78962e+06 163371 531701 226873 150573 16897.4 77350.5 27326.2 18218 7835.18 5427 6202.2 7285.93
594817 594817 0.000652795 0.00695445 0.0644312 0.0814673 0.0577835 0.0439391 0.0398054 0.0389392 0.0390319 0.0392469 0.0392907 0.0391356 0.0388678 0.0385811 0.0383504 0.0382584  1.16509e+08 7.75034e+06 3.07685e+06 2.29522e+06 848462 93490.7 334445 145781 95614.6 10443.1 46221.5 15743.5 10126.2 4220.73 2853.77 6965.26
1.17429e+06 1.17429e+06 0.00105292 0.0111901 0.101447 0.1275 0.0912749 0.0697748 0.0633142 0.0619585 0.0621018 0.0624339 0.0624954 0.0622445 0.0618176 0.0613626 0.0609972 0.0608517  7.21556e+07 3.66808e+07 2.6988e+06 1.73596e+06 1.16692e+06 608333 96796.6 241435 144995 107027 13213.7 55102.5 17251.4 11587.7 4877.35 10948.1
4.75524e+06 4.75524e+06 0.00174329 0.0184401 0.160409 0.199088 0.144957 0.111974 0.101972 0.0998955 0.100143 0.100668 0.100755 0.100346 0.0996593 0.0989307 0.0983471 0.098115  1.01577e+07 3.67043e+07 2.04991e+07 1.60214e+06 1.36398e+06 1.05187e+06 600088 119094 238961 159754 122207 15945.4 62524.4 18642.8 12579.8 16985.2
2.26723e+06 2.26723e+06 0.00214686 0.0226369 0.191639 0.235718 0.17346 0.134937 0.123205 0.120807 0.121141 0.121785 0.121893 0.121401 0.120575 0.119699 0.118998 0.118719  1.48788e+06 1.77412e+06 6.56379e+06 3.41245e+06 286372 295451 257063 148533 31138.4 57550.5 38660.4 29203.9 3763.35 14284.1 4134.28 6495.98
1.08169e+06 1.08169e+06 0.00140903 0.014936 0.132371 0.165164 0.119333 0.091755 0.0834303 0.0816974 0.0818989 0.0823361 0.0824148 0.0820834 0.081522 0.0809246 0.0804453 0.0802545  1.41581e+08 786876 963562 2.98984e+06 1.58577e+06 161183 183560 163579 93553.8 19107.1 34165.1 22136 16135.7 2015.43 7467.73 5455.67
679745 679745 0.000903183 0.00961679 0.088611 0.112132 0.0797797 0.0606999 0.0549626 0.0537325 0.0538309 0.0541054 0.0541511 0.0539287 0.0535554 0.0531588 0.0528407 0.0527142  3.98078e+07 3.46747e+07 486997 606296 1.34794e+06 917339 135684 173143 150896 93296.6 22523.8 33189.4 23399.7 17330.7 2285.13 13955.8
7.67114e+06 7.67114e+06 0.00424494 0.0441567 0.333725 0.397874 0.306045 0.244721 0.225516 0.221673 0.222313 0.223383 0.223483 0.222537 0.221026 0.21945 0.218199 0.217705  3.62032e+07 2.30853e+07 1.65654e+07 416540 494633 1.1365e+06 907123 157246 199299 175882 106717 27264.5 36223 25695.1 18881.8 17687.1
2.23002e+06 2.23002e+06 0.0034003 0.0355248 0.278424 0.334446 0.253508 0.201081 0.184909 0.181739 0.182352 0.183326 0.183478 0.182739 0.181511 0.180215 0.17918 0.178769  4.73111e+06 6.84188e+06 4.31326e+06 1.90767e+06 55306.9 78126 212479 187465 34076.2 42015.8 36667.1 21461.9 5431.45 6860.66 4808.54 6783.67
1.10541e+06 1.10541e+06 0.00120809 0.0128408 0.116464 0.146761 0.105126 0.0802803 0.0727629 0.0711421 0.0712635 0.0716158 0.0716681 0.0713696 0.0708744 0.0703503 0.0699308 0.069764  2.62046e+08 2.49626e+06 3.63203e+06 1.60112e+06 683177 25921.5 42354.4 119924 105253 18653.9 22237.9 18701.1 10554.8 2587.83 3190.23 5292.02
1.24244e+06 1.24244e+06 0.0010133 0.0107773 0.0983472 0.123985 0.0885467 0.0675512 0.0612334 0.0598905 0.0600124 0.0603241 0.0603781 0.0601323 0.0597178 0.0592769 0.0589231 0.0587824  1.00543e+08 6.42613e+07 1.22308e+06 1.61008e+06 794736 441736 46080.3 58072 130219 120776 25750.8 29587.5 24481.1 13754.4 3601.61 11113
1.08591e+07 1.08591e+07 0.00345775 0.0360421 0.277489 0.330446 0.251843 0.200885 0.185311 0.182453 0.183249 0.184334 0.184551 0.183848 0.182638 0.181348 0.180313 0.179902  3.78343e+07 4.68003e+07 2.91696e+07 919777 1.24046e+06 742488 448878 62887.8 67472.1 144622 138506 30825 33938.4 27534.2 15127.3 16198.2
2.36898e+06 2.36898e+06 0.0019298 0.0203848 0.17524 0.216676 0.158503 0.122799 0.111939 0.10969 0.109969 0.110545 0.110641 0.110191 0.109439 0.108641 0.108002 0.107748  9.09378e+06 6.4256e+06 7.98902e+06 3.38901e+06 125318 211732 153533 97201.9 14628.5 14542.7 30345.9 28897.3 6358.1 6770.88 5394.72 6047.35
1.01719e+06 1.01719e+06 0.000856054 0.00911231 0.0837754 0.105801 0.0753129 0.0573567 0.0519692 0.0508282 0.0509363 0.0512062 0.0512559 0.0510493 0.0506982 0.0503239 0.0500232 0.0499034  1.53477e+08 4.81156e+06 3.50552e+06 3.78646e+06 1.65799e+06 73167 135170 100025 62597.1 9174.27 8823.54 17759.6 16320.9 3480.85 3618.76 6005.95
1.18699e+06 1.18699e+06 0.00106489 0.0113229 0.10307 0.129861 0.0928441 0.0708717 0.0642547 0.0628474 0.0629739 0.063299 0.0633542 0.0630954 0.0626601 0.0621975 0.0618265 0.0616789  3.00323e+07 4.54995e+07 2.20609e+06 1.4466e+06 1.50928e+06 765357 84129.7 136096 108200 71064.2 12847.9 10883.4 20361.1 19066.2 4354.95 11632.6
5.21282e+06 5.21282e+06 0.00187677 0.0198163 0.169806 0.209419 0.153315 0.118949 0.108544 0.106436 0.106751 0.107338 0.107448 0.107022 0.106296 0.105524 0.104904 0.104658  1.08736e+08 1.85251e+07 2.30969e+07 1.44187e+06 982242 1.13672e+06 648982 108021 162533 131356 84614.2 15923.3 12470 22409 20849.7 17583.6
2.1702e+06 2.1702e+06 0.00231194 0.0243521 0.20432 0.250692 0.185148 0.144341 0.131882 0.129336 0.129692 0.130375 0.130485 0.129956 0.129072 0.128135 0.127386 0.127089  7.65928e+06 1.8183e+07 3.28223e+06 3.56094e+06 246165 198140 256265 154424 28295.9 40918.3 32526.1 20290.1 3742.29 2815.74 4936.78 8388.55
1.19664e+06 1.19664e+06 0.000834376 0.00888271 0.0817597 0.103288 0.0734882 0.0559519 0.050693 0.0495797 0.0496856 0.0499493 0.0499982 0.0497969 0.0494544 0.0490892 0.0487958 0.0486789  6.6883e+07 4.04964e+06 9.85022e+06 1.46063e+06 1.60758e+06 135824 121290 160920 96011.6 17137.9 23972.1 18375.6 11059.9 1977.04 1452.09 6745.33
1.12338e+06 1.12338e+06 0.00118076 0.0125521 0.113996 0.143697 0.102875 0.0785429 0.0711898 0.0696082 0.0697295 0.0700758 0.0701278 0.069836 0.0693516 0.0688386 0.0684279 0.0682647  2.78133e+07 2.14636e+07 1.30996e+06 3.3951e+06 783944 856220 120031 97071.1 125689 80380.5 20466.1 26525.7 20516.4 12317 2307.43 9033.02
5.86657e+06 5.86657e+06 0.00425866 0.0439062 0.310592 0.357911 0.280257 0.228866 0.213548 0.211434 0.212964 0.214555 0.215004 0.214313 0.21299 0.211545 0.210373 0.209904  7.11161e+07 1.66137e+07 1.13831e+07 755743 2.08815e+06 672794 784883 138919 104812 134644 87835.1 24572.3 30251.5 22957.8 13525.4 12350.6
1.30964e+06 1.30964e+06 0.00240049 0.0253051 0.213605 0.263305 0.19418 0.151004 0.137729 0.134919 0.135194 0.135844 0.135921 0.135346 0.134413 0.133431 0.132649 0.132338  9.01346e+06 1.18833e+07 2.80184e+06 1.08113e+06 72086 264424 113211 146374 28181.5 20458 25850.5 16622 4664.36 5541.43 4124.18 4580.65
1.26605e+06 1.26605e+06 0.00111727 0.0118776 0.10793 0.13596 0.0972842 0.0742801 0.0673387 0.0658552 0.0659812 0.0663175 0.0663725 0.0660999 0.0656433 0.0651585 0.06477 0.0646155  2.35467e+08 4.76699e+06 6.45083e+06 1.26709e+06 501285 40680.1 164588 72008.3 91960 17221.5 12081.4 14712.9 9124.85 2481.24 2877.33 4438.92
2.51304e+06 2.51304e+06 0.00201197 0.0212865 0.185287 0.230981 0.168367 0.129847 0.118031 0.115463 0.115632 0.116159 0.11621 0.115708 0.1149 0.114053 0.113378 0.113111  1.01681e+08 5.86994e+07 1.75046e+06 2.18206e+06 731776 393909 49603.8 165695 85649.6 104765 23358.3 14929.6 17749 11135 3308.67 9421.98
1.19157e+07 1.19157e+07 0.00399165 0.0415952 0.318896 0.381748 0.292082 0.232734 0.214195 0.210459 0.211049 0.212069 0.21217 0.211273 0.209836 0.208335 0.207143 0.206672  8.86897e+07 4.54447e+07 2.68244e+07 1.03727e+06 1.26506e+06 638317 402172 61782.8 182285 99608.3 120766 27711.2 16780.5 19452.2 12069.2 13895.8
3.87089e+06 3.87089e+06 0.0033112 0.0346859 0.277586 0.336785 0.253603 0.19986 0.183149 0.17967 0.180086 0.180936 0.181018 0.180246 0.179009 0.177715 0.176687 0.176279  6.04207e+06 1.47959e+07 7.76321e+06 3.10793e+06 134589 205498 129676 87438.9 14188 39433.5 21476.9 25448.3 5734.31 3348.41 3799.78 5019.6
1.62105e+06 1.62105e+06 0.00125396 0.0133105 0.119377 0.149589 0.107575 0.082446 0.0748653 0.0732705 0.0734358 0.0738222 0.0738902 0.0735911 0.073086 0.0725487 0.0721177 0.0719462  1.62892e+07 3.19047e+06 7.90737e+06 3.05004e+06 1.20671e+06 67114.6 116666 76038.1 50794.8 8018.49 21522.4 11288.4 12893.4 2814.2 1603.69 4147.14
656820 656820 0.000795776 0.00846892 0.0777453 0.0980114 0.0697825 0.0531894 0.0482263 0.0471899 0.0473051 0.0475655 0.0476179 0.0474297 0.0471055 0.0467586 0.0464795 0.0463683  3.43e+07 1.07286e+07 2.17243e+06 2.37811e+06 1.1676e+06 651606 82414.5 114192 92569.8 62924.7 11281.9 27102 14843.5 16561 3762.57 7421.43
4.24181e+06 4.24181e+06 0.00346075 0.0361588 0.283473 0.340858 0.258432 0.204926 0.188388 0.185113 0.185699 0.186663 0.186799 0.186036 0.18478 0.183457 0.182403 0.181985  5.94203e+07 1.76902e+07 7.21856e+06 1.65896e+06 1.45276e+06 939656 630565 107886 133836 114290 77063.1 14164.8 31782.2 17277.9 18879.4 12685.6
1.51471e+06 1.51471e+06 0.0028615 0.0299882 0.241224 0.291587 0.218736 0.172459 0.158308 0.155548 0.156099 0.156972 0.157132 0.156514 0.155467 0.154354 0.153462 0.153107  7.2032e+06 1.00143e+07 3.154e+06 930823 229390 240488 190258 138332 25480.5 30027.8 25468.9 16688.3 3006.19 6488.63 3466.99 6246.39
986099 986099 0.00127565 0.0135443 0.121725 0.15276 0.109792 0.0840752 0.0763029 0.0746517 0.0748042 0.0751879 0.0752509 0.0749426 0.074426 0.0738778 0.0734385 0.0732638  9.33011e+06 3.80339e+06 5.35683e+06 1.25545e+06 362983 113883 136074 111607 80673.1 14496.3 16530.3 13519.9 8546.34 1491.92 3143.26 4618.3
573227 573227 0.000950818 0.0101149 0.0924906 0.116622 0.0832062 0.0634539 0.0575196 0.0562634 0.0563833 0.0566805 0.0567341 0.0565048 0.0561161 0.055702 0.0553696 0.0552372  6.16616e+07 6.85894e+06 1.4311e+06 1.72998e+06 704416 340734 160155 112114 106259 86340.7 19577.5 20368.2 17093.8 10746.6 1967.15 9718.44
2.49786e+06 2.49786e+06 0.0023735 0.0250199 0.211172 0.260186 0.191867 0.149246 0.13617 0.133421 0.133711 0.134365 0.134446 0.133881 0.132959 0.131989 0.131215 0.130908  2.66609e+07 2.89653e+07 4.85571e+06 903721 1.08113e+06 695928 382725 205644 123120 122069 100701 23828.8 23363.7 19289.7 11941.7 12882.7
1.91578e+06 1.91578e+06 0.00287073 0.0301579 0.247236 0.301989 0.225258 0.176482 0.161409 0.15826 0.158621 0.159386 0.159472 0.158799 0.157708 0.156563 0.155652 0.155291  4.61129e+07 4.62668e+06 5.16872e+06 758613 148915 209443 167509 94387.6 52286.2 29433.5 28881.7 23291 5413.27 5121.66 4147.55 5260.2
1.23567e+06 1.23567e+06 0.00143217 0.0151913 0.13535 0.169441 0.122223 0.0937924 0.0851777 0.0833471 0.0835162 0.0839401 0.0840068 0.0836608 0.083084 0.0824726 0.0819831 0.0817885  5.89036e+07 2.43667e+07 2.4902e+06 2.16501e+06 319051 78471 123887 101876 56809.2 30619.4 16653.2 15743.7 12242.4 2756.71 2545.62 4591.27
1.10425e+06 1.10425e+06 0.000930716 0.00990327 0.0907305 0.114492 0.0816252 0.0622136 0.0563812 0.0551436 0.0552583 0.0555482 0.0556001 0.0553749 0.0549936 0.0545876 0.0542616 0.0541318  3.56686e+07 2.2266e+07 6.71091e+06 1.06037e+06 972143 257967 74043.3 91830.2 117292 65402.9 38337.7 18275.7 17693.9 13924.7 3290.02 8254.2
5.27891e+06 5.27891e+06 0.00293766 0.030826 0.250398 0.30462 0.227938 0.179085 0.16403 0.160953 0.161382 0.162194 0.162302 0.161628 0.160526 0.159366 0.158441 0.158074  2.78821e+07 1.8185e+07 1.25294e+07 3.36146e+06 838217 862401 282771 88631.8 96165.1 142192 76679.6 44992.2 20255.5 19306.3 14984.4 12392.7
1.86244e+06 1.86244e+06 0.00314284 0.0329956 0.268865 0.328623 0.245913 0.192799 0.176247 0.172697 0.172995 0.173757 0.173805 0.173043 0.171841 0.170589 0.169596 0.169204  2.65452e+07 4.78671e+06 3.17016e+06 1.69567e+06 464331 165509 191140 66554.1 21339.8 21772.6 33034.3 17134.4 9810.93 4250.78 3977.01 5569.3
1.60835e+06 1.60835e+06 0.00220692 0.0232956 0.1989 0.246021 0.180608 0.14005 0.127613 0.124972 0.125221 0.125826 0.125901 0.12537 0.124504 0.123593 0.122866 0.122578  1.12193e+08 1.40257e+07 2.57247e+06 1.30714e+06 703100 243114 97435.5 115579 39769.5 12391.5 12203.2 17826.5 8912.08 4942.77 2089.93 4607.81
1.13675e+06 1.13675e+06 0.00129166 0.0137196 0.123688 0.155537 0.111682 0.0854285 0.0774821 0.0757769 0.0759134 0.0762908 0.0763472 0.0760297 0.0755029 0.0749453 0.074499 0.0743216  2.72589e+07 2.80616e+07 3.84564e+06 697245 509416 434693 146882 114348 121989 45523.1 15352.8 13138.3 21747 10601.8 5909.83 7900.55
5.05719e+06 5.05719e+06 0.0030388 0.0317185 0.247161 0.294475 0.22318 0.177665 0.163916 0.161492 0.162303 0.163347 0.163595 0.163004 0.161946 0.160806 0.159888 0.159521  4.80041e+07 2.13475e+07 1.34817e+07 1.91026e+06 434813 422342 441420 152400 146210 147654 54788.1 18525.7 14797.7 24604.7 11721.1 15113.1
2.22249e+06 2.22249e+06 0.00332478 0.0349004 0.283844 0.347488 0.260416 0.204115 0.186448 0.182566 0.182786 0.183525 0.183533 0.182703 0.181421 0.180094 0.179046 0.178631  2.72763e+06 8.56777e+06 4.21636e+06 1.68341e+06 233120 72778.5 83836.3 96827.7 33920.8 33968.2 33081.2 11912.1 3928.76 3015.66 4960.49 5317.95
1.37781e+06 1.37781e+06 0.00187521 0.0198457 0.173269 0.215915 0.15712 0.121124 0.110118 0.107751 0.107938 0.108453 0.108516 0.108056 0.107306 0.106517 0.105887 0.105637  1.5791e+07 1.44124e+06 4.60304e+06 1.7302e+06 697287 122342 42917.1 50694 57772 19644.6 18972.5 17780.2 6168.9 1970.36 1475.83 4939.9
781648 781648 0.00125574 0.0133412 0.120524 0.151649 0.108797 0.0831774 0.0754261 0.0737618 0.0738942 0.0742622 0.0743177 0.074009 0.0734963 0.0729534 0.0725188 0.072346  3.30052e+07 1.71049e+07 652981 1.70108e+06 1.12113e+06 348783 85424.1 36080.4 50382 67738.4 22282.8 25201.4 22420.2 7739.49 2517.19 7947.3
5.00892e+06 5.00892e+06 0.00329446 0.0345347 0.277902 0.338099 0.254161 0.199969 0.183097 0.17954 0.179906 0.180724 0.180786 0.180003 0.178759 0.177462 0.176433 0.176026  2.61676e+07 2.08163e+07 1.20358e+07 487998 1.22909e+06 1.25254e+06 344627 94718 41955.5 58916.4 81289.1 26234.2 29943.9 25621.7 8703.41 11618.9
1.19833e+06 1.19833e+06 0.00190952 0.0202122 0.176682 0.220433 0.160375 0.123566 0.112296 0.109853 0.110023 0.110534 0.110589 0.110115 0.109348 0.108542 0.107899 0.107645  7.85048e+06 4.44727e+06 3.63076e+06 1.63193e+06 76935 230394 296604 79965.4 22326.6 9783.71 13375.9 18118.4 5662.97 6340.43 5289.53 4129.58
751842 751842 0.00122346 0.0130004 0.117626 0.148058 0.106149 0.081124 0.0735567 0.071933 0.0720633 0.0724236 0.0724789 0.0721784 0.0716786 0.071149 0.0707251 0.0705565  1.454e+07 4.15633e+06 2.43885e+06 1.7969e+06 850470 47192 152593 199144 52881.2 14349.6 6076.44 8008.01 10464.6 3169.85 3464.47 5056.95
368537 368537 0.000645017 0.00687698 0.0641348 0.0813865 0.0575954 0.0437001 0.0395422 0.0386564 0.0387336 0.0389381 0.0389761 0.0388188 0.0385512 0.0382657 0.0380363 0.0379449  1.42597e+07 1.43093e+07 1.42939e+06 879486 874289 623730 51771.4 128628 230419 50705.4 15423.1 6671.08 8872.87 11789.1 3525.45 9595.19
3.08293e+06 3.08293e+06 0.00235478 0.0247997 0.207798 0.254935 0.188404 0.146922 0.134251 0.131658 0.132015 0.132703 0.132811 0.132269 0.131368 0.130414 0.129652 0.129349  1.45447e+07 8.76055e+06 1.05119e+07 953130 631457 760190 668439 68950 148484 291907 59890.4 18287 7740.65 10018.2 13134 14504.4
780833 780833 0.00189466 0.0200519 0.175083 0.218251 0.158834 0.122434 0.111302 0.108902 0.109084 0.109599 0.109659 0.109192 0.108434 0.107635 0.106999 0.106746  2.39895e+06 2.56945e+06 1.58572e+06 1.62143e+06 158754 123921 168305 161388 17571.1 35741.8 70570.5 13820.3 4107.8 1691.52 2140.94 5827.22
582959 582959 0.00138973 0.0147371 0.13103 0.163737 0.118164 0.0907624 0.0824816 0.0807448 0.0809318 0.0813575 0.0814315 0.0811018 0.0805458 0.0799547 0.0794806 0.079292  8.02571e+07 1.27003e+06 1.40854e+06 782483 840923 96985.3 81826.3 112736 106519 11274.2 22164.7 42189.8 7971.27 2296.29 923.044 4265.74
568867 568867 0.00103505 0.0110079 0.100391 0.126561 0.0904139 0.0689815 0.062528 0.0611538 0.0612756 0.061592 0.0616459 0.0613942 0.0609706 0.0605204 0.0601592 0.0600156  4.93216e+07 2.30564e+07 877493 586823 378311 578960 82384.3 63976.4 95593.8 107562 13118.6 22652.6 45837 8238.55 2414.06 5451.37
4.00599e+06 4.00599e+06 0.00310843 0.0318936 0.218814 0.244724 0.192001 0.159013 0.150159 0.149946 0.151914 0.15364 0.154342 0.154076 0.153253 0.152275 0.151451 0.151116  4.61049e+07 2.43661e+07 1.1816e+07 728590 463884 357915 639628 102946 73658.1 108064 126792 16053.3 25733.6 51586.1 9046.79 8567.3
1.70547e+06 1.70547e+06 0.00298233 0.0313213 0.256075 0.312829 0.233662 0.18312 0.167437 0.16412 0.164456 0.165222 0.165294 0.164586 0.163451 0.162263 0.161319 0.160945  4.70761e+06 7.77154e+06 4.08954e+06 1.04787e+06 70779.2 58808.9 58934.9 119654 20476.9 14127.9 20359.6 23798.3 2973.48 4586.62 9057.72 3039.46
874126 874126 0.00111739 0.0118615 0.106486 0.13323 0.0957115 0.0733735 0.0666616 0.0652727 0.0654459 0.0658093 0.0658826 0.0656235 0.0651772 0.0646998 0.0643158 0.0641628  1.03342e+08 2.48746e+06 4.17996e+06 1.70089e+06 437740 37169.7 34691.9 35726.8 71734.1 11938.1 7954.77 11041.6 12443.1 1506.12 2267.35 5881.31
547660 547660 0.000736535 0.00784898 0.0728815 0.0923898 0.0655073 0.0497509 0.0450258 0.0440158 0.0441007 0.0443308 0.044372 0.0441919 0.0438869 0.0435619 0.043301 0.0431971  4.04784e+07 2.92312e+07 985922 1.50052e+06 722553 315669 68127.4 46538.5 48750.7 100544 17411.9 10635 14526.9 16626.7 2100.39 10818.2
3.37288e+06 3.37288e+06 0.00188645 0.0199116 0.170139 0.209531 0.153542 0.119229 0.108848 0.10676 0.107091 0.107689 0.107805 0.107381 0.106655 0.105882 0.105261 0.105013  1.90765e+07 1.90811e+07 1.46041e+07 693332 1.06911e+06 639518 360708 99100.1 63077.4 64077.1 128942 22333.9 12976.7 17010.3 19180.8 14771.4
1.24544e+06 1.24544e+06 0.00194806 0.0205581 0.175371 0.215973 0.158389 0.123014 0.112283 0.110107 0.110433 0.11104 0.111153 0.110712 0.109962 0.109164 0.108524 0.108269  1.07347e+07 3.24767e+06 3.37578e+06 2.22904e+06 120949 215528 148756 91179.3 26085.6 15973.8 15832.8 30903 5197.06 2915.94 3734.78 7354.75
715584 715584 0.00122013 0.012961 0.116964 0.147001 0.10548 0.0806837 0.0731932 0.0715974 0.0717393 0.0721057 0.0721655 0.0718693 0.0713734 0.0708471 0.0704253 0.0702576  5.08714e+07 5.67814e+06 1.76754e+06 1.56813e+06 1.05923e+06 69039.3 135291 95568.3 57992.9 16171.3 9584.87 9166.13 17268.2 2815.19 1542.05 5755.59
451865 451865 0.000877573 0.00934319 0.0860291 0.108777 0.0773999 0.0589082 0.0533516 0.0521656 0.0522674 0.0525385 0.0525859 0.0523717 0.0520103 0.0516256 0.0513169 0.051194  2.69994e+07 1.34889e+07 1.76323e+06 565972 548371 467353 56391.1 97766.6 79125.7 59208.7 18967.4 10387.2 9961.01 18435.8 3038.86 7625.82
3.47298e+06 3.47298e+06 0.00489945 0.0494633 0.301671 0.326593 0.265556 0.226152 0.216138 0.216898 0.220175 0.222851 0.223959 0.223647 0.222525 0.221168 0.220018 0.21955  2.51086e+07 1.24678e+07 6.71781e+06 1.02447e+06 371126 414585 408980 68347.6 108111 89660.7 69950.5 22794.7 11968.2 11089.8 20003.7 11459.3
1.69432e+06 1.69432e+06 0.00684323 0.0701743 0.473217 0.550424 0.441959 0.362369 0.336167 0.330613 0.331191 0.332356 0.332202 0.330643 0.328361 0.326047 0.324241 0.323533  1.61819e+07 4.24902e+06 2.00478e+06 435185 59314.1 32936.9 50757 59679.2 11597.9 17659.8 14700.6 11409.4 3644.99 1849.7 1680.97 4697.91
1.14065e+06 1.14065e+06 0.00285956 0.0300906 0.249955 0.307468 0.228375 0.178078 0.162374 0.158927 0.15914 0.159826 0.159865 0.159161 0.158051 0.156895 0.155978 0.155615  5.51801e+07 8.5008e+06 2.15373e+06 486481 93306.7 19718 13821.9 22674.1 26553.2 5006.81 7328.78 5850.85 4364.16 1348.07 667.022 2255.93
633633 633633 0.00103468 0.0109965 0.0997269 0.125325 0.0896935 0.0685523 0.0621918 0.0608535 0.0609936 0.061321 0.0613828 0.0611373 0.0607187 0.0602721 0.0599133 0.0597704  4.15446e+07 1.73598e+07 2.81044e+06 639775 218364 112734 42674.5 24014 33279.3 43379.8 10237.3 13718.3 11215.3 8629.57 2710.98 5758.51
3.5079e+06 3.5079e+06 0.00267992 0.0281775 0.232734 0.284647 0.211636 0.165554 0.151376 0.14844 0.148807 0.149549 0.149647 0.149025 0.148005 0.146931 0.146075 0.145735  2.75008e+07 2.16803e+07 9.28271e+06 1.66147e+06 445602 214279 146082 61094.2 32707.5 42864.3 55476.8 13352.3 17059 13485 10211.5 9909.49
1.27549e+06 1.27549e+06 0.00219049 0.0231071 0.196275 0.242019 0.177937 0.138209 0.126045 0.1235 0.123789 0.124416 0.124508 0.123995 0.123146 0.122248 0.121531 0.121247  1.12655e+07 4.74376e+06 3.78758e+06 1.32778e+06 258781 87332.3 49842.9 36806.3 15583.6 8059.32 10223.8 12896 3025.84 3736.04 2892.85 4251.84
789733 789733 0.00126607 0.0134384 0.120467 0.150943 0.108569 0.0832072 0.075547 0.0739304 0.074094 0.0744825 0.0745505 0.0742486 0.073739 0.073197 0.0727622 0.0725892  3.56915e+07 5.95878e+06 2.57935e+06 1.74059e+06 626017 147411 54720.8 31905.4 23282.8 9595.08 4798.33 5869.11 7142.55 1624.24 1957.67 3675.48
310046 310046 0.000557617 0.00594895 0.0557982 0.0709402 0.0500825 0.0379409 0.0343096 0.0335332 0.0335982 0.0337755 0.0338086 0.0336723 0.03344 0.0331922 0.0329929 0.0329135  3.68221e+07 1.17254e+07 1.79958e+06 874049 703334 338410 126942 46973.6 31970.5 26888.7 11721.4 5669.23 6745.13 8261.59 1901.26 6498.87
3.89848e+06 3.89848e+06 0.00445144 0.0461387 0.339179 0.399659 0.310087 0.249941 0.231256 0.227785 0.228698 0.229945 0.230137 0.22922 0.227701 0.2261 0.224825 0.224319  1.14904e+07 1.64818e+07 6.37454e+06 1.07314e+06 631180 585710 337028 155705 56293.8 39164 33409.9 14453.5 6750.47 7724.11 9283.84 9373.8
1.56453e+06 1.56453e+06 0.00458623 0.047773 0.364391 0.438645 0.3371 0.268269 0.246212 0.241333 0.241584 0.24246 0.242389 0.241256 0.239559 0.237823 0.236459 0.235922  8.64519e+06 1.95125e+06 2.78753e+06 669175 114425 94044.7 104557 67667.2 33269.8 11672.6 7993.95 6660.85 2795.03 1263.66 1412.8 3365.04
794266 794266 0.0022735 0.0239925 0.204394 0.252754 0.185733 0.144062 0.13124 0.128496 0.128734 0.129345 0.129416 0.128867 0.127975 0.127039 0.126292 0.125996  7.01093e+07 4.55952e+06 1.02855e+06 962038 223854 51887.6 49737.6 57330.4 36685.2 17491.9 5909.32 3888.7 3118.75 1266.57 558.601 2071.93
647869 647869 0.0013339 0.0141662 0.127539 0.160359 0.115217 0.0881459 0.0799356 0.078165 0.0782985 0.0786833 0.0787388 0.0784099 0.0778661 0.077291 0.0768309 0.076648  6.06772e+07 1.82107e+07 1.44734e+06 313349 330256 177333 55815.2 52368.7 59128.2 44512.3 24701.8 8055.72 5369.19 4347.77 1764.63 3633.56
3.7079e+06 3.7079e+06 0.00342178 0.0352254 0.247236 0.280704 0.21931 0.18014 0.169094 0.168193 0.169967 0.171619 0.172225 0.17182 0.170841 0.169719 0.168788 0.168413  4.12767e+07 2.7283e+07 8.83965e+06 842002 222344 268163 195535 71147.1 63881.4 69269 53563.2 30177.1 9530.47 6169.34 4911.7 6017.97
1.38477e+06 1.38477e+06 0.00223529 0.0234992 0.194214 0.236068 0.175078 0.13719 0.125717 0.123508 0.123991 0.124737 0.124903 0.124434 0.123609 0.122724 0.122012 0.121728  4.11561e+07 7.54807e+06 4.54325e+06 835196 79231.9 30508.5 44003.8 37297.4 14584 12811.8 13493.1 10366.4 5724.75 1753.8 1112.14 1940.99
1.12576e+06 1.12576e+06 0.00122549 0.0130168 0.117384 0.14748 0.105845 0.0809676 0.0734412 0.0718331 0.0719739 0.0723418 0.0724024 0.0721059 0.0716088 0.0710811 0.0706582 0.07049  2.47994e+07 2.17464e+07 4.06883e+06 1.9424e+06 354467 41579.6 17979.8 26778 22558.2 8613.3 7330.1 7451.27 5526.26 2958.61 884.89 1512.09
475752 475752 0.000464677 0.00496011 0.0467533 0.0595204 0.0419303 0.0317271 0.0286802 0.0280293 0.0280843 0.0282337 0.0282624 0.028149 0.027955 0.0277477 0.027581 0.0275145  2.50213e+07 1.01572e+07 6.02349e+06 1.43485e+06 779295 268788 60377.6 25546.6 30031.9 31449.4 12658.9 10319.6 10002.8 7592.13 4065.93 3277.19
4.569e+06 4.569e+06 0.00430758 0.044537 0.321617 0.374759 0.291944 0.236808 0.220029 0.2173 0.218536 0.219959 0.220288 0.2195 0.218097 0.216592 0.21538 0.214898  2.1737e+07 1.20976e+07 6.58051e+06 3.2492e+06 1.10572e+06 662675 309687 82446.7 34566.5 36672.8 39434.6 15959.2 12462.4 11617.4 8696.77 8358.85
1.58754e+06 1.58754e+06 0.00509259 0.0528052 0.388419 0.461834 0.359431 0.288795 0.266133 0.261303 0.261759 0.262786 0.26275 0.261552 0.259739 0.257878 0.256415 0.255839  6.07199e+06 3.65028e+06 2.08337e+06 727844 306921 163734 116683 63555.1 17702.9 7284.36 7344.82 7772.08 3076.79 2326.01 2113.55 3068.03
834676 834676 0.00234943 0.0248008 0.211693 0.262362 0.192751 0.149356 0.135958 0.133042 0.133238 0.133836 0.133887 0.133305 0.132376 0.131404 0.13063 0.130324  4.07591e+07 3.19852e+06 1.9022e+06 649778 213239 126509 80660.4 60172.2 32525.6 8797.12 3486.53 3377.76 3439.82 1317.77 971.753 2124.85
290935 290935 0.000781405 0.00832539 0.0771549 0.0977676 0.0693807 0.0527136 0.0477092 0.0466372 0.0467249 0.0469668 0.0470092 0.0468178 0.0464944 0.0461501 0.0458737 0.0457637  1.37362e+07 1.12357e+07 1.11617e+06 527834 292720 227858 112585 88905.3 68580.4 47657.3 13767.7 5329.14 4825.95 5086.89 1983.57 4583.55
2.70039e+06 2.70039e+06 0.00401179 0.0414546 0.298401 0.345771 0.269183 0.218841 0.203795 0.201611 0.203001 0.204489 0.204902 0.204233 0.202962 0.201577 0.200454 0.200005  2.47482e+07 7.91038e+06 5.73957e+06 732044 357218 290677 288714 135447 112896 84801.6 60899.1 17438.5 6553.95 5655.77 5886.91 7526.64
1.14195e+06 1.14195e+06 0.00501436 0.0521308 0.39118 0.46957 0.363308 0.290096 0.266394 0.261051 0.261221 0.262079 0.261941 0.260684 0.258838 0.256961 0.255492 0.254915  2.53424e+06 4.16045e+06 1.38739e+06 584736 76519 49445.8 53630.8 59728.4 27810.5 23314.6 17017.6 12064.7 3353.61 1222.75 1027.84 2406.93
861563 861563 0.00306859 0.032263 0.265997 0.326858 0.243608 0.190267 0.173557 0.169864 0.170058 0.170757 0.170775 0.170009 0.168817 0.16758 0.166602 0.166215  4.79567e+06 1.336e+06 2.18258e+06 457757 185662 33551.8 25501.3 28717.4 31603.5 14255.9 11497.1 8057.79 5495.83 1478.08 525.645 1448.5
193120 193120 0.000718673 0.00766023 0.0712584 0.0903996 0.0640488 0.0486128 0.0439792 0.0429843 0.0430638 0.0432871 0.0433268 0.0431506 0.0428526 0.0425352 0.0422803 0.0421788  1.03496e+07 6.60378e+06 584808 679738 236694 152342 47963.2 27111.9 36646 45132 19658.9 16332.9 11494.8 8073.86 2145.8 2840.82
2.71887e+06 2.71887e+06 0.00498096 0.0515213 0.372311 0.437923 0.342257 0.27674 0.256098 0.252106 0.252949 0.254193 0.254315 0.253251 0.251551 0.249778 0.248373 0.247817  8.9005e+06 7.39272e+06 4.74064e+06 409458 478154 246017 187696 65940.8 34452.5 46715.8 56764.3 23878.8 19378.2 13258.5 9177.43 5594.09
659424 659424 0.00331334 0.0347939 0.283858 0.348035 0.260545 0.203968 0.186152 0.182186 0.182363 0.183081 0.183078 0.182245 0.180963 0.179637 0.17859 0.178177  2.3189e+06 1.7537e+06 1.30897e+06 484076 43167.6 66426.6 46714.3 39592.3 14202.4 7094.38 9422.39 11110.1 4501.12 3553.57 2375.3 2610.47
613697 613697 0.00302927 0.0318504 0.262696 0.322682 0.240415 0.187777 0.1713 0.167673 0.167881 0.168584 0.16861 0.167859 0.166685 0.165465 0.164499 0.164117  2.59659e+07 1.22542e+06 943108 541625 202901 22857.7 39410.9 28365.4 23695.9 8246.5 3971.91 5075.76 5766.33 2262.35 1742.87 2401.34
278723 278723 0.000969274 0.0103161 0.0946955 0.119697 0.085293 0.0649453 0.0588107 0.0574904 0.0575929 0.0578849 0.0579329 0.0576946 0.0572954 0.0568715 0.0565316 0.0563964  1.91611e+07 8.2233e+06 703280 426145 395471 208869 31253 38695 36174.6 33464.4 12006.1 5394.06 6915.47 7832.39 3028.53 5557.72
1.53166e+06 1.53166e+06 0.00207815 0.0219339 0.187205 0.231064 0.169541 0.131572 0.119995 0.117593 0.117885 0.118493 0.118588 0.118103 0.117295 0.11644 0.115756 0.115484  1.42508e+07 1.14413e+07 4.98091e+06 621574 367473 434066 243606 41744.1 45671.6 45970 42470.6 14959.9 6459.31 8020.18 8882.15 9594.97
906193 906193 0.00277173 0.029146 0.240855 0.295054 0.219429 0.171521 0.156697 0.153562 0.15388 0.154609 0.154687 0.15403 0.152968 0.151856 0.15097 0.150619  1.47192e+06 2.52022e+06 2.11384e+06 829875 119682 79587.4 107819 61610.5 10932.4 11292.4 11396.2 10270.3 3501.86 1462.21 1776.67 4027.18
627328 627328 0.0019814 0.0209659 0.182714 0.227817 0.165961 0.127938 0.116262 0.113716 0.11388 0.114401 0.114454 0.113961 0.113166 0.112332 0.111668 0.111405  3.43101e+07 777983 1.35971e+06 904307 358882 64346.1 47771.2 66376.1 37494.5 6470.85 6456.92 6278.01 5455.61 1802.26 734.489 2860.54
466901 466901 0.00152975 0.0162247 0.144378 0.180888 0.130594 0.100205 0.0909642 0.088976 0.0891317 0.0895669 0.089627 0.0892513 0.0886326 0.0879791 0.0874567 0.0872492  2.15516e+07 1.13299e+07 366659 528308 434397 208684 61948.7 44790.6 81397.5 44321.1 8064.69 7214.26 7348.22 6391.47 2085.32 4100.02
2.78767e+06 2.78767e+06 0.00420516 0.043 0.286872 0.320992 0.254951 0.212013 0.200035 0.199371 0.201626 0.20364 0.204385 0.203926 0.202788 0.201479 0.200392 0.199953  9.32553e+06 1.00105e+07 6.77111e+06 277444 371947 391032 218488 77344.3 52550.3 99957 52460.1 9591.62 8091.81 8170.32 6981.93 6657.29
1.02013e+06 1.02013e+06 0.00453954 0.0472986 0.361525 0.435395 0.334309 0.265885 0.243943 0.239075 0.239319 0.240191 0.240126 0.239006 0.237326 0.235606 0.234255 0.233723  2.65449e+06 1.67476e+06 1.65819e+06 620453 26169.8 43608.6 61648.6 39604.3 15071 9900.7 18883.1 9573.01 1713.89 1391.47 1384.86 2278.99
807039 807039 0.00422504 0.0440826 0.340915 0.411346 0.314274 0.249325 0.228622 0.224079 0.224369 0.225245 0.225225 0.224198 0.222633 0.221021 0.219751 0.21925  2.70813e+07 1.40008e+06 883355 575563 208986 11920.3 23132.2 33878.2 21512.3 7938.61 5021.98 9204.08 4491.41 778.251 616.376 1592.84
310233 310233 0.000977605 0.0104009 0.0951707 0.120097 0.085672 0.0653 0.0591623 0.0578501 0.0579627 0.0582623 0.0583141 0.0580765 0.0576761 0.0572501 0.0569083 0.0567723  1.85504e+07 1.02899e+07 1.16422e+06 290418 203757 182841 21424.3 30986.5 46084.7 28760.7 12099.4 7406.08 14220.9 6751.18 1172.4 3249.22
3.71242e+06 3.71242e+06 0.00433053 0.0449639 0.335028 0.396904 0.306621 0.246182 0.227315 0.223673 0.224454 0.225616 0.225769 0.224847 0.223342 0.221762 0.220506 0.220008  2.80608e+07 1.5991e+07 6.58741e+06 1.09166e+06 255320 202316 235297 31180.1 40271.7 59772.3 36991.1 15494.9 9111.37 17121.9 7939.93 5138.55
789421 789421 0.001576 0.0166989 0.147383 0.183933 0.133175 0.102436 0.0930944 0.0911115 0.0913008 0.0917645 0.0918372 0.0914594 0.09083 0.0901632 0.0896294 0.0894172  3.07081e+07 4.89073e+06 3.22502e+06 797256 150718 44006.6 40529 52342 7129.93 8737.57 12724 7671.27 3125.84 1777.02 3273.58 2458.96
778976 778976 0.00108967 0.0115775 0.10471 0.131497 0.0942213 0.0720584 0.0653832 0.0639771 0.0641226 0.0644648 0.0645282 0.0642694 0.063829 0.0633597 0.0629827 0.0628326  3.63076e+07 1.62608e+07 2.68857e+06 1.6352e+06 425853 93702.8 29428.6 27475.9 34985.7 4637.27 5497.11 7722.19 4493.52 1775 985.15 3122.86
